-0.119427055
-0.1107316
-0.10447739
-0.10031623
-0.096426475
-0.093715375
-0.09113837
-0.088954695
-0.08670264
-0.08516229
-0.08287557
-0.080983905
-0.07917622
-0.07807855
-0.07585834
-0.07399902
-0.07175966
-0.07107401
-0.070335225
-0.06963627
-0.068840475
-0.06828236
-0.06808625
-0.06699555
-0.065909145
-0.065099295
-0.06404406
-0.06287607
-0.062473345
-0.061368745
-0.06019392
-0.058935735
-0.05826525
-0.05758564
-0.056971105
-0.05686096
-0.05658334
-0.05633106
-0.055655055
-0.055106
-0.054268765
-0.053679865
-0.052805655
-0.052343245
-0.05166032
-0.05161221
-0.050707975
-0.04989839
-0.04909832
-0.04894397
-0.04853279
-0.04830419
-0.04792382
-0.047344575
-0.04730653
-0.04710619
-0.04686197
-0.046354705
-0.04590247
-0.045507845
-0.04585579
-0.04568205
-0.045550685
-0.04534049
-0.04489946
-0.04477714
-0.044722635
-0.044925665
-0.044435625
-0.043920455
-0.044359465
-0.043867015
-0.044215485
-0.043794165
-0.04360066
-0.042772645
-0.04275392
-0.042728425
-0.042168785
-0.04179508
-0.04123159
-0.041117945
-0.040696215
-0.04039886
-0.0401168
-0.039576885
-0.03929637
-0.039281435
-0.039016575
-0.039190425
-0.038811595
-0.03913016
-0.03887954
-0.038811325
-0.038941905
-0.038535015
-0.038661445
-0.038090575
-0.03853066
-0.03824418
-0.03823956
-0.038179285
-0.038085875
-0.03826135
-0.038388315
-0.037901745
-0.037947705
-0.037650245
-0.037672305
-0.037555915
-0.03740454
-0.03719987
-0.03714097
-0.03681174
-0.037065695
-0.036748985
-0.03663016
-0.03643074
-0.03639612
-0.036599605
-0.036550545
-0.036241235
-0.036092345
-0.03585977
-0.03528787
-0.035057845
-0.034746685
-0.03402905
-0.03380803
-0.033248165
-0.033125485
-0.03298837
-0.03263045
-0.032491405
-0.032556425
-0.031985225
-0.03185136
-0.03152767
-0.031443985
-0.03135006
-0.031159395
-0.031155615
-0.031271345
-0.03124651
-0.030822045
-0.030864375
-0.030714665
-0.03086712
-0.029961685
-0.03042565
-0.03052562
-0.03017681
-0.029985175
-0.029311805
-0.029708385
-0.02937172
-0.029318535
-0.02960916
-0.02892872
-0.02916177
-0.02922504
-0.02888182
-0.02924469
-0.02880885
-0.028410905
-0.028125155
-0.02851739
-0.027719545
-0.027457805
-0.027096635
-0.027381885
-0.02696679
-0.02663838
-0.02673743
-0.02664077
-0.026805085
-0.027130485
-0.02623433
-0.02665721
-0.026406795
-0.026335495
-0.02608235
-0.02608884
-0.02645913
-0.025814995
-0.02575525
-0.025617535
-0.025469605
-0.025138285
-0.024960015
-0.02487384
-0.02497043
-0.02487724
-0.024592055
-0.024749435
-0.02424371
-0.024562225
-0.024343345
-0.024207175
-0.02407586
-0.024085395
-0.024053225
-0.023889845
-0.023834025
-0.02383112
-0.023387105
-0.02354404
-0.023623545
-0.023283465
-0.022821225
-0.022988875
-0.02242889
-0.021801365
-0.022046435
-0.022033065
-0.021122065
-0.02137781
-0.021691095
-0.0214265
-0.021172595
-0.021027635
-0.020895985
-0.02125753
-0.020989265
-0.02109752
-0.02053317
-0.0210294
-0.020814225
-0.02107041
-0.02080435
-0.020944675
-0.021014025
-0.020730685
-0.020419065
-0.02027668
-0.02057927
-0.02018732
-0.02051291
-0.020415775
-0.019984925
-0.01988794
-0.01998885
-0.019798645
-0.019607605
-0.01977953
-0.019841965
-0.02000155
-0.019702745
-0.01954245
-0.01949621
-0.019307835
-0.019450945
-0.0195211
-0.0192698
-0.019158845
-0.01901745
-0.019010845
-0.01928567
-0.01930118
-0.01933777
-0.0191349
-0.01938185
-0.019051685
-0.019370995
-0.018919465
-0.019208985
-0.01932201
-0.01886004
-0.018979435
-0.01911052
-0.018756425
-0.018957485
-0.019107045
-0.01883437
-0.01902241
-0.018938765
-0.018721145
-0.01909776
-0.018897275
-0.01920255
-0.01881328
-0.018816915
-0.01859799
-0.018435315
-0.01834003
-0.018128765
-0.018164665
-0.01782918
-0.01805142
-0.01788488
-0.018313765
-0.0180232
-0.018190895
-0.01810115
-0.01801172
-0.01788086
-0.018331285
-0.01782893
-0.01792303
-0.018123695
-0.018025595
-0.01808735
-0.018305985
-0.017925905
-0.017807005
-0.01789186
-0.017743605
-0.01779505
-0.017510425
-0.01777369
-0.0178974
-0.017735635
-0.017664315
-0.01756516
-0.017570925
-0.01788133
-0.017115135
-0.017181145
-0.017217655
-0.01757671
-0.017140785
-0.017380775
-0.017202005
-0.0172344
-0.01699231
-0.017294515
-0.01675302
-0.017177385
-0.016648135
-0.016671005
-0.01669546
-0.01642388
-0.01649837
-0.01633364
-0.01605691
-0.01646075
-0.016323295
-0.016217675
-0.01615511
-0.01578749
-0.016148905
-0.01582542
-0.015922605
-0.01541766
-0.01589563
-0.01584631
-0.015336925
-0.015738785
-0.015737125
-0.015755275
-0.015449255
-0.015281455
-0.01548439
-0.015426845
-0.01541284
-0.015442105
-0.01527299
-0.01560984
-0.01562092
-0.01545503
-0.015233445
-0.01484233
-0.015149065
-0.0151754
-0.015272615
-0.01473692
-0.014611895
-0.014719895
-0.01451764
-0.01408072
-0.01363158
-0.01405402
-0.01362889
-0.01297787
-0.013228815
-0.01302322
-0.0126531
-0.01265779
-0.01234364
-0.01198399
-0.01250026
-0.012607935
-0.01215254
-0.01204619
-0.011571065
-0.011831885
-0.011859845
-0.01129197
-0.011474335
-0.011067325
-0.01076794
-0.010870495
-0.01079114
-0.0108105
-0.010239395
-0.010001545
-0.01012792
-0.0105389
-0.01018717
-0.009992635
-0.009608415
-0.01018058
-0.00973353
-0.009505175
-0.0098388
-0.0094497
-0.00904191
-0.009361815
-0.009368855
-0.00845
-0.00875837
-0.008614925
-0.00810316
-0.00787218
-0.007864725
-0.00768156
-0.007854365
-0.007489705
-0.00704166
-0.006988575
-0.00693874
-0.006789535
-0.00675731
-0.00646723
-0.00650884
-0.006456445
-0.00643532
-0.006260915
-0.006340225
-0.006604915
-0.006601955
-0.00653483
-0.006300885
-0.00638639
-0.006372175
-0.005716135
-0.0060831
-0.005782045
-0.005560705
-0.005151705
-0.00511757
-0.004801445
-0.005400825
-0.005283905
-0.00491795
-0.00462964
-0.00501936
-0.004507695
-0.00430408
-0.0043132
-0.00394436
-0.003988725
-0.0039633
-0.00343799
-0.00355784
-0.003498325
-0.00306844
-0.00272429
-0.00250384
-0.002350125
-0.00208773
-0.002230245
-0.00210636
-0.002263235
-0.00198422
-0.001806945
-0.001673955
-0.00188328
-0.002142075
-0.002196315
-0.00142069
-0.001613865
-0.001540685
-0.001742765
-0.001408465
-0.00151767
-0.001362175
-0.001584765
-0.0007902
-0.00115146
-0.00118945
-0.001255255
-0.00116738
-0.001025755
-0.00075655
-0.00097465
-0.00101544
-0.00104584
-0.00103932
-0.000564435
-0.00074833
-0.00066588
-0.000832935
-0.000629965
-0.00083556
-0.0007372
-0.00062657
-0.000847865
-0.0005764
-0.000556195
-0.00062464
-0.000734815
-0.00033334
-0.000323035
-0.000277835
-0.000400415
-0.00030022
-0.0006761
-0.00040437
-0.00019303
-0.000180785
-0.000292285
-0.000142465
-0.000334715
-0.000256835
-0.00084047
-3.15500000001e-06
-0.000311945
-0.00039361
-0.000596965
-0.00051216
-0.00054649
-0.00055809
-0.000672605
-0.000343845
-0.0002832
-0.000355995
-0.000268375
-0.00064887
-0.000281125
-0.00020586
-0.000377805
-0.000300235
-8.8475e-05
-1.185e-05
-0.00051027
-0.00043491
-0.00036814
-0.000152705
-0.000265055
-8.50000000006e-07
1.6925e-05
7.58999999999e-06
-0.000168515
-0.0002458
-0.00026969
0.000192555
-4.3805e-05
9.457e-05
-0.00013197
7.99999999999e-06
-7.90000000001e-06
0.000282805
0.000249505
-0.00014201
-0.000162365
-5.2275e-05
0.000360575
-1.0975e-05
-3.046e-05
-4.8335e-05
0.000366315
0.00010736
0.00012012
0.00015758
0.000210465
4.7e-05
0.000274105
0.0003863
0.00029691
0.00017018
-6.806e-05
0.0005564
-2.5495e-05
0.00043143
0.000175395
0.000262185
0.000374745
0.00070964
0.00047411
0.00057118
0.00087084
0.00036276
0.0004362
0.000152925
0.00016799
0.00042826
-0.00017702
0.000204915
0.00045352
8.364e-05
0.00035315
0.000462335
0.000239965
0.00043848
0.000415165
0.00069176
0.00029823
0.000568985
0.00019617
0.000378535
0.000400235
0.00056588
0.00043029
0.000410055
0.001011925
0.00040686
0.00016294
-0.000161715
0.000773085
0.00053407
0.001001
0.000587935
0.000494125
0.00074148
0.00061349
0.00048836
0.000227315
0.00046941
0.000292705
0.00031164
0.00048662
0.000655575
0.000664255
0.00032885
-4.856e-05
0.00082525
0.00068708
0.000311375
0.00071496
0.00058653
0.00058272
0.000471795
0.00082334
0.000391875
0.00124336
0.000635345
0.000526795
0.00024588
0.000756675
0.00035323
0.000601355
0.000890225
0.00074962
0.00106953
0.00041879
0.000680565
0.000381755
0.0004006
0.000831185
0.000704655
0.00042993
0.00087347
0.000567475
0.00063894
0.000822345
0.00061796
0.0005473
0.00109829
0.00098531
0.00091579
0.000924435
0.000637695
0.00076354
0.00084044
0.00037206
0.001033315
0.000869855
0.000993885
0.000849845
0.00087515
0.000993545
0.00108974
0.000879655
0.000992275
0.001062255
0.00104058
0.001277845
0.001002945
0.001207335
0.001205265
0.00101356
0.00149837
0.00121896
0.00133568
0.00115365
0.001171395
0.00120428
0.001158035
0.00124777
0.001126605
0.001511805
0.00122658
0.001330185
0.001317565
0.000754695
0.00100132
0.0013168
0.001469455
0.001203345
0.0008803
0.00154109
0.001184615
0.001249855
0.00085319
0.001107995
0.001198515
0.00080323
0.00085131
0.00151176
0.001000495
0.00115328
0.00127808
0.000861315
0.00118401
0.001501395
0.001576395
0.00135223
0.00129452
0.001149005
0.00106529
0.001287935
0.00135307
0.00097659
0.000976375
0.00093996
0.00129845
0.00117639
0.001380845
0.00134592
0.00122185
0.001410905
0.001138665
0.001705825
0.00123818
0.001372005
0.001313985
0.00158158
0.00139748
0.00142303
0.001501985
0.001489075
0.00156293
0.001155145
0.00148213
0.00170369
0.001691445
0.001478925
0.00168583
0.00162299
0.0012781
0.00159709
0.00134235
0.001488305
0.00148492
0.001519365
0.001154645
0.001435565
0.00142021
0.00148008
0.00148084
0.001657905
0.00171551
0.001719955
0.001492895
0.001621465
0.001610875
0.001707355
0.001268875
0.001723945
0.00156951
0.00140646
0.00135315
0.001263995
0.00146004
0.00173786
0.001893385
0.00180368
0.00166503
0.00137998
0.0012245
0.00161011
0.001652835
0.001416015
0.001757715
0.001278685
0.00172162
0.00155811
0.00181653
0.001767815
0.00172837
0.00157166
0.00185214
0.001482435
0.001152675
0.00184471
0.001936905
0.00163661
0.00169152
0.002024025
0.001478695
0.001803455
0.001749935
0.001649815
0.001784405
0.001929725
0.00149118
0.001220885
0.00181611
0.00128908
0.001552825
0.001594625
0.00189589
0.001556725
0.00162156
0.001863405
0.00179477
0.00182126
0.001930705
0.00175131
0.002000125
0.002264385
0.0018211
0.00184939
0.001996785
0.00163051
0.002015295
0.00205299
0.00241848
0.00141368
0.001675435
0.001549135
0.00204255
0.0017499
0.0013979
0.001765965
0.001734415
0.00179063
0.001752595
0.002280385
0.00146626
0.001608455
0.00144077
0.00205151
0.001991725
0.00226681
0.002055435
0.001923645
0.001876135
0.001755575
0.001614555
0.00182067
0.00160775
0.001617995
0.001773865
0.00180698
0.001598055
0.00186486
0.00193727
0.0020534
0.0015987
0.001949975
0.00177343
0.00220179
0.001760565
0.001751085
0.002024955
0.00200664
0.0023123
0.00250005
0.002361165
0.002277435
0.002603795
0.00273408
0.00269267
0.00249956
0.003191375
0.00285932
0.00268686
0.00307996
0.00317419
0.00344172
0.00318851
0.003283125
0.00335431
0.003679265
0.004287135
0.00396815
0.003990135
0.004129505
0.00429464
0.004200875
0.004417745
0.00420155
0.00446697
0.00437085
0.004148695
0.004578025
0.00494254
0.00457796
0.00479803
0.00479208
0.005348505
0.00478657
0.004886915
0.00480587
0.005061585
0.004756245
0.005022025
0.005107365
0.00486081
0.00497416
0.00473332
0.004390145
0.005214945
0.00503108
0.00449215
0.00524944
0.005288485
0.00531519
0.004793075
0.004958425
0.005159385
0.005214695
0.00499905
0.00466434
0.00469125
0.004742755
0.00476125
0.00485891
0.00514455
0.005042655
0.005146505
0.00523138
0.00489184
0.00555238
0.00537791
0.00526837
0.00510036
0.005011
0.00466665
0.005398965
0.00476339
0.00530223
0.00501166
0.00498094
0.0052939
0.004780085
0.005426945
0.005141885
0.00565017
0.005006145
0.004919035
0.00548306
0.00541362
0.005417505
0.005222605
0.005034235
0.005246975
0.005097985
0.00509687
0.005122195
0.005254565
0.005236735
0.00515856
0.00559728
0.00514345
0.005163745
0.00531865
0.00519771
0.00485433
0.0048412
0.005152325
0.0052971
0.005439695
0.005150735
0.004906925
0.00541637
0.005566985
0.00531403
0.00528128
0.005903205
0.005750755
0.00584933
0.005668505
0.00608946
0.005784985
0.005832265
0.006031965
0.005740225
0.00612837
0.00561467
0.005836
0.005613005
0.005661125
0.006176275
0.00557407
0.005583875
0.00629356
0.006407955
0.006588045
0.00642317
0.006908565
0.00625154
0.0061968
0.00635912
0.0067622
0.006885695
0.0068902
0.00660395
0.00683277
0.00690381
0.00668236
0.00716122
0.007033715
0.006936445
0.007049125
0.007294915
0.007516725
0.006903545
0.007323475
0.007096805
0.00769928
0.00751164
0.00739153
0.007402345
0.00787857
0.00797977
0.00809409
0.00816081
0.008521245
0.008592175
0.00871548
0.00912272
0.009248735
0.00925633
0.009193045
0.00969753
0.00943993
0.00933198
0.009527005
0.009281235
0.009505185
0.009917185
0.009570155
0.00948409
0.009738265
0.010314935
0.010123495
0.010223085
0.01063187
0.010636785
0.01076349
0.01055657
0.010653675
0.01042032
0.01060777
0.01027577
0.0104415
0.01043086
0.01051798
0.010517705
0.01087132
0.01060189
0.010970765
0.01097191
0.010613635
0.0105287
0.011246275
0.01080425
0.01122682
0.010824805
0.01080468
0.01101251
0.011330545
0.01059617
0.010532
0.011080555
0.01130964
0.01156697
0.011271855
0.01154534
0.011023615
0.011479215
0.011414535
0.01166695
0.011520165
0.0111631
0.011764935
0.01108123
0.0113633
0.011484965
0.0118785
0.0118677
0.011737
0.011683755
0.01111046
0.011759955
0.011913355
0.01209519
0.012052875
0.01196418
0.01156091
0.011753855
0.01180109
0.01162518
0.01201007
0.01193168
0.01218979
0.012140955
0.01230839
0.01198961
0.01195682
0.01214988
0.012106745
0.01192914
0.012057865
0.012349445
0.01233949
0.011978895
0.01224654
0.012998115
0.01217404
0.01247411
0.01270073
0.01262466
0.012438705
0.012702765
0.01239902
0.01266507
0.01256006
0.013080705
0.01252699
0.01275286
0.012078445
0.012591445
0.012488575
0.012391225
0.012296945
0.01234795
0.012786005
0.01250679
0.012604965
0.012807765
0.012759595
0.012625435
0.012784025
0.01237842
0.0125245
0.012618315
0.01245805
0.01262951
0.012720345
0.01288341
0.01303028
0.01268749
0.012333315
0.012599995
0.012623325
0.01296638
0.012863775
0.012937955
0.012493615
0.01325547
0.0127674
0.01250494
0.012935505
0.01307354
0.0124849
0.012503725
0.012723545
0.013209815
0.0131345
0.012950155
0.01318985
0.013247795
0.013107935
0.013045105
0.01288229
0.01296952
0.012968795
0.013039275
0.01313094
0.013374585
0.01307979
0.01322561
0.01319572
0.013290285
0.013163755
0.013122475
0.01348765
0.01297949
0.0131206
0.013465615
0.013431775
0.013323675
0.01348148
0.01384546
0.013168665
0.013497735
0.013556555
0.01321333
0.013076545
0.013458645
0.0131609
0.012938775
0.0133619
0.013351625
0.012946125
0.01341455
0.013939265
0.01337767
0.01378865
0.013349065
0.01354633
0.013559655
0.01361821
0.0139693
0.013710965
0.013941715
0.013751855
0.013917125
0.013692265
0.01380032
0.013989975
0.013374535
0.013613305
0.0137597
0.01364262
0.013793555
0.01394119
0.01364817
0.0135855
0.014008055
0.01338099
0.014209445
0.013672135
0.01397364
0.013846755
0.013510925
0.013714495
0.013491195
0.01354821
0.013478305
0.013826185
0.014214275
0.013889205
0.013925795
0.01345587
0.013724075
0.013665625
0.013933785
0.01379835
0.013302655
0.013705025
0.01348969
0.01363464
0.01378274
0.013569645
0.013889375
0.013167065
0.01362745
0.01368998
0.013866005
0.01417368
0.014013155
0.01401916
0.01402899
0.014404875
0.014169535
0.014002235
0.014061295
0.013700715
0.013784025
0.01364539
0.01373419
0.01375786
0.01401191
0.0141876
0.01389392
0.0139588
0.01362125
0.01398156
0.01412464
0.013864335
0.01369886
0.014125155
0.01395068
0.013887255
0.01411683
0.01366856
0.014078275
0.014039525
0.014013065
0.013671115
0.01396659
0.01431664
0.013754255
0.01397215
0.013884385
0.01390247
0.013923125
0.013847295
0.013370175
0.014410225
0.013848495
0.01353254
0.013410975
0.01372459
0.013812035
0.013779835
0.01384467
0.01363376
0.013591085
0.013916865
0.013700585
0.013839315
0.01400273
0.014150335
0.013553605
0.013826555
0.01387903
0.014480935
0.013740665
0.013778795
0.01399287
0.013902005
0.01395236
0.013915005
0.01347113
0.01408663
0.01408052
0.01393191
0.01391732
0.01383987
0.014051615
0.013784925
0.01369585
0.014034125
0.01366314
0.013628565
0.014040325
0.01358098
0.0139118
0.01365322
0.01379406
0.013683835
0.01386282
0.01437904
0.01365471
0.01365407
0.013694715
0.013768455
0.01397279
0.01388237
0.01388471
0.013861285
0.013692675
0.01394939
0.0143712
0.01400515
0.01366679
0.013622105
0.013999645
0.01416577
0.01390763
0.01412675
0.013919685
0.01355246
0.014026785
0.013747125
0.014044335
0.01391275
0.013665655
0.01382656
0.0136876
0.013949085
0.014048395
0.013779595
0.013922815
0.013837265
0.01358488
0.014026795
0.013458785
0.013896435
0.013973735
0.01409207
0.013857895
0.013990575
0.013751095
0.013782535
0.013721985
0.013977075
0.01393332
0.01383606
0.013810145
0.01383205
0.014005775
0.013722315
0.013732545
0.01395282
0.013580275
0.01365208
0.013600135
0.01371009
0.0138499
0.013886345
0.01366067
0.01380459
0.013762865
0.01395837
0.01385324
0.013606365
0.013862675
0.013687715
0.013852145
0.013799645
0.013993585
0.01366638
0.01382276
0.01395884
0.01396203
0.013963445
0.013756935
0.0136775
0.013733845
0.013686755
0.01397719
0.014214695
0.01407688
0.01384487
0.01401411
0.014069935
0.01358017
0.014177835
0.01376566
0.014193665
0.0139784
0.01370669
0.013879145
0.01418762
0.01368617
0.013842515
0.014021855
0.01411633
0.01409544
0.014003305
0.014054185
0.014006885
0.01366802
0.014039705
0.01415837
0.0135682
0.01392006
0.01398851
0.01403126
0.01394539
0.014120465
0.014112945
0.01412185
0.01405534
0.01404573
0.013939415
0.01399204
0.01418297
0.014001805
0.01421527
0.014051615
0.014117195
0.013895755
0.014244275
0.01409702
0.014067465
0.01439376
0.014246545
0.01421894
0.014049065
0.013872795
0.01454841
0.014040655
0.01419499
0.01417597
0.014390065
0.01406287
0.01443924
0.01411637
0.014330915
0.014187135
0.014253865
0.0139256
0.01412837
0.013914055
0.014166885
0.01395996
0.014397685
0.0142787
0.014096255
0.01430757
0.014450175
0.014142955
0.014562635
0.014184025
0.014574415
0.014611025
0.014629265
0.014058005
0.014208855
0.014478665
0.014389705
0.014514735
0.014465575
0.014360175
0.01444
0.014695605
0.01392071
0.01440152
0.014103725
0.01451434
0.013897575
0.013840025
0.01436125
0.014531115
0.01425024
0.01445079
0.01482612
0.01455206
0.0144631
0.01403391
0.01458826
0.014761995
0.014515525
0.014631645
0.01475661
0.01415132
0.01434005
0.01452257
0.014738345
0.01436866
0.014276775
0.014737105
0.014646055
0.01472352
0.014408665
0.014458275
0.01455218
0.014384795
0.01469489
0.01473391
0.014775065
0.014806535
0.01438147
0.01485441
0.014848835
0.01507297
0.014549905
0.014748385
0.01466321
0.014545365
0.01496066
0.014780615
0.01468899
0.01476513
0.01471275
0.01464159
0.014864985
0.014340785
0.01487142
0.014908865
0.01530741
0.01485498
0.01501616
0.01477604
0.014992735
0.01495935
0.015190095
0.01540806
0.015171065
0.01522005
0.014750915
0.014808625
0.014810365
0.0152906
0.0153462
0.014917935
0.01523019
0.015434915
0.015217175
0.015001095
0.015445305
0.0156414
0.015280025
0.0152393
0.01482245
0.015714475
0.01533701
0.0149388
0.015072905
0.01530525
0.0153428
0.01572883
0.01501082
0.015432075
0.01547607
0.016170015
0.015244405
0.015467075
0.01558092
0.015727095
0.01549796
0.01554494
0.01548054
0.015852265
0.01564312
0.01580719
0.01612699
0.015718335
0.016384105
0.01563812
0.016306285
0.01631133
0.016285725
0.01564147
0.015855715
0.01597473
0.0158256
0.016001645
0.01573791
0.016280485
0.01584475
0.01618125
0.015956075
0.0160978
0.015715545
0.01629652
0.015906145
0.015832575
0.016252445
0.01652668
0.016315895
0.01667536
0.01657222
0.01647522
0.016686645
0.016739625
0.01639477
0.01652966
0.016295905
0.016806305
0.016660795
0.016785905
0.016539815
0.01651748
0.01627664
0.01672305
0.01659591
0.01645782
0.016674565
0.016636385
0.01674142
0.01649187
0.016660065
0.016210715
0.01639219
0.016245435
0.016575855
0.016694605
0.016194075
0.01653691
0.01654596
0.0163917
0.016479935
0.01589269
0.01683797
0.01614653
0.01638168
0.01654135
0.016513135
0.01621602
0.016282685
0.016459995
0.01678749
0.0164666
0.016782945
0.016666155
0.016327975
0.01692975
0.01606321
0.016786485
0.01645963
0.016574315
0.016457565
0.017338775
0.01654014
0.016725215
0.016459735
0.0167131
0.01635308
0.01644859
0.01669555
0.016709825
0.016613595
0.01643569
0.016841885
0.016358975
0.016368345
0.01670073
0.0168268
0.016862225
0.016966065
0.016680435
0.016365505
0.01674996
0.016872075
0.016880025
0.016771435
0.016441855
0.016296365
0.01701572
0.01675282
0.016969825
0.016481065
0.0168352
0.01699694
0.0167531
0.016539345
0.016602215
0.016994035
0.016631615
0.01651058
0.01669581
0.01651872
0.01661128
0.016590965
0.016904865
0.016604455
0.016657825
0.01668978
0.01653017
0.016385275
0.01660633
0.01669366
0.01662467
0.016692305
0.017019875
0.01649949
0.01665174
0.0162759
0.01662931
0.01667642
0.01695384
0.017088595
0.016576345
0.01684364
0.01682045
0.016925775
0.01665176
0.01689883
0.016619975
0.016897745
0.01660731
0.01679276
0.01716249
0.016772605
0.01685694
0.017205125
0.01645031
0.016477405
0.01651853
0.01699492
0.016305565
0.016956445
0.016776195
0.01675858
0.01668978
0.017187055
0.01659527
0.01656923
0.01676878
0.016694285
0.016765895
0.016631105
0.01705935
0.016935185
0.016784895
0.017077815
0.017123885
0.017239695
0.016940405
0.016768685
0.016278735
0.016855135
0.01686468
0.01665168
0.01709474
0.016920115
0.016472155
0.01684658
0.01694472
0.01647113
0.016740105
0.01676503
0.016743685
0.0169025
0.01741787
0.016778565
0.01726303
0.01689657
0.0169453
0.016916205
0.01701643
0.017174225
0.01718761
0.016954155
0.01718405
0.017161035
0.01699082
0.01723252
0.01732109
0.016716925
0.01716703
0.01722014
0.01720281
0.01734306
0.01781723
0.017308765
0.017395285
0.017513835
0.01759327
0.017334335
0.017663465
0.01735166
0.017348355
0.017005805
0.01731235
0.01695277
0.01725371
0.017133805
0.016567555
0.01745564
0.017232455
0.01738724
0.017315065
0.016946995
0.017205265
0.017301475
0.017352735
0.01725653
0.017312225
0.017409125
0.017665595
0.017067205
0.01767671
0.017110755
0.017272945
0.017415375
0.01704713
0.017099465
0.017347285
0.017327045
0.01710668
0.017303725
0.01729664
0.0173969
0.01733566
0.017285565
0.017503545
0.01748274
0.01735502
0.01714392
0.017378425
0.01731186
0.017214115
0.017260065
0.017137645
0.01757952
0.016903565
0.016945345
0.01725102
0.0172111
0.01715321
0.017274915
0.017496975
0.016894065
0.01741944
0.01706539
0.017584525
0.017352295
0.017297665
0.01739251
0.01766537
0.01751819
0.017448315
0.01776882
0.017468885
0.017389325
0.017451225
0.01742602
0.01702735
0.017703515
0.01765089
0.017391995
0.01764518
0.01732944
0.01781195
0.017069135
0.017482105
0.01774604
0.017478985
0.017126185
0.017714645
0.01759462
0.01743676
0.01765084
0.01745578
0.017540865
0.01794234
0.01771609
0.0175514
0.017697015
0.017654465
0.01735616
0.01743373
0.017531955
0.01795758
0.01717488
0.01715068
0.01774264
0.0174133
0.017624095
0.017417745
0.01749561
0.017558605
0.01733128
0.017804955
0.017560845
0.017589305
0.017513195
0.017513485
0.017825125
0.017516175
0.01742785
0.01791906
0.017451275
0.01764341
0.01743831
0.017668125
0.017776695
0.017694745
0.017806765
0.01743206
0.017860655
0.01781048
0.017565945
0.01764835
0.01762791
0.017832175
0.017659145
0.017472605
0.017532515
0.017577995
0.01749128
0.017519355
0.017461525
0.01754487
0.01761393
0.01765832
0.017552485
0.017427875
0.017672635
0.01728679
0.01757625
0.017601765
0.01787843
0.01748912
0.01760022
0.017912655
0.017760285
0.017548335
0.017829195
0.017539915
0.017477965
0.017254095
0.01795186
0.017483415
0.01745003
0.017847525
0.01772444
0.01776181
0.017726185
0.01755989
0.017340915
0.01748704
0.017799745
0.01769155
0.01796179
0.017522475
0.01788699
0.017805115
0.017903675
0.017636215
0.017788035
