-0.097678
-0.09615
-0.095126
-0.090715
-0.089034
-0.08632
-0.08264
-0.080391
-0.080391
-0.076839
-0.075446
-0.071481
-0.071481
-0.068833
-0.067196
-0.063516
-0.063516
-0.063516
-0.063516
-0.063268
-0.063268
-0.06253
-0.060981
-0.059222
-0.058279
-0.058279
-0.058108
-0.056936
-0.055824
-0.053486
-0.053109
-0.051841
-0.051664
-0.051131
-0.049964
-0.047102
-0.047102
-0.047102
-0.047102
-0.047102
-0.046852
-0.045754
-0.044776
-0.044776
-0.044776
-0.044776
-0.042462
-0.042462
-0.041656
-0.041574
-0.041574
-0.041567
-0.041084
-0.041084
-0.041077
-0.04004
-0.039855
-0.039855
-0.038983
-0.038983
-0.038983
-0.038983
-0.038508
-0.0369
-0.0369
-0.0369
-0.036878
-0.036878
-0.036878
-0.036878
-0.036878
-0.036878
-0.036878
-0.035207
-0.035207
-0.035207
-0.035207
-0.034476
-0.034476
-0.032154
-0.032154
-0.032154
-0.032154
-0.032154
-0.032088
-0.032088
-0.032088
-0.03136
-0.03136
-0.031255
-0.031255
-0.031255
-0.030632
-0.030632
-0.030632
-0.030632
-0.030632
-0.030632
-0.030632
-0.029143
-0.029143
-0.029143
-0.029143
-0.029143
-0.029143
-0.029143
-0.029143
-0.029143
-0.029143
-0.028435
-0.028435
-0.028435
-0.028435
-0.028435
-0.028435
-0.028435
-0.028435
-0.028435
-0.028435
-0.028435
-0.027884
-0.027884
-0.027884
-0.027884
-0.024935
-0.024935
-0.024935
-0.024935
-0.024935
-0.024523
-0.024523
-0.024523
-0.024523
-0.024523
-0.024523
-0.024523
-0.024319
-0.024319
-0.024319
-0.024319
-0.024042
-0.024042
-0.024042
-0.023442
-0.021132
-0.021132
-0.021132
-0.021132
-0.021132
-0.021132
-0.021132
-0.021132
-0.021132
-0.021132
-0.021132
-0.021132
-0.021132
-0.021132
-0.021132
-0.021132
-0.021132
-0.021132
-0.021132
-0.0209
-0.0209
-0.0209
-0.019379
-0.019379
-0.019379
-0.018787
-0.018787
-0.018787
-0.018787
-0.018787
-0.018787
-0.018787
-0.018751
-0.018751
-0.018751
-0.017876
-0.017876
-0.017876
-0.017876
-0.017876
-0.017876
-0.017876
-0.017876
-0.017876
-0.017876
-0.017652
-0.017652
-0.017297
-0.017297
-0.016998
-0.016838
-0.016838
-0.016838
-0.016838
-0.016265
-0.016265
-0.016265
-0.016265
-0.016265
-0.015655
-0.015655
-0.014957
-0.014957
-0.014957
-0.014957
-0.014957
-0.011688
-0.011688
-0.011688
-0.011688
-0.011688
-0.011688
-0.011688
-0.011688
-0.011688
-0.011688
-0.011688
-0.011688
-0.011688
-0.011688
-0.011688
-0.011688
-0.011688
-0.011688
-0.011688
-0.011688
-0.011688
-0.011688
-0.011688
-0.011688
-0.011688
-0.011688
-0.011688
-0.011688
-0.011688
-0.011688
-0.011688
-0.011688
-0.011688
-0.011688
-0.011688
-0.011688
-0.011688
-0.011688
-0.011688
-0.011688
-0.011688
-0.011688
-0.011688
-0.011688
-0.011688
-0.011688
-0.011688
-0.011688
-0.011688
-0.011494
-0.011494
-0.011494
-0.011494
-0.011494
-0.011494
-0.011494
-0.011494
-0.011494
-0.011494
-0.011494
-0.010019
-0.010019
-0.010019
-0.010019
-0.009645
-0.009645
-0.009645
-0.009645
-0.009645
-0.009645
-0.009645
-0.009645
-0.009645
-0.009645
-0.009645
-0.009645
-0.009645
-0.009645
-0.009645
-0.009645
-0.009645
-0.009645
-0.009645
-0.009645
-0.009645
-0.009645
-0.009645
-0.009645
-0.009645
-0.009645
-0.009645
-0.009645
-0.009645
-0.009645
-0.009645
-0.009645
-0.009645
-0.009645
-0.009645
-0.009645
-0.009645
-0.009645
-0.009645
-0.009645
-0.009645
-0.009645
-0.009645
-0.009645
-0.009125
-0.009125
-0.009125
-0.009125
-0.009125
-0.009125
-0.008825
-0.008825
-0.008825
-0.008825
-0.008825
-0.008825
-0.008825
-0.008825
-0.008825
-0.007405
-0.007405
-0.007405
-0.007405
-0.005808
-0.005808
-0.005808
-0.005808
-0.005808
-0.005808
-0.005808
-0.005808
-0.005808
-0.005808
-0.005808
-0.005808
-0.005808
-0.005808
-0.005808
-0.005808
-0.005808
-0.005808
-0.005808
-0.005808
-0.005808
-0.005808
-0.005808
-0.005808
-0.005808
-0.005808
-0.004717
-0.004717
-0.004717
-0.004717
-0.004717
-0.004717
-0.004717
-0.004717
-0.004717
-0.004717
-0.004717
-0.004717
-0.004717
-0.004717
-0.001897
-0.001897
-0.001897
-0.001897
-0.001897
-0.001897
-0.001897
-0.001897
-0.001897
-0.001897
-0.001897
-0.001897
-0.001897
-0.001897
-0.001897
-0.001897
-0.00149
-0.00149
-0.00149
-0.00149
-0.00149
-0.00149
-0.00149
-0.00149
-0.00149
-0.00149
-0.00149
-0.00149
-0.00149
-0.00149
-0.00149
-0.00149
-0.000959
0.000804
0.000804
0.000804
0.000804
0.001386
0.001386
0.001386
0.001386
0.001386
0.001443
0.001443
0.001443
0.001443
0.001443
0.001443
0.001443
0.001719
0.001719
0.001719
0.001719
0.001719
0.001719
0.001719
0.001719
0.00217
0.00217
0.00217
0.00217
0.00217
0.00217
0.003007
0.003007
0.003007
0.004531
0.004531
0.004531
0.004531
0.004531
0.004531
0.004531
0.004531
0.004531
0.004531
0.004531
0.004531
0.004762
0.004762
0.004762
0.004762
0.004762
0.004762
0.004762
0.004762
0.004762
0.004762
0.006105
0.006105
0.006105
0.006105
0.006105
0.006105
0.006105
0.006105
0.006105
0.006105
0.006105
0.006105
0.006105
0.006105
0.006105
0.00672
0.00672
0.00672
0.00672
0.00672
0.00672
0.00672
0.00672
0.00672
0.00672
0.00672
0.00672
0.00672
0.00672
0.009097
0.009097
0.009097
0.009097
0.009097
0.009097
0.009097
0.009097
0.009097
0.009097
0.009097
0.009097
0.009097
0.009097
0.009097
0.009097
0.009097
0.009097
0.009097
0.009097
0.009097
0.009097
0.009097
0.009097
0.009097
0.009097
0.009097
0.009097
0.009097
0.009097
0.009097
0.009097
0.009097
0.009097
0.009097
0.009097
0.009097
0.009097
0.009097
0.009097
0.009097
0.009097
0.009097
0.009097
0.009097
0.009097
0.009106
0.009106
0.009106
0.009106
0.009106
0.009106
0.009106
0.009106
0.009106
0.009106
0.009106
0.009106
0.009106
0.009106
0.009106
0.009106
0.009106
0.009106
0.009106
0.009106
0.009106
0.009106
0.009106
0.009106
0.009106
0.009106
0.009106
0.009106
0.009106
0.009106
0.009106
0.009106
0.009295
0.009295
0.009295
0.009295
0.009295
0.009295
0.009295
0.009295
0.009417
0.009417
0.009417
0.009417
0.009417
0.009417
0.009417
0.009417
0.009417
0.009417
0.009417
0.009417
0.009417
0.009417
0.009417
0.009417
0.009417
0.009417
0.009417
0.009417
0.009417
0.009417
0.009417
0.009417
0.009417
0.009417
0.009417
0.009417
0.009417
0.009417
0.009417
0.009417
0.009417
0.009417
0.009417
0.009417
0.009417
0.009417
0.009417
0.009417
0.009417
0.009417
0.009417
0.009417
0.009417
0.009417
0.009417
0.009417
0.009417
0.009417
0.009417
0.009417
0.009417
0.009417
0.009417
0.009417
0.009417
0.009417
0.009417
0.009417
0.009417
0.009417
0.009417
0.009417
0.009417
0.009417
0.009417
0.009417
0.009417
0.009417
0.009417
0.009417
0.009417
0.009417
0.009417
0.009417
0.009417
0.009417
0.009417
0.009417
0.009417
0.009417
0.009417
0.009417
0.009417
0.009417
0.009417
0.009417
0.009417
0.009417
0.009417
0.009417
0.009417
0.009417
0.009417
0.009417
0.010434
0.010434
0.010434
0.010434
0.010434
0.010434
0.010434
0.010434
0.010434
0.010434
0.010434
0.010434
0.010434
0.010434
0.010434
0.010434
0.010434
0.010434
0.010434
0.010434
0.010434
0.010434
0.010434
0.010434
0.010434
0.010434
0.010434
0.010434
0.010434
0.010434
0.010434
0.010434
0.010434
0.010434
0.010434
0.010434
0.010434
0.010434
0.010434
0.010434
0.010434
0.010434
0.010434
0.010434
0.010434
0.010434
0.010434
0.010434
0.010434
0.010434
0.010434
0.010434
0.010434
0.010434
0.010434
0.010434
0.012594
0.012594
0.012594
0.012594
0.012594
0.012594
0.012594
0.012594
0.012594
0.012594
0.012594
0.012594
0.012594
0.012594
0.012594
0.012594
0.012594
0.012594
0.012594
0.012594
0.012594
0.012594
0.012594
0.012594
0.012594
0.012594
0.012594
0.012594
0.012594
0.012594
0.012594
0.012594
0.012594
0.012594
0.012594
0.012594
0.012594
0.012594
0.012594
0.012594
0.012594
0.012594
0.012594
0.012594
0.012594
0.012594
0.012594
0.012594
0.012594
0.012594
0.012594
0.012594
0.012594
0.012594
0.012594
0.012594
0.012594
0.012594
0.012594
0.012594
0.012594
0.012594
0.012594
0.012594
0.012594
0.012594
0.012594
0.012594
0.012594
0.012594
0.012594
0.012594
0.012594
0.012594
0.012594
0.012594
0.012594
0.012594
0.012594
0.012594
0.012594
0.012594
0.012594
0.012594
0.012594
0.012594
0.012594
0.012594
0.012594
0.012594
0.012594
0.012594
0.012594
0.012594
0.012594
0.012594
0.012594
0.012594
0.012594
0.012594
0.012594
0.012594
0.012594
0.012594
0.012594
0.012594
0.012594
0.012594
0.012594
0.012594
0.012594
0.012594
0.012594
0.012594
0.012594
0.012594
0.012594
0.012594
0.012594
0.012594
0.012594
0.012594
0.012594
0.012594
0.012594
0.012594
0.012594
0.012594
0.012594
0.012594
0.012594
0.012594
0.012594
0.012594
0.012594
0.012594
0.012594
0.012594
0.012594
0.012594
0.012594
0.012594
0.012594
0.012594
0.012594
0.012594
0.012594
0.012594
0.012594
0.012594
0.012594
0.012594
0.012594
0.012594
0.012594
0.012843
0.012843
0.012843
0.012843
0.012843
0.012843
0.012843
0.012843
0.012843
0.013172
0.013172
0.013172
0.013172
0.013172
0.013172
0.013172
0.013172
0.013172
0.013172
0.013172
0.013172
0.013172
0.013172
0.013172
0.013172
0.013172
0.013172
0.013172
0.013172
0.013172
0.014378
0.014378
0.014378
0.014378
0.014378
0.014378
0.014378
0.014378
0.014378
0.014378
0.014378
0.014378
0.014755
0.014755
0.014755
0.014755
0.014755
0.014755
0.014755
0.014755
0.014755
0.014755
0.014755
0.014755
0.014755
0.014755
0.014755
0.014755
0.014755
0.014755
0.014755
0.014755
0.014755
0.014755
0.014755
0.014755
0.014755
0.014755
0.014755
0.014755
0.014755
0.014755
0.014755
0.014755
0.014755
0.014755
0.014755
0.014755
0.014755
0.014755
0.014755
0.014755
0.014755
0.014755
0.014755
0.014755
0.014979
0.014979
0.014979
0.014979
0.014979
0.014979
0.014979
0.014979
0.014979
0.014979
0.014979
0.014979
0.014979
0.014979
0.014979
0.014979
0.014979
0.014979
0.014979
0.014979
0.014979
0.014979
0.014979
0.014979
0.014979
0.015002
0.015002
0.015002
0.015002
0.015002
0.015002
0.015002
0.016731
0.016731
0.016731
0.016731
0.016731
0.016731
0.016731
0.016731
0.016731
0.016731
0.016731
0.016731
0.016798
0.016798
0.016798
0.016798
0.016798
0.016798
0.016798
0.016798
0.016798
0.016798
0.016798
0.016798
0.018416
0.018416
0.018416
0.018416
0.018416
0.018416
0.018416
0.018416
0.018416
0.018416
0.018416
0.018416
0.018416
0.018416
0.018416
0.018416
0.018416
0.018416
0.018416
0.018416
0.018416
0.018416
0.018416
0.018416
0.018416
0.018416
0.018416
0.019682
0.01995
0.01995
0.01995
0.01995
0.01995
0.01995
0.020294
0.020294
0.020294
0.020294
0.020681
0.020681
0.020681
0.020681
0.020681
0.020681
0.020681
0.020681
0.020681
0.022034
0.022034
0.022034
0.022034
0.022034
0.022034
0.022034
0.022034
0.022086
0.022086
0.022086
0.022086
0.022086
0.022086
0.022086
0.022086
0.022086
0.022086
0.022086
0.022086
0.022086
0.022086
0.022086
0.022086
0.022086
0.022086
0.022086
0.022086
0.022086
0.022086
0.022086
0.022086
0.022086
0.022086
0.022086
0.022086
0.022086
0.022086
0.022086
0.022086
0.022086
0.022086
0.022086
0.022086
0.022086
0.022326
0.022326
0.022326
0.022326
0.022326
0.022326
0.022326
0.022774
0.022774
0.022774
0.022774
0.022774
0.022774
0.022774
0.022774
0.022774
0.022774
0.022774
0.022774
0.022774
0.022774
0.022774
0.022774
0.022774
0.022774
0.022774
0.022774
0.022774
0.022774
0.022774
0.022774
0.022774
0.022774
0.022774
0.022774
0.022774
0.022774
0.022774
0.022774
0.022774
0.022774
0.022774
0.022774
0.022774
0.022774
0.022774
0.022774
0.022774
0.022774
0.022774
0.022774
0.022774
0.022774
0.022774
0.022774
0.022774
0.022774
0.022774
0.022774
0.022774
0.022774
0.022774
0.022774
0.022774
0.022774
0.022774
0.022774
0.022774
0.022774
0.022774
0.022774
0.022774
0.022774
0.022774
0.022774
0.022774
0.022774
0.022774
0.022774
0.022774
0.022774
0.022774
0.022774
0.022774
0.022774
0.022774
0.022774
0.022774
0.022774
0.022774
0.022774
0.022774
0.022774
0.022774
0.022774
0.022774
0.022774
0.022774
0.022774
0.022774
0.022774
0.022774
0.022774
0.022774
0.022774
0.022774
0.022774
0.022774
0.022774
0.022774
0.022774
0.022774
0.022774
0.022774
0.022774
0.022774
0.022774
0.022774
0.022774
0.022774
0.022774
0.022774
0.022774
0.022774
0.022774
0.022774
0.022774
0.022774
0.022774
0.022774
0.022774
0.022774
0.022774
0.022774
0.022774
0.022774
0.022774
0.022774
0.022774
0.022774
0.022774
0.022774
0.022774
0.022774
0.022774
0.022774
0.022774
0.022774
0.022774
0.022774
0.022774
0.022774
0.022774
0.022774
0.022774
0.022774
0.022774
0.022774
0.022774
0.022774
0.022774
0.022774
0.022774
0.022774
0.022774
0.022774
0.022774
0.022774
0.022774
0.022774
0.022774
0.022774
0.022774
0.022774
0.022774
0.022774
0.022774
0.022774
0.022774
0.022774
0.022774
0.022774
0.022774
0.022774
0.022774
0.022774
0.022774
0.022774
0.022774
0.022774
0.022774
0.022774
0.022774
0.022774
0.022774
0.022774
0.022774
0.022774
0.022774
0.022774
0.022774
0.022774
0.022774
0.022774
0.022774
0.022774
0.022774
0.022774
0.022774
0.022774
0.022774
0.022774
0.022774
0.022774
0.022774
0.022774
0.022774
0.022774
0.022774
0.022774
0.022774
0.022774
0.022774
0.022774
0.022774
0.022774
0.022774
0.022774
0.022774
0.022774
0.022774
0.022774
0.022774
0.022774
0.022774
0.022774
0.022774
0.022774
0.022774
0.022774
0.022774
0.022774
0.022774
0.022774
0.022774
0.022774
0.022774
0.022774
0.022774
0.022774
0.022774
0.022774
0.022774
0.022774
0.022774
0.022774
0.022774
0.022774
0.022774
0.022774
0.022774
0.022774
0.022774
0.022774
0.022774
0.022774
0.022774
0.022774
0.022774
0.022774
0.022774
0.022774
0.022774
0.022774
0.022774
0.022774
0.022774
0.022774
0.022774
0.022774
0.022774
0.022774
0.022774
0.022774
0.022774
0.022774
0.022774
0.022774
0.022774
0.022774
0.022774
0.022774
0.022774
0.022774
0.022774
0.022774
0.022774
0.022774
0.022774
0.022774
0.022774
0.022774
0.022774
0.022774
0.022774
0.022774
0.022774
0.022774
0.022774
0.022774
0.022774
0.022774
0.022774
0.022774
0.022774
0.022774
0.022774
0.022774
0.022774
0.022774
0.023312
0.023312
0.023312
0.023312
0.023312
0.023312
0.023312
0.023312
0.023312
0.023312
0.023312
0.023312
0.023312
0.023312
0.023312
0.023312
0.023312
0.023312
0.023312
0.023312
0.023312
0.023312
0.023312
0.023312
0.023312
0.023312
0.023312
0.023312
0.023312
0.023312
0.023312
0.023312
0.023312
0.023312
0.023312
0.023312
0.023312
0.023312
0.023312
0.023312
0.023312
0.023312
0.023312
0.023312
0.023312
0.023312
0.023312
0.023312
0.023312
0.023312
0.023312
0.023312
0.023312
0.023312
0.023312
0.023312
0.023312
0.023526
0.023526
0.023526
0.023526
0.023526
0.023526
0.023526
0.023526
0.023526
0.023526
0.023526
0.023526
0.023526
0.023526
0.023526
0.023526
0.023526
0.023526
0.023526
0.023526
0.023526
0.023526
0.023526
0.023526
0.023526
0.023526
0.023526
0.023526
0.023526
0.023526
0.023526
0.023526
0.023526
0.023526
0.023526
0.023526
0.023526
0.023526
0.023526
0.023526
0.023526
0.023853
0.023853
0.023853
0.023853
0.023853
0.023853
0.023853
0.023853
0.023853
0.023853
0.023853
0.023853
0.023853
0.023853
0.023853
0.023853
0.023853
0.023853
0.023853
0.023853
0.023853
0.024035
0.024035
0.024035
0.024035
0.024035
0.024035
0.024035
0.024035
0.024035
0.024035
0.024035
0.024035
0.024035
0.024035
0.024035
0.024035
0.024035
0.024035
0.024035
0.024035
0.024035
0.024131
0.024131
0.024131
0.024131
0.024131
0.024283
0.024283
0.024283
0.024283
0.024283
0.024283
0.024283
0.024283
0.024283
0.024283
0.024283
0.024283
0.024283
0.024283
0.024283
0.024283
0.024283
0.024283
0.024283
0.024283
0.024283
0.024283
0.024283
0.024283
0.024283
0.024283
0.024283
0.024724
0.024724
0.024724
0.024724
0.024724
0.024724
0.024724
0.024724
0.024724
0.024724
0.024724
0.024724
0.024724
0.024724
0.024724
0.024724
0.024724
0.024724
0.024724
0.024724
0.024724
0.024724
0.024724
0.024724
0.024953
0.024953
0.024953
0.024953
0.024953
0.024953
0.024953
0.024953
0.024953
0.024953
0.024953
0.024953
0.024953
0.024953
0.024953
0.024953
0.024953
0.024953
0.024953
0.024953
0.024953
0.024953
0.024953
0.024953
0.024953
0.024953
0.024953
0.024953
0.024953
0.024953
0.024953
0.024953
0.024953
0.024953
0.024953
0.024953
0.024953
0.024953
0.024953
0.024953
0.024953
0.024953
0.024953
0.024953
0.024953
0.024953
0.024953
0.024953
0.024953
0.024953
0.024953
0.024953
0.024953
0.024953
0.024953
0.024953
0.024953
0.024953
0.024953
0.024953
0.025945
0.025945
0.025945
0.025945
0.025945
0.025945
0.025945
0.025945
0.025945
0.025945
0.025945
0.025945
0.025945
0.025945
0.025945
0.025945
0.025945
0.025945
0.025945
0.025945
0.025945
0.025945
0.025945
0.025945
0.025945
0.025945
0.025945
0.025945
0.025945
0.025945
0.025945
0.025945
0.025945
0.025945
0.025945
0.025945
0.025945
0.025945
0.025945
0.025945
0.025945
0.025945
0.025945
0.025945
0.025945
0.025945
0.025945
0.025945
0.025945
0.025945
0.025945
0.025945
0.025945
0.025945
0.025945
0.025945
0.025945
0.025945
0.025945
0.025945
0.025945
0.025945
0.025945
0.025945
0.025945
0.025945
0.025945
0.025945
0.025945
0.025945
0.025945
0.025945
0.025945
0.025945
0.025945
0.025945
0.025945
0.025945
0.025945
0.025945
0.025945
0.025945
0.025945
0.025945
0.025945
0.025945
0.025945
0.025945
0.025945
0.025945
0.025945
0.025945
0.025945
0.025945
0.025945
0.025945
0.025945
0.025945
0.025945
0.025945
0.025945
0.025945
0.025945
0.025945
0.025945
0.025945
0.025945
0.025945
0.025945
0.025945
0.025945
0.025945
0.025945
0.025945
0.025945
0.025945
0.025945
0.025945
0.025945
0.025945
0.025945
0.025945
0.025945
0.025945
0.025945
0.025945
0.025945
0.025945
0.025945
0.025945
0.025945
0.025945
0.025945
0.025945
0.025945
0.025945
0.025945
0.025945
0.025945
0.025945
0.025945
0.025945
0.025945
0.025945
0.025945
0.025945
0.025945
0.025945
0.025945
0.025945
0.025945
0.025945
0.025945
0.025945
0.025945
0.025945
0.025945
0.025945
0.025945
0.025945
0.025945
0.025945
0.025945
0.025945
0.025945
0.025945
0.025945
0.025945
0.025945
0.025945
0.025945
0.025945
0.025945
0.025945
0.025945
0.025945
0.025945
0.025945
0.025945
0.025945
0.025945
0.025945
0.025945
0.025945
0.025945
0.025945
0.025945
0.025945
0.025945
0.025945
0.025945
0.025945
0.025945
0.025945
0.025945
0.025945
0.025945
0.025945
0.025945
0.025945
0.025945
0.025945
0.025945
0.025945
0.025945
0.025945
0.025945
0.025945
0.025945
0.025945
0.025945
0.025945
0.025945
0.025945
0.025945
0.027448
0.027448
0.027448
0.027448
0.027448
0.027448
0.027448
0.027448
0.027448
0.027448
0.027448
0.027448
0.027448
0.027448
0.027448
0.027448
0.027448
0.027448
0.027448
0.027448
0.027448
0.027448
0.027448
0.027448
0.027448
0.027448
0.027448
0.027448
0.027448
0.027448
0.027448
0.027448
0.027448
0.027448
0.027448
0.027448
0.027448
0.027448
0.027448
0.027448
0.027448
0.027448
0.027448
0.027448
0.027448
0.027448
0.027448
0.027448
0.027448
0.027448
0.027448
0.027448
0.027448
0.027448
0.027448
0.027448
0.027448
0.027448
0.027448
0.027448
0.027448
0.027448
0.027448
0.027448
0.027448
0.027448
0.027448
0.027448
0.027448
0.027448
0.027448
0.027448
0.027448
0.027448
0.027448
0.027448
0.027448
0.027448
0.027448
0.027448
0.027448
0.027448
0.027448
0.027448
0.027448
0.027448
0.027448
0.027448
0.027448
