-0.136577
-0.122827
-0.118426
-0.113603
-0.106816
-0.10272
-0.099905
-0.097223
-0.096133
-0.092911
-0.092425
-0.090939
-0.086883
-0.089161
-0.083764
-0.083907
-0.07912
-0.081435
-0.078366
-0.077757
-0.076618
-0.078576
-0.076082
-0.076977
-0.078598
-0.076192
-0.072602
-0.070587
-0.070775
-0.071031
-0.067721
-0.067181
-0.065513
-0.065121
-0.065969
-0.064623
-0.064465
-0.063397
-0.063251
-0.06612
-0.062857
-0.063503
-0.061473
-0.060992
-0.061705
-0.062976
-0.060425
-0.058019
-0.060691
-0.058463
-0.058651
-0.059997
-0.058033
-0.059975
-0.057084
-0.056535
-0.057168
-0.057926
-0.053038
-0.054277
-0.053857
-0.052784
-0.055318
-0.057402
-0.057468
-0.05262
-0.052966
-0.055295
-0.053738
-0.053812
-0.054097
-0.052603
-0.054021
-0.051418
-0.053713
-0.052261
-0.052662
-0.050767
-0.051609
-0.05288
-0.05055
-0.05009
-0.049556
-0.051361
-0.049056
-0.052478
-0.05029
-0.049597
-0.048277
-0.047629
-0.047514
-0.046907
-0.046959
-0.047439
-0.047899
-0.046576
-0.046016
-0.046573
-0.046974
-0.048361
-0.049606
-0.047261
-0.046339
-0.049358
-0.046742
-0.046909
-0.046245
-0.048303
-0.047343
-0.045192
-0.047153
-0.047005
-0.04604
-0.049177
-0.046705
-0.045924
-0.048612
-0.044795
-0.046912
-0.047737
-0.046726
-0.046667
-0.045489
-0.045332
-0.045048
-0.04446
-0.045009
-0.044962
-0.044984
-0.044252
-0.042229
-0.040806
-0.04303
-0.042286
-0.042451
-0.041207
-0.043287
-0.04118
-0.041914
-0.039881
-0.041389
-0.041579
-0.040647
-0.039744
-0.038659
-0.039632
-0.03965
-0.038832
-0.038917
-0.042827
-0.039225
-0.041349
-0.040985
-0.039203
-0.038841
-0.039494
-0.038695
-0.040298
-0.041058
-0.039105
-0.038652
-0.038848
-0.037225
-0.040172
-0.040508
-0.040443
-0.039059
-0.038082
-0.036381
-0.038094
-0.037425
-0.036605
-0.038455
-0.039705
-0.037132
-0.038062
-0.039607
-0.035518
-0.03803
-0.034654
-0.035483
-0.036283
-0.035468
-0.035768
-0.03529
-0.039292
-0.035119
-0.035299
-0.034229
-0.035636
-0.034536
-0.033073
-0.03489
-0.03394
-0.036606
-0.032611
-0.033337
-0.034088
-0.033871
-0.032262
-0.034624
-0.034098
-0.034379
-0.036029
-0.034759
-0.03366
-0.034947
-0.032776
-0.031655
-0.030923
-0.033663
-0.032459
-0.03083
-0.031715
-0.032156
-0.029648
-0.029366
-0.030296
-0.0297
-0.032364
-0.031125
-0.029685
-0.031152
-0.029245
-0.030231
-0.028818
-0.030526
-0.0294
-0.03234
-0.031552
-0.030827
-0.029481
-0.029198
-0.030353
-0.028737
-0.029292
-0.031146
-0.030115
-0.029695
-0.028058
-0.030638
-0.027945
-0.029161
-0.028142
-0.0293
-0.031144
-0.029296
-0.030291
-0.031211
-0.029109
-0.028574
-0.03097
-0.031552
-0.028447
-0.027244
-0.029282
-0.028032
-0.029288
-0.028269
-0.030493
-0.029939
-0.031608
-0.02728
-0.028326
-0.030926
-0.02815
-0.03159
-0.027805
-0.027625
-0.029324
-0.027722
-0.027968
-0.029149
-0.029195
-0.028844
-0.027911
-0.029618
-0.02804
-0.030727
-0.032565
-0.029219
-0.031723
-0.030038
-0.033403
-0.029724
-0.02848
-0.027389
-0.03144
-0.028038
-0.026245
-0.030878
-0.027906
-0.028657
-0.028413
-0.029491
-0.027604
-0.027061
-0.028428
-0.031142
-0.029364
-0.026575
-0.031177
-0.029588
-0.029336
-0.029608
-0.026362
-0.027886
-0.032073
-0.025435
-0.026214
-0.02851
-0.029458
-0.026441
-0.029221
-0.028229
-0.03419
-0.02818
-0.031473
-0.029441
-0.032206
-0.029164
-0.028857
-0.027992
-0.03008
-0.029744
-0.026578
-0.029025
-0.027192
-0.026366
-0.028416
-0.024457
-0.024872
-0.026078
-0.026069
-0.028524
-0.027526
-0.0267
-0.032499
-0.025109
-0.025509
-0.027599
-0.029007
-0.024957
-0.026404
-0.025332
-0.025747
-0.024892
-0.026639
-0.02496
-0.026172
-0.027369
-0.023258
-0.028485
-0.024879
-0.026115
-0.027745
-0.02659
-0.0258
-0.02812
-0.02568
-0.02529
-0.02658
-0.023787
-0.028667
-0.025848
-0.026655
-0.023299
-0.028517
-0.024478
-0.024418
-0.022637
-0.024513
-0.024845
-0.022422
-0.022422
-0.02376
-0.023357
-0.022409
-0.021117
-0.023983
-0.021948
-0.023031
-0.022711
-0.023172
-0.021656
-0.020955
-0.021758
-0.021464
-0.021542
-0.024286
-0.020498
-0.018858
-0.023214
-0.021421
-0.021486
-0.024342
-0.022989
-0.020419
-0.020465
-0.021984
-0.018829
-0.019569
-0.019899
-0.019416
-0.020923
-0.021194
-0.021744
-0.020751
-0.021048
-0.019268
-0.020457
-0.019159
-0.019637
-0.018158
-0.019047
-0.016468
-0.016527
-0.017405
-0.020647
-0.017041
-0.018616
-0.018321
-0.016296
-0.016416
-0.02018
-0.015992
-0.01589
-0.015059
-0.015386
-0.01494
-0.016805
-0.019569
-0.015927
-0.019072
-0.018448
-0.015275
-0.015676
-0.017365
-0.014524
-0.016521
-0.016706
-0.014181
-0.016132
-0.015521
-0.015097
-0.014963
-0.013559
-0.014791
-0.01277
-0.01505
-0.0134
-0.01364
-0.012845
-0.012626
-0.013623
-0.014415
-0.01403
-0.011935
-0.012811
-0.011643
-0.011936
-0.009921
-0.011121
-0.013036
-0.011928
-0.010547
-0.008684
-0.010292
-0.010884
-0.010963
-0.012501
-0.012485
-0.012019
-0.01338
-0.010101
-0.013173
-0.012153
-0.011941
-0.009972
-0.012921
-0.013893
-0.010374
-0.011773
-0.009645
-0.011281
-0.00945
-0.011314
-0.010273
-0.012114
-0.008939
-0.011
-0.010484
-0.009245
-0.011875
-0.009475
-0.010314
-0.008091
-0.011604
-0.009123
-0.011461
-0.007849
-0.008492
-0.008965
-0.008922
-0.009441
-0.008348
-0.008617
-0.008718
-0.008974
-0.011498
-0.009374
-0.009117
-0.01019
-0.010595
-0.009947
-0.010734
-0.010056
-0.010876
-0.010913
-0.01062
-0.010254
-0.010235
-0.008895
-0.012041
-0.010823
-0.010421
-0.010846
-0.012995
-0.011097
-0.010435
-0.009624
-0.010101
-0.009003
-0.010997
-0.009008
-0.011033
-0.01118
-0.00965
-0.010598
-0.009964
-0.009813
-0.008738
-0.010781
-0.00936
-0.01146
-0.011651
-0.009632
-0.011189
-0.013463
-0.01081
-0.013319
-0.010233
-0.010424
-0.011375
-0.010218
-0.010448
-0.012039
-0.00885
-0.010663
-0.012346
-0.008076
-0.009763
-0.008168
-0.011014
-0.013795
-0.011986
-0.011678
-0.011275
-0.012201
-0.010487
-0.01051
-0.010145
-0.009179
-0.011144
-0.009828
-0.012957
-0.012309
-0.012137
-0.010058
-0.009978
-0.008712
-0.010735
-0.008726
-0.011528
-0.010981
-0.010279
-0.012173
-0.011774
-0.014431
-0.009577
-0.014416
-0.012425
-0.011023
-0.011375
-0.0101
-0.010552
-0.008412
-0.009133
-0.008795
-0.012879
-0.008944
-0.01039
-0.014047
-0.011041
-0.010102
-0.011969
-0.012429
-0.010884
-0.012235
-0.010868
-0.00945
-0.011069
-0.010928
-0.010517
-0.010917
-0.011595
-0.012084
-0.017378
-0.012831
-0.014831
-0.011208
-0.013829
-0.01184
-0.015502
-0.010788
-0.015688
-0.011312
-0.010143
-0.013148
-0.010446
-0.010985
-0.011439
-0.012674
-0.010659
-0.012308
-0.010777
-0.012882
-0.012333
-0.011179
-0.00813
-0.013113
-0.011042
-0.012087
-0.010663
-0.009044
-0.012547
-0.009162
-0.011711
-0.011163
-0.009463
-0.010647
-0.011831
-0.012247
-0.00957
-0.009751
-0.009223
-0.009864
-0.010148
-0.007353
-0.014078
-0.009524
-0.012137
-0.011672
-0.009782
-0.010436
-0.011207
-0.00976
-0.009792
-0.011159
-0.011429
-0.009056
-0.009747
-0.008031
-0.009173
-0.011352
-0.009535
-0.011126
-0.011141
-0.010286
-0.009226
-0.009312
-0.007884
-0.010436
-0.015778
-0.009551
-0.012938
-0.009969
-0.013078
-0.011064
-0.012943
-0.01272
-0.009946
-0.011935
-0.008725
-0.007535
-0.011706
-0.009852
-0.015002
-0.013761
-0.009013
-0.011508
-0.010151
-0.009698
-0.009427
-0.01426
-0.016072
-0.010892
-0.01119
-0.01059
-0.0108
-0.014587
-0.012001
-0.011633
-0.012094
-0.007174
-0.010201
-0.009146
-0.01425
-0.012185
-0.010531
-0.012666
-0.012254
-0.008437
-0.017207
-0.012695
-0.012817
-0.011972
-0.012182
-0.008254
-0.012581
-0.01098
-0.009697
-0.011169
-0.006584
-0.008193
-0.009127
-0.009593
-0.008386
-0.010815
-0.007926
-0.007305
-0.008578
-0.0085
-0.008757
-0.0099
-0.010397
-0.009312
-0.011708
-0.007826
-0.010739
-0.007981
-0.007522
-0.011595
-0.007374
-0.011873
-0.00974
-0.008897
-0.008117
-0.009028
-0.007311
-0.010931
-0.008685
-0.011643
-0.008912
-0.009024
-0.007611
-0.007559
-0.007808
-0.011747
-0.009645
-0.008364
-0.010644
-0.010239
-0.00924
-0.009279
-0.007479
-0.007393
-0.007665
-0.008283
-0.0106
-0.010246
-0.009692
-0.007472
-0.00887
-0.007987
-0.011708
-0.010734
-0.009944
-0.008651
-0.010876
-0.008398
-0.0075
-0.007149
-0.009906
-0.010522
-0.008359
-0.008032
-0.008306
-0.009817
-0.006823
-0.00985
-0.007097
-0.009913
-0.010729
-0.010315
-0.008447
-0.009799
-0.012571
-0.011243
-0.007586
-0.008622
-0.009056
-0.008379
-0.009157
-0.00967
-0.008263
-0.008023
-0.006906
-0.007664
-0.010335
-0.006344
-0.005698
-0.009448
-0.009815
-0.006748
-0.007991
-0.00805
-0.009523
-0.008092
-0.00838
-0.00854
-0.009362
-0.012701
-0.010196
-0.009235
-0.008801
-0.008462
-0.008104
-0.006435
-0.009212
-0.010017
-0.009577
-0.008278
-0.007517
-0.007904
-0.007493
-0.007416
-0.008682
-0.009331
-0.006998
-0.008982
-0.008428
-0.010152
-0.009577
-0.009987
-0.009709
-0.011963
-0.009029
-0.009517
-0.008714
-0.009358
-0.012124
-0.009596
-0.008583
-0.008494
-0.006999
-0.008884
-0.012898
-0.00998
-0.009546
-0.008753
-0.008981
-0.009565
-0.007059
-0.006238
-0.01043
-0.00693
-0.006246
-0.00946
-0.007528
-0.015396
-0.008478
-0.010323
-0.007375
-0.007512
-0.006723
-0.004679
-0.007601
-0.007151
-0.004755
-0.008095
-0.00638
-0.006984
-0.006525
-0.005735
-0.005067
-0.006683
-0.007319
-0.005687
-0.007593
-0.008308
-0.005159
-0.004934
-0.00698
-0.007101
-0.006051
-0.004183
-0.005146
-0.008055
-0.005284
-0.007145
-0.006929
-0.00567
-0.005686
-0.007424
-0.006971
-0.00644
-0.008967
-0.006468
-0.006133
-0.007948
-0.004451
-0.005727
-0.007411
-0.007882
-0.005923
-0.010335
-0.008559
-0.009654
-0.009294
-0.010398
-0.00903
-0.004766
-0.006279
-0.009702
-0.005658
-0.007569
-0.00601
-0.010555
-0.008463
-0.008422
-0.005737
-0.00689
-0.009914
-0.008227
-0.007693
-0.008178
-0.008951
-0.007125
-0.007268
-0.009187
-0.009363
-0.007781
-0.006482
-0.006807
-0.00599
-0.007224
-0.007384
-0.007342
-0.007858
-0.006196
-0.011812
-0.005352
-0.008005
-0.006785
-0.006078
-0.006346
-0.008079
-0.007899
-0.006991
-0.008526
-0.007442
-0.006582
-0.009387
-0.008509
-0.007226
-0.006652
-0.006898
-0.006544
-0.006418
-0.00573
-0.005617
-0.005307
-0.006692
-0.008378
-0.004687
-0.007926
-0.004565
-0.006843
-0.007454
-0.007505
-0.007131
-0.005308
-0.005547
-0.005873
-0.007283
-0.006799
-0.006277
-0.004859
-0.004996
-0.005575
-0.002663
-0.004546
-0.00726
-0.005951
-0.005
-0.003724
-0.007772
-0.00313
-0.002764
-0.005188
-0.006037
-0.004411
-0.006123
-0.00312
-0.003817
-0.003183
-0.004689
-0.004789
-0.006488
-0.00504
-0.004605
-0.002807
-0.004669
-0.006965
-0.004649
-0.003416
-0.004418
-0.005787
-0.005314
-0.003429
-0.002143
-0.003709
-0.000362
-0.003067
-0.001117
-0.005703
-0.003692
-0.00212
-0.001562
-0.000941
-0.001977
0.000913
-0.002762
-0.003032
-0.001833
-0.003987
0.000304
-0.002405
-0.005545
-0.003018
0.000599
-0.00109
0.001993
-7.2e-05
-0.003568
-0.00347
0.000697
-0.005858
-0.001047
-0.002388
-0.002137
-0.000645
0.001821
-0.000834
0.000889
-0.000858
-0.00297
0.000931
-0.002585
0.001135
-0.002713
-0.000134
-0.002502
-0.004337
-0.001506
-0.003024
-0.0066
-0.001419
-0.001325
-0.002227
4.7e-05
-0.000259
-0.000383
-0.002262
-0.002439
-0.001561
-0.000359
-0.000558
-0.003902
-0.004781
-0.001711
0.000557
0.000506
-0.003998
-0.002208
-0.002914
-0.001035
-0.002992
0.001234
0.00166
-0.005322
-0.000259
0.000305
-0.003341
-0.003746
0.002171
0.001099
0.001509
0.001821
-0.001759
-0.003186
0.00202
0.001757
0.00044
0.001947
0.000388
0.001849
-0.001448
0.00073
0.00192
0.001645
-0.001333
0.001211
0.001122
5.2e-05
0.000441
0.002482
0.001106
-0.001312
0.002574
0.003618
-0.00044
0.000624
-0.000639
0.000283
-0.000496
-0.003805
0.001536
-0.002151
0.000477
0.003314
0.001855
0.001724
0.003933
0.002707
0.003546
0.002089
0.00297
0.00163
0.00248
0.002535
0.001606
0.003116
0.004799
0.003184
0.001446
0.004124
0.003863
0.00369
0.002298
0.00191
0.003541
0.004391
0.002066
0.001169
0.002468
0.002935
0.001248
0.002631
0.001686
0.003407
0.002306
0.002058
0.003127
0.002862
0.003396
0.000426
0.004251
0.002926
0.002085
0.003888
0.001633
0.001517
0.002836
0.001747
0.001239
0.004336
0.001197
0.00263
0.002055
0.003263
0.003432
0.002191
0.001177
0.002113
0.005076
0.003838
0.00367
0.003113
0.001016
0.003195
0.00099
0.003402
0.005096
0.004035
0.002914
0.00153
0.004776
0.003279
0.003713
0.00199
0.003378
0.003793
0.002508
0.004289
0.00318
0.003643
0.002507
0.004404
0.002906
0.001725
0.003831
0.004251
0.002966
-0.001007
0.000901
0.001777
0.002634
0.006107
0.003247
0.005464
0.002536
0.001537
0.002663
0.004665
-0.000913
0.005538
-0.001188
0.004967
0.002745
0.001625
0.002438
0.003686
0.004677
0.003381
0.003098
0.003105
0.000714
0.003053
0.003398
0.004382
0.003133
0.001088
0.003709
0.004705
0.002024
0.002308
0.004681
0.000314
0.001502
0.005269
0.004588
0.003909
0.003953
0.003128
0.005949
0.002827
0.003581
0.00451
0.004025
0.001799
0.003321
0.002914
0.00251
0.002709
0.001416
0.004607
0.004081
0.003968
0.00416
0.001791
0.002955
0.003088
0.00142
0.003429
0.002586
0.004183
0.003319
0.003667
0.002764
0.003591
0.004659
0.002534
0.001667
0.003338
0.004501
0.002313
0.003483
0.000963
0.004628
-2.8e-05
0.003442
0.000805
0.003335
0.002157
0.004023
0.002813
0.003399
0.002267
0.004479
0.003335
0.001714
0.001861
0.003431
0.000283
0.00378
0.002475
0.0031
0.00403
0.000987
0.004611
0.003676
0.004629
0.003799
0.003878
0.004328
0.004006
0.001341
0.004763
0.002492
0.003093
0.004844
0.003602
0.004391
0.003134
0.003609
0.002679
0.003478
0.003725
0.003632
0.003117
0.003742
0.002513
0.003953
0.001058
0.004226
0.002001
0.004441
0.001874
0.004216
0.003229
0.002642
0.002365
0.003123
0.00468
0.000733
0.003729
0.00327
0.002429
0.003338
0.004734
-0.000358
0.003844
0.003319
0.005125
0.00208
0.003377
0.002687
0.004489
0.001865
0.00248
0.00338
0.003977
0.002041
0.002467
0.001349
0.002922
-0.000875
0.003133
0.004427
0.005183
0.004802
0.004106
0.001971
0.002704
0.003151
-3.5e-05
0.004748
0.005032
0.001116
0.002249
0.00298
0.0039
0.000448
0.003903
0.0035
0.000858
0.003851
0.00268
0.00416
0.002635
0.001735
0.003824
0.002833
0.003751
0.004177
0.003821
0.0029
0.001677
0.003754
0.003485
0.003714
0.003522
-0.000639
0.003179
0.004302
0.003492
0.003586
0.003912
0.004618
0.003988
0.004139
0.004152
0.003794
0.00254
0.002264
0.00419
0.00343
0.00424
0.004737
0.00386
0.003238
0.003368
0.00148
0.003579
0.001652
0.004138
0.004048
0.004213
0.002823
0.002141
0.002842
0.000756
0.00412
0.005031
0.004087
0.003645
0.0053
0.000719
0.004575
0.004499
0.002317
0.001918
0.003284
0.003769
0.001954
0.003095
0.002358
0.004463
-0.002203
0.003655
0.001207
-0.001159
0.003043
0.003774
0.004779
0.002044
0.003455
0.002782
0.003612
0.001834
0.00392
0.003512
0.001851
0.005499
0.003034
0.003904
0.002476
0.002721
0.003548
0.003218
0.003496
0.000626
0.00628
0.003095
0.000953
0.003171
0.004901
0.003156
0.001718
0.001483
0.003976
0.004338
0.00227
0.002425
0.002984
0.004941
0.004355
0.003425
0.004626
0.001601
0.00515
0.000756
0.003773
0.004207
0.000293
0.00329
0.005596
0.003555
0.001819
0.002948
0.001747
0.001604
0.001156
0.004053
0.003291
0.003037
0.000696
0.004064
0.002546
0.004452
0.002092
0.002921
0.000592
0.003334
0.004853
0.004217
0.00172
0.002631
0.004132
0.000835
0.002026
0.001969
0.004122
0.004351
0.003704
0.001512
0.002984
0.004735
0.002763
0.004263
0.001701
0.005087
0.00213
-0.000122
0.003049
0.005672
0.005091
0.006103
0.004711
0.00508
0.004289
0.004047
0.003862
0.001659
0.003944
0.004332
0.003234
0.004287
0.00355
0.004055
0.000917
0.003857
0.004726
0.003727
0.004823
0.004461
0.005078
0.002762
0.003528
0.003523
0.004849
0.001802
0.002882
0.002403
0.004385
0.004809
0.001944
0.000889
0.001211
0.004404
0.002097
0.003628
0.004933
0.005828
0.006988
0.001473
0.00299
0.002028
0.004409
0.002308
0.004242
0.004922
0.003759
0.004669
0.003844
0.005893
0.005184
0.004987
0.005026
0.004779
0.004065
0.005835
0.003953
0.004536
0.005989
0.003815
0.003164
0.004564
0.005123
0.004384
0.003239
0.004227
0.003109
0.001846
0.005907
0.004758
0.002905
0.005579
0.005874
0.004056
0.005766
0.006582
0.00648
0.004784
0.005229
0.004884
0.006325
0.006051
0.002296
0.005138
0.005318
0.007076
0.006181
0.006188
0.006499
0.005236
0.004654
0.005407
0.005814
0.005325
0.005046
0.007153
0.004397
0.005821
0.006234
0.004934
0.006607
0.005206
0.007117
0.007041
0.00644
0.006949
0.002619
0.006939
0.004719
0.003024
0.00534
0.004765
0.00369
0.003299
0.005556
0.004442
0.005317
0.006208
0.003687
0.002816
0.004777
0.006182
0.006612
0.002587
0.003126
0.003996
0.0045
0.007337
0.005726
0.003671
0.002225
0.004012
0.008485
0.004052
0.004515
0.006241
0.006004
0.003732
0.005322
0.004397
0.006094
0.004659
0.004163
0.004857
0.005408
0.004572
0.001929
0.003865
0.006182
0.005371
0.006553
0.004083
0.006657
0.004445
0.006812
0.003499
0.006718
0.007493
0.002338
0.006771
0.007382
0.005186
0.004102
0.004631
0.007309
0.003602
0.004638
0.004935
0.00352
0.007223
0.006084
0.004866
0.006085
0.00793
0.005297
0.006065
0.005195
0.006161
0.005226
0.005178
0.00729
0.007404
0.006308
0.006421
0.004227
0.004457
0.007462
0.006792
0.003942
0.004273
0.005234
0.002225
0.006372
0.005964
0.007775
0.005787
0.004819
0.006129
0.006122
0.00443
0.006614
0.004707
0.003216
0.005863
0.005609
0.007675
0.007202
0.00349
0.006691
0.006386
0.006117
0.007079
0.006689
0.006648
0.004352
0.00727
0.002544
0.004883
0.003978
0.005644
0.003723
0.004125
0.006639
0.007235
0.006355
0.006753
0.006152
0.003205
0.006467
0.006965
0.005315
0.005814
0.005227
0.006523
0.007488
0.008332
0.006585
0.006031
0.00576
0.007651
0.007968
0.005295
0.003288
0.007796
0.004962
0.006013
0.005346
0.007267
0.005658
0.007975
0.005162
0.004484
0.006951
0.006599
0.008507
0.007357
0.008003
0.007287
0.005913
0.007584
0.007234
0.007805
0.008766
0.007227
0.008091
0.006839
0.007657
0.007073
0.005387
0.006607
0.004928
0.005866
0.009441
0.006895
0.008279
0.009373
0.007706
0.007045
0.007715
0.008481
0.006959
0.006953
0.008367
0.006504
0.007797
0.00794
0.004322
0.007018
0.00598
0.006462
0.009011
0.007627
0.007288
0.005736
0.006684
0.005435
0.00734
0.008122
0.006156
0.005278
0.005243
0.00879
0.008232
0.005256
0.006587
0.007955
0.006194
0.006397
0.008055
0.007471
0.007536
0.007061
0.00695
0.008396
0.009399
0.008724
0.00764
0.005272
0.008608
0.006324
0.00708
0.008755
0.007887
0.004831
0.008895
0.007421
0.007468
0.006278
0.006466
0.006385
0.007112
0.006277
0.00599
0.006506
0.009281
0.008517
0.005952
0.008114
0.007422
0.007256
0.008868
0.00816
0.008507
0.006346
0.004966
0.009765
0.005992
0.008528
0.006412
0.007004
0.006649
0.007474
0.008908
0.007314
0.004171
0.006278
0.006273
0.005335
0.006039
0.007609
0.006176
0.007271
0.007262
0.007301
0.005862
0.006592
0.005888
0.007753
0.006268
0.007863
0.006399
0.007098
0.006161
0.006126
0.007051
0.009153
0.005867
0.004986
0.006558
0.008157
0.006851
0.006512
0.005889
0.008062
0.005436
0.008007
0.005687
0.00456
0.007692
0.007845
0.006198
0.006987
0.00658
0.006292
0.00623
0.008375
0.009139
0.007506
0.006832
0.004563
0.005387
0.0078
0.007328
0.006922
0.008206
0.00585
0.009712
0.007232
0.00733
0.007874
0.007955
0.007794
0.006636
0.006975
0.006038
0.004373
0.007969
0.0076
0.009387
0.005237
0.007828
0.005141
0.008054
0.007448
0.008237
0.007681
0.008514
0.007505
0.008261
0.00696
0.007803
0.006505
0.008871
0.005193
0.007471
0.00673
0.007601
0.008896
0.007978
0.008181
0.008675
0.009069
0.005738
0.008467
0.009104
0.008272
0.008437
0.006451
0.010881
0.007607
0.00824
0.007411
0.008198
