-0.11941975999999999
-0.11225092000000003
-0.10736248000000001
-0.10406064000000002
-0.10016920000000004
-0.09663310000000008
-0.09355240000000009
-0.09169330000000006
-0.08997520000000005
-0.08789642000000006
-0.08682002000000004
-0.08546612000000003
-0.08344774000000003
-0.08352840000000004
-0.08386246000000003
-0.08310156000000005
-0.08289856000000004
-0.08130156000000005
-0.08103086000000005
-0.08060280000000004
-0.07857218000000006
-0.07825534000000008
-0.07713868000000007
-0.07665132000000009
-0.07514686000000008
-0.07588392000000006
-0.07577824000000005
-0.07543448000000005
-0.07510614000000006
-0.07495906000000005
-0.07476288000000006
-0.07471296000000009
-0.07366912000000007
-0.07384014000000008
-0.07336676000000007
-0.07252386000000006
-0.07125918000000009
-0.07088392000000013
-0.06963044000000013
-0.0680619600000001
-0.06837150000000014
-0.06837500000000013
-0.06662976000000012
-0.06672370000000011
-0.06510918000000013
-0.06489186000000012
-0.06482564000000013
-0.06393816000000013
-0.06372414000000011
-0.06409890000000013
-0.06309328000000011
-0.061711820000000105
-0.06172146000000011
-0.06205448000000011
-0.06205306000000012
-0.0626964200000001
-0.06127328000000011
-0.0609300600000001
-0.06105572000000009
-0.0601233400000001
-0.060512260000000116
-0.06008662000000012
-0.06008658000000011
-0.05912042000000011
-0.05895814000000008
-0.0585286000000001
-0.05963084000000011
-0.058851440000000095
-0.058859660000000084
-0.05916252000000008
-0.058758620000000074
-0.0589159800000001
-0.05940368000000009
-0.05778842000000007
-0.057786980000000085
-0.057636780000000096
-0.05756412000000007
-0.057023980000000064
-0.05748508000000007
-0.057359900000000075
-0.056486420000000065
-0.05746364000000009
-0.05708648000000009
-0.05704012000000007
-0.05585812000000008
-0.057417680000000096
-0.05653320000000008
-0.056154960000000066
-0.056138240000000075
-0.05596182000000007
-0.05645000000000007
-0.05562066000000005
-0.055906320000000044
-0.05461270000000005
-0.05643686000000007
-0.05538178000000007
-0.05502918000000004
-0.05458504000000002
-0.05582594000000003
-0.055273300000000046
-0.05500560000000004
-0.05591776000000004
-0.05556074000000004
-0.054908940000000024
-0.055190800000000026
-0.05534962000000003
-0.05472326000000001
-0.05449012000000002
-0.054337940000000015
-0.05389470000000002
-0.05439558000000002
-0.05376488
-0.05350814000000002
-0.05298906
-0.05333228000000001
-0.05329259999999999
-0.05414748
-0.05456060000000001
-0.053813920000000015
-0.053266240000000006
-0.05310533999999998
-0.05266692
-0.05265377999999998
-0.05280735999999998
-0.05245537999999999
-0.0524903
-0.052081599999999985
-0.05224835999999998
-0.05212095999999997
-0.05205639999999998
-0.05151785999999998
-0.052327619999999984
-0.052248579999999996
-0.05242759999999999
-0.05210095999999998
-0.05181327999999999
-0.05146267999999999
-0.05195441999999999
-0.05155467999999997
-0.05171641999999998
-0.05184097999999997
-0.052584099999999995
-0.05163193999999996
-0.05180382
-0.05197405999999998
-0.05234076
-0.052235139999999985
-0.05289741999999999
-0.05159589999999997
-0.05198399999999999
-0.052082359999999994
-0.05138047999999998
-0.051538999999999974
-0.05191471999999998
-0.050556899999999974
-0.051673719999999965
-0.05069203999999997
-0.051783299999999984
-0.051204379999999966
-0.05057649999999997
-0.05075507999999997
-0.051757999999999964
-0.05185443999999997
-0.05099463999999997
-0.051045779999999985
-0.05017923999999997
-0.051271979999999974
-0.05071117999999997
-0.05067527999999998
-0.05010195999999996
-0.04991155999999999
-0.05089631999999998
-0.05042575999999998
-0.05063915999999999
-0.050150919999999974
-0.05066759999999999
-0.050125759999999964
-0.05053425999999997
-0.05037437999999998
-0.050222059999999985
-0.04977383999999997
-0.050073419999999966
-0.04972139999999998
-0.04935293999999997
-0.05046167999999998
-0.05027759999999999
-0.050296679999999976
-0.04993507999999998
-0.04856019999999996
-0.049629119999999985
-0.04962391999999999
-0.048405799999999964
-0.049714899999999985
-0.049736840000000004
-0.04898319999999998
-0.04939063999999999
-0.049860219999999976
-0.04819957999999999
-0.04912766
-0.048572359999999995
-0.047840099999999997
-0.04836338
-0.04816727999999999
-0.04767669999999999
-0.047610759999999995
-0.04733714000000001
-0.047077519999999984
-0.04771119999999998
-0.047359159999999983
-0.0472955
-0.047562539999999986
-0.047039679999999987
-0.047269099999999974
-0.048672580000000014
-0.04828922
-0.04686963999999999
-0.048909520000000005
-0.04791824000000001
-0.048050100000000005
-0.048370600000000014
-0.04820888000000001
-0.04745706000000001
-0.048415800000000016
-0.04770306000000001
-0.04796542000000001
-0.04802488000000001
-0.04798140000000001
-0.04863298000000002
-0.048970700000000006
-0.047571580000000016
-0.048137739999999984
-0.048808800000000006
-0.04841268000000001
-0.04884988000000002
-0.04846812000000002
-0.04932068000000001
-0.04880154000000001
-0.04860952000000001
-0.049202300000000025
-0.047560600000000015
-0.04754626000000001
-0.04818048000000001
-0.04857182000000002
-0.04679596000000001
-0.04702358000000002
-0.04620658
-0.04650608000000001
-0.046706480000000015
-0.047340040000000014
-0.04574200000000001
-0.04657074000000001
-0.04646548
-0.04636190000000002
-0.04653782000000002
-0.04748766000000001
-0.04655958000000001
-0.047040500000000006
-0.04767068000000001
-0.04703924000000002
-0.046780040000000016
-0.04616606000000001
-0.04660254000000001
-0.04627510000000002
-0.04647194000000001
-0.046979760000000016
-0.04622952
-0.045130880000000026
-0.04562724000000002
-0.04556686000000001
-0.045073480000000006
-0.04486814000000001
-0.04466626
-0.04594410000000001
-0.04519708000000001
-0.04475212
-0.0448098
-0.04408364000000001
-0.04555248000000001
-0.04337878000000002
-0.04362584000000002
-0.04366738000000001
-0.04419588000000001
-0.043189720000000015
-0.04355848000000002
-0.04345730000000003
-0.04358604000000002
-0.04320528000000002
-0.04298028000000001
-0.04393230000000003
-0.042975300000000036
-0.04356992000000005
-0.04300636000000003
-0.04294538000000002
-0.04316948000000004
-0.042179100000000025
-0.04336880000000003
-0.04299316000000003
-0.043382200000000024
-0.04325522000000003
-0.04333858000000003
-0.04323056000000003
-0.043471320000000035
-0.04356972000000004
-0.04299366000000002
-0.04329716000000002
-0.04274564000000002
-0.04422824000000003
-0.043320620000000025
-0.04275494000000002
-0.04464690000000002
-0.04412400000000003
-0.04275118000000003
-0.04437240000000003
-0.044107380000000036
-0.04427240000000001
-0.04357918000000003
-0.04333230000000004
-0.043138800000000026
-0.04317504000000003
-0.043774720000000045
-0.04303822000000003
-0.04287126000000002
-0.04311372000000003
-0.04329696000000003
-0.04337876000000002
-0.04331172000000003
-0.04346430000000003
-0.04334788000000004
-0.04314400000000003
-0.04356168000000002
-0.04415114000000005
-0.04321988000000004
-0.04379442000000003
-0.04324726000000003
-0.043211160000000026
-0.04357688000000003
-0.043965540000000046
-0.04349324000000004
-0.042812780000000036
-0.04380364000000002
-0.043533440000000034
-0.043367500000000045
-0.04352680000000003
-0.04356908000000003
-0.04227840000000002
-0.043365640000000025
-0.04310342000000001
-0.04384800000000004
-0.043343120000000034
-0.04348050000000003
-0.04389660000000004
-0.043638040000000045
-0.04328640000000004
-0.04406610000000004
-0.04318926000000003
-0.04405206000000004
-0.04298646000000004
-0.04304058000000004
-0.04275762000000003
-0.04241726000000004
-0.04286100000000004
-0.04305488000000004
-0.042403840000000026
-0.04242990000000003
-0.04244710000000002
-0.04240010000000003
-0.04312392000000004
-0.04329670000000005
-0.04276582000000004
-0.042410920000000046
-0.04204062000000003
-0.043393660000000035
-0.042405820000000045
-0.04198756000000002
-0.04210592000000005
-0.04211084000000004
-0.04189464000000004
-0.04106122000000004
-0.04226586000000003
-0.04188174000000003
-0.04154966000000004
-0.04134238000000003
-0.04080982000000003
-0.04112912000000003
-0.04137920000000004
-0.041368060000000026
-0.04168528000000002
-0.042484000000000036
-0.04137898000000004
-0.040944220000000024
-0.042558080000000026
-0.04122030000000004
-0.04177134000000004
-0.04135998000000003
-0.04162576000000004
-0.04089376000000003
-0.04120650000000003
-0.04154852000000003
-0.04046482000000004
-0.041758140000000034
-0.04090288000000003
-0.04203596000000004
-0.042118460000000024
-0.04145388000000004
-0.04251126000000004
-0.04097170000000003
-0.04206612000000003
-0.04213510000000003
-0.04101638000000003
-0.04067090000000004
-0.041777380000000044
-0.04123480000000002
-0.041394440000000046
-0.041052840000000035
-0.04154586000000004
-0.04182672000000004
-0.04256162000000004
-0.04180240000000003
-0.042472320000000036
-0.04223106000000004
-0.04134312000000003
-0.04229308000000004
-0.04187560000000005
-0.04214030000000004
-0.04220010000000004
-0.04212392000000004
-0.042516400000000044
-0.04213858000000004
-0.04255976000000006
-0.04108716000000003
-0.041989120000000026
-0.04211846000000004
-0.041570240000000036
-0.042777000000000044
-0.04145272000000004
-0.04222412000000004
-0.041889540000000024
-0.040774860000000024
-0.04192152000000004
-0.04242728000000004
-0.041617840000000045
-0.042130460000000036
-0.041912420000000034
-0.042004420000000035
-0.04161556000000004
-0.041588040000000034
-0.04200580000000003
-0.04256420000000003
-0.04278728000000004
-0.042448580000000034
-0.042726580000000035
-0.04224936000000004
-0.04197676000000004
-0.04110320000000004
-0.04193534000000003
-0.04182690000000004
-0.04127062000000002
-0.04181000000000004
-0.04231776000000004
-0.041669380000000034
-0.04237454000000003
-0.041243380000000024
-0.04167004000000003
-0.04349500000000004
-0.04154420000000004
-0.042717580000000054
-0.042096620000000036
-0.041638400000000034
-0.04188896000000005
-0.041299620000000044
-0.04218714000000003
-0.041335720000000034
-0.03986052000000004
-0.04088436000000002
-0.04143558000000004
-0.04126116000000003
-0.04108706000000002
-0.04250534000000003
-0.04131988000000003
-0.042001380000000026
-0.041090520000000026
-0.040820640000000026
-0.040857120000000025
-0.040883420000000024
-0.041228980000000026
-0.041854900000000035
-0.04252350000000002
-0.04090538000000001
-0.040622320000000024
-0.040910760000000025
-0.04157058000000004
-0.041256400000000026
-0.04147524000000003
-0.04208902000000004
-0.040591720000000026
-0.04103722000000003
-0.04078024000000003
-0.039452680000000025
-0.040715100000000025
-0.04015840000000003
-0.040631660000000035
-0.04088734000000003
-0.04095772000000004
-0.04031984000000003
-0.04079652000000003
-0.04038242000000003
-0.040536740000000036
-0.04036222000000004
-0.04103698000000005
-0.04058736000000003
-0.04023102000000003
-0.04000618000000003
-0.040641140000000034
-0.04084102000000003
-0.040987200000000036
-0.041101760000000036
-0.040511560000000044
-0.03973438000000003
-0.04103508000000002
-0.04061566000000003
-0.040808640000000035
-0.040668020000000034
-0.04102740000000003
-0.04004280000000003
-0.04148364000000002
-0.041101320000000025
-0.04051682000000002
-0.040721900000000026
-0.03981380000000003
-0.04019630000000003
-0.04123202000000003
-0.041436740000000014
-0.040931900000000035
-0.040613060000000034
-0.04070328000000003
-0.03966414000000002
-0.040993100000000025
-0.04174240000000004
-0.040497160000000025
-0.04090048000000003
-0.04103010000000003
-0.04086140000000002
-0.04056618000000003
-0.04104866000000003
-0.04073514000000003
-0.04189750000000004
-0.041073340000000035
-0.04150532000000004
-0.03973152000000003
-0.04136266000000004
-0.04126530000000004
-0.03967664000000003
-0.03948552000000003
-0.039551100000000027
-0.04001720000000003
-0.04004800000000003
-0.03972134000000003
-0.040058880000000026
-0.040053580000000026
-0.03975566000000003
-0.04066686000000004
-0.04029384000000003
-0.04051624000000004
-0.04015048000000004
-0.04022734000000003
-0.04034802000000003
-0.03968352000000003
-0.040259400000000035
-0.04082576000000004
-0.04037080000000003
-0.04001038000000003
-0.03970060000000004
-0.039777860000000026
-0.040385180000000034
-0.039427900000000037
-0.03996326000000003
-0.04013848000000003
-0.04028890000000003
-0.040218000000000025
-0.04017452000000002
-0.04064578000000003
-0.04105302000000002
-0.039826320000000026
-0.03989518000000004
-0.03969652000000003
-0.03997040000000003
-0.040257840000000024
-0.038990660000000024
-0.038928780000000024
-0.040568520000000025
-0.04067946000000003
-0.040522060000000026
-0.04029410000000003
-0.03876470000000003
-0.039537260000000025
-0.03966676000000003
-0.03962224000000004
-0.03969256000000002
-0.039949820000000025
-0.03956614000000003
-0.040079340000000026
-0.03938274000000003
-0.04039848000000003
-0.039380320000000024
-0.03895858000000002
-0.04001928000000003
-0.03983450000000002
-0.039932460000000024
-0.04016154000000002
-0.03960060000000003
-0.04058666000000003
-0.039992700000000034
-0.03985056000000002
-0.04008198000000003
-0.04025206000000003
-0.03922856000000003
-0.040025700000000025
-0.03943364000000003
-0.03899860000000002
-0.039021100000000024
-0.040212620000000025
-0.040695640000000026
-0.039785640000000025
-0.03972038000000002
-0.04060120000000003
-0.03980890000000002
-0.03874478000000001
-0.039582100000000016
-0.04002642000000003
-0.04012254000000002
-0.039393800000000014
-0.03921642000000002
-0.04017886000000002
-0.03897072000000002
-0.03939302000000002
-0.039861000000000014
-0.04082200000000003
-0.03936248000000002
-0.03947092000000002
-0.038952340000000016
-0.039640160000000015
-0.03989948000000003
-0.03971062000000002
-0.03891390000000003
-0.03957882000000003
-0.039635380000000026
-0.039664900000000024
-0.04029084000000003
-0.03902822000000002
-0.03986478000000003
-0.039071580000000015
-0.03957012000000002
-0.04008066000000002
-0.03946918000000001
-0.039255220000000014
-0.04043120000000002
-0.03959134000000002
-0.03982838000000002
-0.03960748000000003
-0.040704940000000016
-0.040218400000000015
-0.039852360000000024
-0.04036448000000003
-0.039389920000000016
-0.03989054000000002
-0.040379340000000014
-0.03981736000000002
-0.039279800000000024
-0.039932180000000025
-0.03875350000000002
-0.038965100000000016
-0.03989386000000002
-0.03991732000000003
-0.04013034000000002
-0.039399080000000024
-0.04044658000000003
-0.03902810000000003
-0.039776880000000014
-0.03873092000000002
-0.03982990000000003
-0.03988388000000002
-0.03947082000000002
-0.03795384000000002
-0.038348660000000014
-0.03950874000000002
-0.03950574000000001
-0.03873884000000001
-0.03939788000000002
-0.03840100000000002
-0.03901888000000002
-0.03957184000000002
-0.03977388000000001
-0.03972082000000002
-0.039121720000000006
-0.039199480000000016
-0.03837882000000001
-0.03953590000000001
-0.03795476000000002
-0.038806040000000014
-0.039457600000000016
-0.03929040000000001
-0.03804920000000001
-0.038420740000000016
-0.03850592000000001
-0.03935188000000003
-0.03906154000000002
-0.038953000000000015
-0.038543080000000014
-0.03946672000000002
-0.03883934000000001
-0.040536320000000015
-0.03859872000000002
-0.03916018000000001
-0.03922988000000001
-0.039644960000000014
-0.03950012000000001
-0.039417420000000016
-0.039689800000000025
-0.039423260000000016
-0.039134560000000006
-0.039212300000000005
-0.039587640000000014
-0.040024680000000014
-0.03921610000000001
-0.03918382000000001
-0.03960414000000002
-0.04070044000000002
-0.03989102000000002
-0.039585920000000024
-0.039136600000000014
-0.04004324000000002
-0.03962390000000002
-0.03899078000000001
-0.03910456000000002
-0.03965186000000001
-0.03966842000000001
-0.03970104000000002
-0.040620020000000014
-0.038803020000000014
-0.040223200000000014
-0.03959192000000001
-0.03938724000000002
-0.03992926
-0.03848908000000001
-0.03945564000000001
-0.04005226000000002
-0.039155240000000015
-0.038518520000000014
-0.03840420000000001
-0.03820870000000001
-0.039747980000000016
-0.03859624000000001
-0.03914072000000001
-0.039191140000000006
-0.03907602
-0.04000880000000001
-0.039071640000000005
-0.03909992000000002
-0.03943564000000002
-0.03941748000000001
-0.03845738000000001
-0.03921362000000002
-0.038734800000000014
-0.03896640000000001
-0.03905570000000002
-0.038000640000000016
-0.039110060000000016
-0.03891938000000001
-0.03924220000000001
-0.03843378
-0.03919974000000001
-0.03914118000000002
-0.03889160000000002
-0.038820880000000016
-0.03823288000000002
-0.038427620000000016
-0.03890358000000002
-0.038113000000000015
-0.03967636000000002
-0.03836334000000001
-0.03925354000000001
-0.03930026000000002
-0.03897520000000001
-0.039000400000000025
-0.03924664000000002
-0.037896460000000014
-0.03912154000000002
-0.03844540000000002
-0.03848658000000002
-0.039264040000000014
-0.03858102000000002
-0.038648500000000016
-0.03888710000000002
-0.03858892000000002
-0.03867548000000002
-0.03841688000000003
-0.037973420000000015
-0.038840160000000026
-0.038243580000000006
-0.03842880000000003
-0.03919220000000003
-0.03943956000000002
-0.038642600000000006
-0.03894506000000002
-0.03943098000000002
-0.03845530000000001
-0.038463920000000026
-0.03901532000000003
-0.03812252000000002
-0.040015340000000024
-0.038621120000000016
-0.03894970000000002
-0.03922922000000002
-0.03837796000000002
-0.03812746000000002
-0.039022340000000016
-0.038936580000000026
-0.03914316000000001
-0.03930798000000001
-0.03858266000000002
-0.03854906000000002
-0.03830158000000003
-0.038186820000000024
-0.03836104000000001
-0.03878820000000001
-0.03848116000000002
-0.038313040000000013
-0.03897682000000001
-0.037742440000000016
-0.03880564000000001
-0.037753680000000005
-0.038485500000000006
-0.03756520000000001
-0.03791642000000001
-0.039086800000000005
-0.038280220000000004
-0.03717362
-0.0376925
-0.038615460000000004
-0.03870290000000001
-0.03843606000000001
-0.03830944000000001
-0.03841318000000002
-0.038325720000000014
-0.03874456
-0.03817582000000003
-0.03834774000000002
-0.03782828000000002
-0.037609960000000026
-0.03871650000000002
-0.03881902000000002
-0.03885846000000001
-0.039503800000000026
-0.03846682000000002
-0.03885078000000002
-0.038721000000000026
-0.03885856000000002
-0.03800416000000002
-0.03794520000000002
-0.038015800000000016
-0.03875116000000002
-0.03881814000000002
-0.03837022000000003
-0.038366760000000034
-0.03812168000000002
-0.03817556000000002
-0.03855510000000003
-0.03874870000000002
-0.038331660000000024
-0.03870788000000002
-0.039691220000000034
-0.03844668000000002
-0.03930386000000001
-0.03778492000000002
-0.03819182000000001
-0.038009520000000026
-0.03925396000000002
-0.03896530000000002
-0.03942014000000002
-0.03872864000000003
-0.03833128000000002
-0.03856564000000001
-0.03827022000000002
-0.03761742000000002
-0.03843778000000002
-0.03842084000000002
-0.037587240000000015
-0.03887318000000002
-0.03852030000000002
-0.03889200000000002
-0.03795622000000003
-0.039300920000000024
-0.038201520000000024
-0.03791154000000002
-0.038473140000000024
-0.03786540000000002
-0.03888590000000002
-0.03774454000000002
-0.03857544000000002
-0.03910850000000002
-0.03838428000000002
-0.038838680000000035
-0.03883256000000002
-0.038685280000000016
-0.038818660000000026
-0.039124200000000026
-0.03924616000000002
-0.03862608000000003
-0.03828554000000002
-0.03908170000000002
-0.03798944000000002
-0.039003080000000016
-0.038382340000000015
-0.03890392000000002
-0.038084880000000015
-0.03889196000000002
-0.039035400000000026
-0.038720440000000016
-0.037898920000000016
-0.038362520000000025
-0.03838896000000002
-0.03874388000000002
-0.03897834000000002
-0.03828082000000002
-0.038045540000000024
-0.03750306000000001
-0.03846550000000001
-0.03840128000000001
-0.038990160000000024
-0.03864680000000002
-0.03903596000000002
-0.038268820000000016
-0.03871044000000002
-0.03828452000000002
-0.03727786000000002
-0.03809360000000002
-0.03889844000000001
-0.03841186000000003
-0.03878008000000002
-0.03804268000000002
-0.03839304000000003
-0.03769590000000002
-0.03796196000000002
-0.038004740000000016
-0.03825746000000002
-0.038929760000000015
-0.03901334000000003
-0.03856250000000002
-0.03825668000000002
-0.03767426000000002
-0.03854694000000002
-0.038911040000000015
-0.03903496000000002
-0.038422020000000015
-0.03759688000000001
-0.038997540000000025
-0.03838916000000002
-0.03864028000000002
-0.03809616000000002
-0.038109380000000026
-0.03940028000000003
-0.03853760000000002
-0.03787810000000001
-0.03811762000000002
-0.038285800000000016
-0.03882518000000002
-0.03818658000000002
-0.03836300000000002
-0.03818790000000001
-0.03807940000000003
-0.03851926000000002
-0.03846604000000002
-0.03788668000000002
-0.03844488000000002
-0.03899844000000002
-0.03810070000000002
-0.038052320000000035
-0.03739418000000002
-0.03843712000000002
-0.03855328000000001
-0.03854604000000002
-0.03895292000000003
-0.037804600000000015
-0.038367620000000026
-0.03787586000000002
-0.037866900000000016
-0.036664320000000014
-0.03794966000000002
-0.038451320000000025
-0.03792658000000003
-0.03769578000000002
-0.037904340000000016
-0.03677534000000002
-0.03801410000000002
-0.03746752000000002
-0.037560960000000025
-0.03820434000000002
-0.03798926000000002
-0.03739814000000002
-0.037263200000000024
-0.038245920000000024
-0.03799532000000003
-0.03721708000000002
-0.037962740000000016
-0.038374580000000026
-0.037949240000000016
-0.03776922000000001
-0.03860806000000001
-0.03816826000000002
-0.037458480000000016
-0.037707420000000026
-0.03810586000000001
-0.03771480000000002
-0.03775344000000002
-0.03835934000000002
-0.036964600000000014
-0.037981040000000015
-0.037475660000000015
-0.03827772000000002
-0.03824734000000001
-0.03767516000000003
-0.03851472000000001
-0.03751144000000001
-0.03713760000000001
-0.03694216
-0.03743438
-0.03778036000000001
-0.03784046000000001
-0.03769170000000001
-0.037681680000000016
-0.03748484000000001
-0.037563820000000005
-0.03772732000000001
-0.03719448000000001
-0.036531680000000004
-0.03790568000000001
-0.03756266000000001
-0.03757782000000001
-0.03770348000000001
-0.037076880000000006
-0.03661434
-0.03805398000000001
-0.03837482000000001
-0.037295600000000005
-0.03777256000000001
-0.03819272000000001
-0.03752826000000001
-0.038227420000000005
-0.03886366000000001
-0.037299460000000006
-0.037793860000000006
-0.03658322000000001
-0.037998420000000005
-0.037362000000000006
-0.03826800000000001
-0.03669842000000001
-0.037841160000000006
-0.03708168000000001
-0.03697410000000001
-0.037224460000000015
-0.03738948
-0.03741380000000001
-0.037531180000000004
-0.037152640000000015
-0.03761580000000001
-0.03803236000000001
-0.03731466
-0.03772082000000001
-0.03764724000000001
-0.03801522
-0.0373278
-0.03749646000000001
-0.03739486
-0.03688796000000001
-0.03743612000000002
-0.037115740000000015
-0.037201640000000015
-0.037281600000000005
-0.03723660000000001
-0.03783754
-0.03750510000000001
-0.03751802000000002
-0.03668356000000002
-0.03775412000000001
-0.03743814000000001
-0.03736756000000001
-0.037969360000000014
-0.037569780000000004
-0.03697736000000001
-0.038099360000000006
-0.03704986
-0.037158840000000005
-0.036710320000000005
-0.03668526000000001
-0.03886408000000001
-0.037684200000000015
-0.0372815
-0.03699480000000001
-0.037044240000000006
-0.03708984000000001
-0.037671320000000015
-0.03769352
-0.03831408000000001
-0.03736218
-0.036795380000000016
-0.03670072000000001
-0.03750222000000001
-0.03813338000000001
-0.037166600000000015
-0.03717144000000001
-0.03783866000000001
-0.03851530000000001
-0.037298600000000015
-0.036610020000000014
-0.03690366
-0.03738434
-0.037131420000000005
-0.037752280000000006
-0.03716512
-0.037850500000000016
-0.03719418000000001
-0.03734444
-0.03627456000000001
-0.03731458000000001
-0.037598340000000015
-0.038044680000000004
-0.03704526000000001
-0.03799426
-0.037803160000000016
-0.037246640000000004
-0.03679886000000001
-0.03646192000000001
-0.03753224000000001
-0.03804342000000001
-0.03720296000000001
-0.03719050000000001
-0.037138480000000015
-0.03717206000000001
-0.03688530000000001
-0.03662910000000001
-0.037506080000000004
-0.036833960000000006
-0.036974900000000005
-0.037218020000000004
-0.03682020000000001
-0.03761764
-0.03787936000000002
-0.03667726000000002
-0.037392680000000005
-0.03800277999999999
-0.03726174000000001
-0.0377588
-0.03754466000000002
-0.03700342000000001
-0.03747864
-0.03749674000000001
-0.03798270000000001
-0.036596439999999994
-0.03662130000000001
-0.03723528
-0.03738702000000001
-0.037261720000000005
-0.03667422000000001
-0.03696826
-0.03723408000000001
-0.036693520000000014
-0.03685786000000001
-0.03691128000000001
-0.03692806000000001
-0.03727293999999999
-0.035793040000000005
-0.03696336
-0.03830324000000001
-0.03711306000000001
-0.03710762
-0.0371086
-0.03771548
-0.0368268
-0.03738074
-0.0373494
-0.036930640000000015
-0.037675980000000005
-0.037723559999999996
-0.03786272000000001
-0.03676548
-0.037805960000000007
-0.03734738000000001
-0.03666362
-0.03763404000000001
-0.03887006000000001
-0.03660406
-0.03640054000000001
-0.03757736000000002
-0.03691494000000001
-0.036691320000000006
-0.037291920000000006
-0.03794654000000001
-0.03683074
-0.03673538000000001
-0.03750608000000001
-0.03707230000000001
-0.03754964
-0.037766100000000004
-0.03687792000000001
-0.03696532000000001
-0.03679450000000001
-0.036474320000000005
-0.03686978000000001
-0.03747430000000001
-0.03654440000000001
-0.03795360000000001
-0.03738144000000001
-0.03748634000000001
-0.03738992000000001
-0.036799540000000006
-0.03705442000000001
-0.03704110000000001
-0.03715478
-0.037876560000000004
-0.037348200000000005
-0.03720366000000001
-0.0377175
-0.03808264000000001
-0.03752220000000001
-0.03835960000000001
-0.03782462
-0.03711798000000001
-0.03774108000000001
-0.03703112000000001
-0.03712224
-0.03694006
-0.03803788
-0.03802376000000001
-0.03706722000000001
-0.03708100000000001
-0.03730746
-0.03737172000000002
-0.03757036000000001
-0.03694372
-0.03764878000000001
-0.03743726000000001
-0.03733524000000001
-0.03676112000000002
-0.037246140000000004
-0.03753750000000001
-0.03779102
-0.03806346000000001
-0.0377153
-0.03778974000000001
-0.03695194000000001
-0.03790622
-0.037797040000000004
-0.037815940000000006
-0.0378049
-0.03763406000000001
-0.036749920000000005
-0.03796436000000001
-0.038272020000000004
-0.037230440000000004
-0.03781920000000001
-0.03743682000000001
-0.03668618000000001
-0.03717220000000001
-0.037896540000000006
-0.03763642000000001
-0.03732966000000001
-0.03778842
-0.03754820000000001
-0.037979560000000016
-0.0376763
-0.03785370000000001
-0.037229560000000016
-0.03794476000000001
-0.03752764
-0.03775346000000001
-0.03695296000000001
-0.03671540000000001
-0.037790500000000005
-0.03876388
-0.03838606000000001
-0.03753670000000001
-0.03771064000000001
-0.03800842000000001
-0.037732459999999995
-0.037475999999999995
-0.03720508
-0.037621060000000005
-0.03703488
-0.03729930000000001
-0.03719958
-0.03823588000000001
-0.03774544
-0.03748316
-0.036641820000000005
-0.03768586
-0.03759176
-0.03741986000000001
-0.03877552
-0.03686344000000001
-0.03740902
-0.03734612
-0.03706072
-0.03708444
-0.03747302
-0.037727420000000005
-0.03788326000000001
-0.03710022000000001
-0.037608739999999995
-0.03742406
-0.0371041
-0.03695694
-0.037215
-0.037167479999999996
-0.037479620000000005
-0.036543019999999996
-0.03747402
-0.0370849
-0.03778616
-0.03675726
-0.03763508
-0.03752868
-0.0375097
-0.03662309999999999
-0.037993
-0.0380542
-0.03701256
-0.03695904
-0.036857
-0.0369312
-0.036901939999999994
-0.03785872
-0.0381201
-0.037792179999999995
-0.03732884
-0.03776874
-0.036943840000000006
-0.036597300000000006
-0.03746123999999999
-0.03677459999999999
-0.03724283999999999
-0.036899379999999996
-0.03715709999999999
-0.036860220000000006
-0.0373441
-0.037332599999999994
-0.03693756
-0.03810093999999999
-0.037510959999999996
-0.036708700000000004
-0.037092820000000006
-0.03743584
-0.03799980000000001
-0.03712607999999999
-0.037281039999999994
-0.03674506
-0.037752440000000005
-0.03652348
-0.0378237
-0.03752365999999999
-0.03758264
-0.036431340000000006
-0.037645639999999994
-0.03702306
-0.03761888
-0.03770734
-0.03699898
-0.0370032
-0.036923559999999994
-0.03697291999999999
-0.037715439999999996
-0.036873800000000005
-0.037269140000000006
-0.03704140000000001
-0.03683331999999999
-0.037271059999999995
-0.03739573999999999
-0.03786546
-0.03656934
-0.03699444
-0.03706141999999999
-0.03730775999999998
-0.037294100000000004
-0.036962199999999994
-0.03629778
-0.037046380000000004
-0.03672458
-0.03648212
-0.036310699999999994
-0.03673073999999999
-0.036423719999999986
-0.03690573999999999
-0.03639189999999999
-0.03701253999999999
-0.03712823999999999
-0.0362075
-0.035623439999999985
-0.036090739999999996
-0.03612559999999999
-0.03659933999999999
-0.03571073999999999
-0.037708679999999994
-0.036438999999999985
-0.03610361999999999
-0.03620805999999999
-0.03610925999999999
-0.03670077999999999
-0.036494799999999994
-0.0365981
-0.036413519999999984
-0.03641248
-0.036958300000000006
-0.03644694
-0.03647342
-0.03710332
-0.03580668
-0.035754879999999996
-0.03665305999999999
-0.03691306
-0.0364715
-0.0360572
-0.036008979999999996
-0.03612494
-0.03735763999999999
-0.037404939999999984
-0.03608383999999999
-0.03561075999999999
-0.036445099999999994
-0.035732879999999995
-0.03600381999999999
-0.03561528
-0.03567728
-0.0360287
-0.035983079999999994
-0.03604887999999999
-0.0358119
-0.03549518
-0.036057399999999996
-0.03672154
-0.03542181999999999
-0.03480775999999999
-0.035282100000000004
-0.036351039999999994
-0.0359282
-0.035376239999999996
-0.03555158
-0.03637384
-0.035441419999999994
-0.035947839999999995
-0.03590267999999999
-0.035469099999999996
-0.03555850000000001
-0.03521710000000001
-0.036698800000000004
-0.03608915999999999
-0.03572198000000001
-0.03671176
-0.036048079999999996
-0.03590486
-0.036693879999999984
-0.03691569999999999
-0.03719462
-0.035795959999999995
-0.03612278
-0.03667032
-0.03540369999999999
-0.0354274
-0.036512119999999995
-0.03584595999999998
-0.03611611999999999
-0.03654787999999999
-0.03707111999999999
-0.03633197999999999
-0.03658417999999999
-0.037113679999999996
-0.03586331999999999
-0.03634825999999999
-0.03552295999999999
-0.03549898
-0.03586029999999999
-0.036150099999999984
-0.036433259999999995
-0.03634927999999998
-0.03538939999999998
-0.036468239999999985
-0.03571699999999999
-0.03642891999999999
-0.0359094
-0.03646549999999999
-0.036207759999999985
-0.036107279999999985
-0.035578479999999996
-0.03479588
-0.03676663999999999
-0.036599379999999994
-0.035627859999999976
-0.03517713999999999
-0.035218499999999986
-0.03581881999999999
-0.03573303999999999
-0.03558937999999999
-0.03555457999999999
-0.03475707999999999
-0.03547135999999999
-0.035589219999999984
-0.035744339999999986
-0.03631787999999999
-0.03621921999999999
-0.035462519999999983
-0.03537731999999999
-0.03510353999999999
-0.03615656
-0.03466235999999999
-0.03487591999999999
-0.03557863999999999
-0.035906579999999994
-0.036184339999999995
-0.03532475999999999
-0.03597573999999999
-0.034995019999999995
-0.03569971999999999
-0.03488894
-0.03559937999999999
-0.03527377999999999
-0.034151499999999994
-0.03559641999999999
-0.035206779999999986
-0.03593365999999999
-0.03461123999999999
-0.03491992
-0.03418655999999999
-0.03453914
-0.03504734
-0.035236699999999996
-0.03438855999999999
-0.03477007999999999
-0.03462084
-0.03548928
-0.035120179999999994
-0.03485845999999999
-0.03474336
-0.034683579999999985
-0.03399893999999999
-0.034488920000000006
-0.03442738
-0.035459399999999995
-0.03496405999999999
-0.03486312
-0.03494488
-0.03445126
-0.03466635999999999
-0.034375319999999994
-0.03471782
-0.0348099
-0.03473169999999999
-0.03389962
-0.03435326
-0.03409383999999999
-0.034439460000000005
-0.03433328000000001
-0.03446594
-0.03408638
-0.03287446
-0.03316108
-0.0332866
-0.034616619999999994
-0.033460199999999996
-0.03341464000000001
-0.03423806000000001
-0.03453373999999999
-0.03319702
-0.033046299999999994
-0.033660260000000004
-0.03360268000000001
-0.03459978
-0.033815700000000004
-0.03481828000000001
-0.033941559999999996
-0.0340232
-0.03379734
-0.033928940000000005
-0.03321226
-0.033391280000000016
-0.034044660000000004
-0.034033200000000007
-0.03416952
-0.034377899999999996
-0.03489172
-0.033969900000000004
-0.034150200000000006
-0.033420080000000005
-0.034679440000000006
-0.03363000000000001
-0.034557080000000004
-0.03426624000000001
-0.034252880000000006
-0.03341468
-0.033794660000000004
-0.033225
-0.03351934000000001
-0.03440298
-0.034062680000000005
-0.0339881
-0.03462796
-0.03370496
-0.03437836000000001
-0.032913460000000005
-0.03413484
-0.033893320000000005
-0.03400052
-0.033334960000000004
-0.033918720000000006
-0.034479260000000005
-0.033468460000000005
-0.034647120000000003
-0.03525654
-0.03319906
-0.03487982
-0.034274080000000005
-0.03355340000000001
-0.033974159999999996
-0.03468246
-0.03426218000000001
-0.03361898000000002
-0.03385988
-0.03408854
-0.03397754
-0.0324651
-0.03338382000000001
-0.034315120000000005
-0.033413240000000004
-0.033912920000000006
-0.03345360000000001
-0.03415684000000001
-0.033538160000000004
-0.03417806
-0.033705000000000006
-0.03334526
-0.033625880000000004
-0.03359880000000001
-0.03361192000000002
-0.034805360000000014
-0.034163340000000014
-0.033887280000000006
-0.032867640000000004
-0.03443546
-0.03308972
-0.0334945
-0.033857620000000005
-0.03346728000000001
-0.03397624000000001
-0.033081200000000005
-0.033577400000000014
-0.03356376000000001
-0.03419278000000001
-0.03375342000000001
-0.03457796000000001
-0.032980560000000006
-0.033631120000000014
-0.034589020000000005
-0.03377490000000001
-0.03369000000000001
-0.033419060000000014
-0.03353084000000002
-0.03343220000000001
-0.033665780000000006
-0.03363544
-0.03267854000000001
-0.03271732000000001
-0.03403438000000002
-0.03375540000000001
-0.03301000000000001
-0.03360290000000001
-0.033524800000000014
-0.03269646000000001
-0.03339830000000001
-0.03371954000000001
-0.03415856000000001
-0.03292882000000001
-0.03351256000000002
-0.03300430000000001
-0.03430632000000001
-0.03317394000000001
-0.03262932000000002
-0.03332238000000001
-0.03250122000000001
-0.03232502000000002
-0.03282752000000002
-0.03227264000000002
-0.03329136000000002
-0.03258016000000001
-0.032734340000000015
-0.033035820000000014
-0.032490700000000004
-0.03288554000000001
-0.03269468000000002
-0.03307442000000001
-0.033419360000000016
-0.03345946000000002
-0.03389476000000002
-0.032055880000000016
-0.03284406000000001
-0.03240078000000002
-0.03285470000000001
-0.03215164000000001
-0.03337436000000001
-0.03237030000000001
-0.03286400000000002
-0.03278722000000003
-0.03250290000000002
-0.033553760000000016
-0.03237752000000002
-0.03284750000000001
-0.03294380000000001
-0.03310610000000002
-0.03235012000000002
-0.03294186000000001
-0.033052680000000015
-0.03302520000000002
-0.033072480000000015
-0.032470640000000016
-0.032603060000000024
-0.033102940000000004
-0.03303984000000002
-0.03335144000000001
-0.03235532000000002
-0.032905240000000016
-0.032503320000000016
-0.034004880000000015
-0.032852420000000014
-0.03209644000000002
-0.03204628000000002
-0.03211976000000002
-0.033107640000000015
-0.03224676000000002
-0.032316640000000015
-0.032596500000000014
-0.03228660000000001
-0.03283736000000002
-0.03233042000000002
-0.03218190000000002
-0.03228682000000002
-0.031856820000000015
-0.03250814000000001
-0.03311848000000001
-0.031873700000000026
-0.032326340000000016
-0.03184800000000002
-0.032254680000000015
-0.03232488000000001
-0.03317282000000001
-0.03238516000000002
-0.03223672000000001
-0.03257878000000001
-0.031299220000000016
-0.03246586000000002
-0.03219982000000002
-0.032462980000000016
-0.03274112000000002
-0.03296838000000001
-0.03241192000000002
-0.03198618000000001
-0.03266852000000001
-0.031686060000000016
-0.03236334000000001
-0.03151636
-0.03158404000000002
-0.03133298000000001
-0.03146718000000001
-0.030799020000000014
-0.03194822000000001
-0.03195410000000001
-0.031012360000000013
-0.031201520000000014
-0.031718400000000015
-0.03156846000000001
-0.03279062000000001
-0.03164908000000001
-0.03117712000000001
-0.03199776000000002
-0.03126284000000001
-0.03205438000000002
-0.03224794000000001
-0.031524280000000016
-0.031212940000000012
-0.03098250000000001
-0.03116528000000001
-0.03128116000000001
-0.032227420000000014
-0.03267214
-0.031830260000000006
-0.03264470000000001
-0.03147868000000001
-0.03258684000000001
-0.03194302000000001
-0.03168056000000001
-0.03174144000000001
-0.03141806000000001
-0.03151766000000002
-0.03171576000000001
-0.031110280000000014
-0.031607120000000016
-0.03184360000000001
-0.031911320000000014
-0.03153614000000001
-0.03142896000000001
-0.031062500000000014
-0.03163094000000002
-0.03215166000000002
-0.03208220000000001
-0.03140426000000001
-0.032007340000000016
-0.031365820000000016
-0.032168940000000014
-0.032455640000000015
-0.03143854000000002
-0.031242200000000008
-0.03187710000000001
-0.03231604000000002
-0.03128400000000001
-0.03175478000000002
-0.032302700000000024
-0.032121440000000015
-0.03164548000000001
-0.03168272000000001
-0.03285368000000002
-0.031956760000000015
-0.031845720000000015
-0.031925720000000005
-0.031964880000000015
-0.03176516000000001
-0.031650980000000016
-0.03217666000000001
-0.031254220000000006
-0.03287154000000001
-0.03240250000000001
-0.03156202000000002
-0.03226650000000001
-0.03279342000000002
-0.032420939999999995
-0.031072500000000006
-0.03197298000000001
-0.03133220000000001
-0.03228402000000001
-0.03230310000000001
-0.031774220000000006
-0.03164406000000001
-0.031973820000000014
-0.03103936000000001
-0.03074758000000001
-0.032671300000000014
-0.03204690000000002
-0.03164812000000001
-0.03340922000000002
-0.03190712000000001
-0.03218268000000002
-0.03219120000000002
-0.03171812000000001
-0.03178122000000002
-0.03147238000000002
-0.03213128000000001
-0.032628360000000016
-0.032050240000000015
-0.031576100000000024
-0.03208960000000001
-0.0314851
-0.03135912000000001
-0.032565980000000015
-0.03172256000000002
-0.03233324000000002
-0.03176424000000001
-0.03232556
-0.03201348000000001
-0.03162882000000002
-0.03170532000000001
-0.030862820000000006
-0.03152840000000002
-0.030887900000000013
-0.03219650000000001
-0.03213860000000001
-0.03254490000000002
-0.031506700000000006
-0.03097746000000001
-0.03207154000000002
-0.031145860000000015
-0.03158342000000001
-0.031088740000000024
-0.03132184000000002
-0.03132798000000001
-0.03182394
-0.03186708000000002
-0.03157982000000001
-0.031689140000000025
-0.03129328000000001
-0.03292754000000001
-0.03182892000000001
-0.03057166000000001
-0.03138768000000001
-0.03106404000000002
-0.03137896000000002
-0.03146560000000002
-0.030852120000000004
-0.03183692000000001
-0.031708420000000015
-0.03145884000000001
-0.03073942000000001
-0.03138452000000001
-0.03133500000000001
-0.03181842000000002
-0.03146850000000001
-0.03196356000000001
-0.031228360000000014
-0.031053740000000007
-0.03129926000000001
-0.03138466000000001
-0.031170960000000022
-0.03161674000000002
-0.03160470000000001
-0.031648740000000015
-0.031879620000000004
-0.031870320000000014
-0.03125210000000001
-0.031240780000000013
-0.03104682000000001
-0.03164976000000001
-0.03125848000000002
-0.03233730000000002
-0.031151200000000014
-0.031957300000000015
-0.031432660000000015
-0.03248136000000001
-0.03187898000000001
-0.03044038000000001
-0.032117460000000014
-0.031244120000000007
-0.03186926000000001
-0.03137464000000001
-0.03178634
-0.03212372000000001
-0.03216274000000001
-0.03141348000000001
-0.03132438000000001
-0.031890120000000015
-0.03167508
-0.031627560000000006
-0.03166308000000001
-0.03139636000000001
-0.032749000000000014
-0.03174890000000001
-0.031109940000000013
-0.032274420000000005
-0.031926180000000005
-0.031798300000000015
-0.030983360000000005
-0.030837100000000003
-0.03125898000000001
-0.03182996000000001
-0.03162568000000001
-0.03209600000000001
-0.03176322
-0.031288440000000015
-0.03123280000000001
-0.03146802000000001
-0.03136548000000001
-0.031286560000000005
-0.03146840000000001
-0.03174386000000001
-0.031368460000000015
-0.030866320000000013
-0.030926740000000015
-0.03208034000000001
-0.030850300000000008
-0.03154094
-0.03149052000000001
-0.03149088000000001
-0.03207378000000001
-0.031232500000000014
-0.03150884
-0.031911660000000015
-0.030908600000000005
-0.03081306000000001
-0.032106420000000004
-0.030586300000000007
-0.03181952000000002
-0.031356240000000014
-0.031539400000000016
-0.031018640000000014
-0.03152458000000001
-0.03168994000000001
-0.030996460000000007
-0.03097656000000001
-0.031205140000000006
-0.03158018000000001
-0.031399380000000005
-0.03110116000000001
-0.031239700000000016
-0.03118634000000001
-0.031248020000000022
-0.031014460000000008
-0.03196252000000002
-0.03211392000000001
-0.03141380000000001
