-0.10435399999999981
-0.10435399999999981
-0.09806099999999998
-0.09531600000000004
-0.09222600000000004
-0.0862290000000001
-0.0857600000000001
-0.0857600000000001
-0.08487700000000006
-0.08202600000000008
-0.07991600000000011
-0.07888100000000006
-0.07693200000000006
-0.07661900000000009
-0.07661900000000009
-0.07661900000000009
-0.07661900000000009
-0.06992400000000006
-0.06992400000000006
-0.06992400000000006
-0.06992400000000006
-0.06992400000000006
-0.06992400000000006
-0.06992400000000006
-0.06850800000000007
-0.06850800000000007
-0.06850800000000007
-0.06850800000000007
-0.06850800000000007
-0.06850800000000007
-0.06850800000000007
-0.0672360000000001
-0.0672360000000001
-0.0672360000000001
-0.06266200000000008
-0.06266200000000008
-0.06266200000000008
-0.06266200000000008
-0.06172500000000007
-0.06172500000000007
-0.06122500000000017
-0.05758000000000009
-0.05758000000000009
-0.05758000000000009
-0.05758000000000009
-0.05758000000000009
-0.05483100000000005
-0.05483100000000005
-0.05483100000000005
-0.05483100000000005
-0.05438499999999999
-0.05438499999999999
-0.05438499999999999
-0.05438499999999999
-0.05438499999999999
-0.05438499999999999
-0.05347000000000002
-0.05347000000000002
-0.05347000000000002
-0.05337100000000012
-0.05337100000000012
-0.05067999999999998
-0.05067999999999998
-0.05067999999999998
-0.05067999999999998
-0.05067999999999998
-0.05067999999999998
-0.05067999999999998
-0.05067999999999998
-0.05067999999999998
-0.05067999999999998
-0.05067999999999998
-0.05067999999999998
-0.04987099999999998
-0.04987099999999998
-0.04987099999999998
-0.04940899999999997
-0.04940899999999997
-0.04940899999999997
-0.04940899999999997
-0.04940899999999997
-0.04940899999999997
-0.04940899999999997
-0.04940899999999997
-0.04940899999999997
-0.04940899999999997
-0.04940899999999997
-0.04774800000000001
-0.04774800000000001
-0.04575399999999999
-0.04575399999999999
-0.04575399999999999
-0.04575399999999999
-0.04575399999999999
-0.04575399999999999
-0.04575399999999999
-0.04575399999999999
-0.04575399999999999
-0.04575399999999999
-0.04575399999999999
-0.04575399999999999
-0.04575399999999999
-0.04575399999999999
-0.04575399999999999
-0.04575399999999999
-0.04575399999999999
-0.04575399999999999
-0.04575399999999999
-0.04575399999999999
-0.04575399999999999
-0.04575399999999999
-0.04575399999999999
-0.04575399999999999
-0.04575399999999999
-0.04500899999999997
-0.04500899999999997
-0.04500899999999997
-0.04500899999999997
-0.04500899999999997
-0.04500899999999997
-0.04304499999999998
-0.04304499999999998
-0.04304499999999998
-0.04304499999999998
-0.04304499999999998
-0.041527999999999954
-0.041527999999999954
-0.041527999999999954
-0.041527999999999954
-0.041527999999999954
-0.041527999999999954
-0.041527999999999954
-0.041527999999999954
-0.041527999999999954
-0.041527999999999954
-0.041527999999999954
-0.041527999999999954
-0.041527999999999954
-0.041527999999999954
-0.041527999999999954
-0.041527999999999954
-0.041527999999999954
-0.041527999999999954
-0.041527999999999954
-0.041527999999999954
-0.041527999999999954
-0.041527999999999954
-0.041527999999999954
-0.041527999999999954
-0.041527999999999954
-0.041527999999999954
-0.041527999999999954
-0.041527999999999954
-0.041527999999999954
-0.041527999999999954
-0.041527999999999954
-0.041527999999999954
-0.041527999999999954
-0.041527999999999954
-0.041527999999999954
-0.041527999999999954
-0.041527999999999954
-0.041527999999999954
-0.041527999999999954
-0.041527999999999954
-0.041527999999999954
-0.041527999999999954
-0.041527999999999954
-0.041527999999999954
-0.041527999999999954
-0.041527999999999954
-0.041527999999999954
-0.041527999999999954
-0.041527999999999954
-0.041527999999999954
-0.041527999999999954
-0.041527999999999954
-0.041527999999999954
-0.041527999999999954
-0.041527999999999954
-0.041527999999999954
-0.041527999999999954
-0.041527999999999954
-0.041527999999999954
-0.041527999999999954
-0.041527999999999954
-0.041527999999999954
-0.04139999999999995
-0.04139999999999995
-0.04139999999999995
-0.04139999999999995
-0.04139999999999995
-0.03946300000000002
-0.03946300000000002
-0.03946300000000002
-0.03946300000000002
-0.03946300000000002
-0.03946300000000002
-0.03946300000000002
-0.03946300000000002
-0.03946300000000002
-0.03946300000000002
-0.03946300000000002
-0.03946300000000002
-0.03946300000000002
-0.03946300000000002
-0.03946300000000002
-0.03946300000000002
-0.03946300000000002
-0.03946300000000002
-0.03946300000000002
-0.03946300000000002
-0.03946300000000002
-0.03946300000000002
-0.03946300000000002
-0.03946300000000002
-0.03946300000000002
-0.03910799999999999
-0.03910799999999999
-0.03910799999999999
-0.03910799999999999
-0.03910799999999999
-0.03910799999999999
-0.03910799999999999
-0.03910799999999999
-0.03910799999999999
-0.03910799999999999
-0.03910799999999999
-0.03910799999999999
-0.03910799999999999
-0.03910799999999999
-0.03910799999999999
-0.03910799999999999
-0.03910799999999999
-0.03910799999999999
-0.03910799999999999
-0.03910799999999999
-0.03910799999999999
-0.03910799999999999
-0.03910799999999999
-0.03910799999999999
-0.03785599999999995
-0.03785599999999995
-0.03785599999999995
-0.03785599999999995
-0.03785599999999995
-0.03785599999999995
-0.03785599999999995
-0.03785599999999995
-0.03785599999999995
-0.03785599999999995
-0.03785599999999995
-0.03785599999999995
-0.03785599999999995
-0.03785599999999995
-0.03785599999999995
-0.03785599999999995
-0.03785599999999995
-0.03785599999999995
-0.03785599999999995
-0.03785599999999995
-0.03785599999999995
-0.03785599999999995
-0.03785599999999995
-0.03785599999999995
-0.03532399999999992
-0.03532399999999992
-0.03532399999999992
-0.03532399999999992
-0.03532399999999992
-0.03532399999999992
-0.03532399999999992
-0.03532399999999992
-0.03532399999999992
-0.03532399999999992
-0.03532399999999992
-0.03502399999999996
-0.03502399999999996
-0.03502399999999996
-0.03502399999999996
-0.03502399999999996
-0.03502399999999996
-0.033979000000000016
-0.033979000000000016
-0.033979000000000016
-0.033979000000000016
-0.033979000000000016
-0.033979000000000016
-0.033979000000000016
-0.033979000000000016
-0.033979000000000016
-0.033979000000000016
-0.033979000000000016
-0.033979000000000016
-0.033979000000000016
-0.033979000000000016
-0.033979000000000016
-0.033979000000000016
-0.033979000000000016
-0.033979000000000016
-0.033979000000000016
-0.033979000000000016
-0.033979000000000016
-0.033979000000000016
-0.033979000000000016
-0.033979000000000016
-0.033979000000000016
-0.033979000000000016
-0.033979000000000016
-0.033979000000000016
-0.033979000000000016
-0.033979000000000016
-0.033979000000000016
-0.033979000000000016
-0.033979000000000016
-0.033979000000000016
-0.033979000000000016
-0.033979000000000016
-0.033979000000000016
-0.033979000000000016
-0.033979000000000016
-0.033979000000000016
-0.033979000000000016
-0.033979000000000016
-0.033979000000000016
-0.033979000000000016
-0.033979000000000016
-0.033979000000000016
-0.033979000000000016
-0.033979000000000016
-0.033979000000000016
-0.033979000000000016
-0.033979000000000016
-0.033979000000000016
-0.033979000000000016
-0.033979000000000016
-0.033979000000000016
-0.033979000000000016
-0.033979000000000016
-0.033979000000000016
-0.033979000000000016
-0.033979000000000016
-0.033979000000000016
-0.033979000000000016
-0.033979000000000016
-0.033979000000000016
-0.033979000000000016
-0.033979000000000016
-0.033804999999999974
-0.033804999999999974
-0.033804999999999974
-0.033804999999999974
-0.033804999999999974
-0.033804999999999974
-0.033804999999999974
-0.033804999999999974
-0.033804999999999974
-0.033804999999999974
-0.033804999999999974
-0.033804999999999974
-0.033804999999999974
-0.033804999999999974
-0.03370500000000002
-0.03370500000000002
-0.03370500000000002
-0.03370500000000002
-0.03355099999999997
-0.03355099999999997
-0.03355099999999997
-0.03355099999999997
-0.03355099999999997
-0.03355099999999997
-0.032871000000000004
-0.032871000000000004
-0.032871000000000004
-0.032871000000000004
-0.032871000000000004
-0.032871000000000004
-0.032871000000000004
-0.032871000000000004
-0.032871000000000004
-0.032871000000000004
-0.032871000000000004
-0.032871000000000004
-0.032871000000000004
-0.032871000000000004
-0.032871000000000004
-0.032871000000000004
-0.032871000000000004
-0.032871000000000004
-0.032871000000000004
-0.032871000000000004
-0.032871000000000004
-0.032871000000000004
-0.032871000000000004
-0.032871000000000004
-0.032871000000000004
-0.032871000000000004
-0.032871000000000004
-0.032871000000000004
-0.032871000000000004
-0.032871000000000004
-0.032871000000000004
-0.032125000000000015
-0.032125000000000015
-0.032125000000000015
-0.032125000000000015
-0.032125000000000015
-0.032125000000000015
-0.032125000000000015
-0.032125000000000015
-0.032125000000000015
-0.032125000000000015
-0.032125000000000015
-0.032125000000000015
-0.032125000000000015
-0.032125000000000015
-0.032125000000000015
-0.032125000000000015
-0.032125000000000015
-0.032125000000000015
-0.032125000000000015
-0.032125000000000015
-0.032125000000000015
-0.032125000000000015
-0.032125000000000015
-0.032125000000000015
-0.032125000000000015
-0.032125000000000015
-0.032125000000000015
-0.032125000000000015
-0.032125000000000015
-0.032125000000000015
-0.032125000000000015
-0.032125000000000015
-0.032125000000000015
-0.032125000000000015
-0.032125000000000015
-0.032125000000000015
-0.032125000000000015
-0.032125000000000015
-0.032125000000000015
-0.032125000000000015
-0.032125000000000015
-0.032125000000000015
-0.032125000000000015
-0.032125000000000015
-0.032125000000000015
-0.032125000000000015
-0.032125000000000015
-0.032125000000000015
-0.032125000000000015
-0.032125000000000015
-0.032125000000000015
-0.032125000000000015
-0.032125000000000015
-0.032125000000000015
-0.032125000000000015
-0.032125000000000015
-0.032125000000000015
-0.032125000000000015
-0.032125000000000015
-0.032125000000000015
-0.032125000000000015
-0.032125000000000015
-0.032125000000000015
-0.032125000000000015
-0.032125000000000015
-0.032125000000000015
-0.032125000000000015
-0.032125000000000015
-0.032125000000000015
-0.032125000000000015
-0.032125000000000015
-0.032125000000000015
-0.032125000000000015
-0.032125000000000015
-0.032125000000000015
-0.032125000000000015
-0.032125000000000015
-0.032125000000000015
-0.032125000000000015
-0.032125000000000015
-0.032125000000000015
-0.032125000000000015
-0.032125000000000015
-0.032125000000000015
-0.032125000000000015
-0.032125000000000015
-0.032125000000000015
-0.032125000000000015
-0.032125000000000015
-0.032125000000000015
-0.032125000000000015
-0.030257
-0.030257
-0.030257
-0.030257
-0.030257
-0.030257
-0.030257
-0.030257
-0.030257
-0.030257
-0.030257
-0.030257
-0.030257
-0.030257
-0.030257
-0.030257
-0.030257
-0.030257
-0.030257
-0.030257
-0.030257
-0.030257
-0.030257
-0.030257
-0.030257
-0.030257
-0.030257
-0.030257
-0.030257
-0.030257
-0.030257
-0.030257
-0.030257
-0.030257
-0.030257
-0.030257
-0.030257
-0.030257
-0.030257
-0.030257
-0.030257
-0.030257
-0.030257
-0.030257
-0.030257
-0.030257
-0.030257
-0.030257
-0.030257
-0.030257
-0.030257
-0.030257
-0.030257
-0.030257
-0.030257
-0.030257
-0.030257
-0.030257
-0.030257
-0.030257
-0.030257
-0.030257
-0.030257
-0.030257
-0.030257
-0.030257
-0.030257
-0.030257
-0.030257
-0.030257
-0.030257
-0.030257
-0.030257
-0.030257
-0.030257
-0.030257
-0.030257
-0.030257
-0.030257
-0.030257
-0.030257
-0.030257
-0.030257
-0.030257
-0.030257
-0.030257
-0.030257
-0.030257
-0.030257
-0.030257
-0.030257
-0.030257
-0.030257
-0.030257
-0.030257
-0.030257
-0.030257
-0.030257
-0.030257
-0.030257
-0.030257
-0.030257
-0.030257
-0.030257
-0.030257
-0.030257
-0.030257
-0.030257
-0.030257
-0.030257
-0.030257
-0.030257
-0.030257
-0.030257
-0.030257
-0.030257
-0.030257
-0.030257
-0.030257
-0.030257
-0.030257
-0.030257
-0.030257
-0.030257
-0.030257
-0.030257
-0.030257
-0.030257
-0.030257
-0.030257
-0.030257
-0.030257
-0.030257
-0.030257
-0.030257
-0.030257
-0.030257
-0.030257
-0.029106999999999966
-0.029106999999999966
-0.029106999999999966
-0.029106999999999966
-0.029106999999999966
-0.029106999999999966
-0.029106999999999966
-0.029106999999999966
-0.029106999999999966
-0.029106999999999966
-0.029106999999999966
-0.029106999999999966
-0.029106999999999966
-0.029106999999999966
-0.029106999999999966
-0.029106999999999966
-0.029106999999999966
-0.029106999999999966
-0.029106999999999966
-0.029106999999999966
-0.029106999999999966
-0.029106999999999966
-0.029106999999999966
-0.029106999999999966
-0.029106999999999966
-0.029106999999999966
-0.029106999999999966
-0.029106999999999966
-0.029106999999999966
-0.029106999999999966
-0.029106999999999966
-0.029106999999999966
-0.029106999999999966
-0.029106999999999966
-0.029106999999999966
-0.029106999999999966
-0.029106999999999966
-0.029106999999999966
-0.029106999999999966
-0.029106999999999966
-0.029106999999999966
-0.029106999999999966
-0.029106999999999966
-0.029106999999999966
-0.029106999999999966
-0.029106999999999966
-0.029106999999999966
-0.029106999999999966
-0.029106999999999966
-0.029106999999999966
-0.029106999999999966
-0.029106999999999966
-0.029106999999999966
-0.029106999999999966
-0.029106999999999966
-0.029106999999999966
-0.029106999999999966
-0.029106999999999966
-0.029106999999999966
-0.029106999999999966
-0.029106999999999966
-0.029106999999999966
-0.029106999999999966
-0.029106999999999966
-0.029106999999999966
-0.029106999999999966
-0.029106999999999966
-0.029106999999999966
-0.029106999999999966
-0.029106999999999966
-0.029106999999999966
-0.029106999999999966
-0.029106999999999966
-0.029106999999999966
-0.029106999999999966
-0.029106999999999966
-0.029106999999999966
-0.029106999999999966
-0.029106999999999966
-0.029106999999999966
-0.029106999999999966
-0.029106999999999966
-0.029106999999999966
-0.029106999999999966
-0.029106999999999966
-0.029106999999999966
-0.029106999999999966
-0.029106999999999966
-0.029106999999999966
-0.029106999999999966
-0.029106999999999966
-0.029106999999999966
-0.029106999999999966
-0.029106999999999966
-0.029106999999999966
-0.029106999999999966
-0.029106999999999966
-0.029106999999999966
-0.029106999999999966
-0.029106999999999966
-0.029106999999999966
-0.029106999999999966
-0.029106999999999966
-0.029106999999999966
-0.029106999999999966
-0.029106999999999966
-0.029106999999999966
-0.029106999999999966
-0.029106999999999966
-0.029106999999999966
-0.029106999999999966
-0.029106999999999966
-0.029106999999999966
-0.029106999999999966
-0.029106999999999966
-0.029106999999999966
-0.029106999999999966
-0.029106999999999966
-0.029106999999999966
-0.029106999999999966
-0.029106999999999966
-0.029106999999999966
-0.029106999999999966
-0.029106999999999966
-0.029106999999999966
-0.029106999999999966
-0.029106999999999966
-0.029106999999999966
-0.029106999999999966
-0.029106999999999966
-0.029106999999999966
-0.029106999999999966
-0.029106999999999966
-0.029106999999999966
-0.029106999999999966
-0.029106999999999966
-0.029106999999999966
-0.029106999999999966
-0.029106999999999966
-0.029106999999999966
-0.029106999999999966
-0.029106999999999966
-0.029106999999999966
-0.029106999999999966
-0.029106999999999966
-0.029106999999999966
-0.029106999999999966
-0.029106999999999966
-0.029106999999999966
-0.029106999999999966
-0.029106999999999966
-0.029106999999999966
-0.029106999999999966
-0.029106999999999966
-0.029106999999999966
-0.029106999999999966
-0.029106999999999966
-0.029106999999999966
-0.029106999999999966
-0.029106999999999966
-0.029106999999999966
-0.029106999999999966
-0.029106999999999966
-0.029106999999999966
-0.029106999999999966
-0.029106999999999966
-0.029106999999999966
-0.029106999999999966
-0.029106999999999966
-0.029106999999999966
-0.029106999999999966
-0.029106999999999966
-0.029106999999999966
-0.029106999999999966
-0.029106999999999966
-0.029106999999999966
-0.029106999999999966
-0.029106999999999966
-0.029106999999999966
-0.029106999999999966
-0.029106999999999966
-0.029106999999999966
-0.029106999999999966
-0.029106999999999966
-0.029106999999999966
-0.029106999999999966
-0.029106999999999966
-0.029106999999999966
-0.029106999999999966
-0.029106999999999966
-0.029106999999999966
-0.029106999999999966
-0.029106999999999966
-0.029106999999999966
-0.029106999999999966
-0.029106999999999966
-0.029106999999999966
-0.029106999999999966
-0.029106999999999966
-0.029106999999999966
-0.029106999999999966
-0.029106999999999966
-0.029106999999999966
-0.029106999999999966
-0.029106999999999966
-0.029106999999999966
-0.029106999999999966
-0.029106999999999966
-0.02877799999999999
-0.02877799999999999
-0.02877799999999999
-0.02877799999999999
-0.02877799999999999
-0.02877799999999999
-0.02877799999999999
-0.02877799999999999
-0.02877799999999999
-0.02877799999999999
-0.02877799999999999
-0.02877799999999999
-0.02877799999999999
-0.02877799999999999
-0.02877799999999999
-0.02877799999999999
-0.02877799999999999
-0.02877799999999999
-0.02877799999999999
-0.02877799999999999
-0.02877799999999999
-0.02877799999999999
-0.02877799999999999
-0.02877799999999999
-0.02877799999999999
-0.02877799999999999
-0.02877799999999999
-0.02877799999999999
-0.02877799999999999
-0.02877799999999999
-0.02877799999999999
-0.02877799999999999
-0.02877799999999999
-0.02877799999999999
-0.02877799999999999
-0.02877799999999999
-0.02877799999999999
-0.02877799999999999
-0.02877799999999999
-0.02877799999999999
-0.02877799999999999
-0.02877799999999999
-0.02877799999999999
-0.02877799999999999
-0.02877799999999999
-0.02877799999999999
-0.02877799999999999
-0.02877799999999999
-0.02877799999999999
-0.02877799999999999
-0.02877799999999999
-0.02877799999999999
-0.02877799999999999
-0.02877799999999999
-0.02877799999999999
-0.02877799999999999
-0.02877799999999999
-0.02877799999999999
-0.02877799999999999
-0.02877799999999999
-0.02877799999999999
-0.02877799999999999
-0.02877799999999999
-0.02877799999999999
-0.02877799999999999
-0.02877799999999999
-0.02877799999999999
-0.02877799999999999
-0.02877799999999999
-0.02877799999999999
-0.02877799999999999
-0.02877799999999999
-0.02877799999999999
-0.02877799999999999
-0.02877799999999999
-0.02877799999999999
-0.02877799999999999
-0.02877799999999999
-0.02877799999999999
-0.02877799999999999
-0.02877799999999999
-0.02877799999999999
-0.02877799999999999
-0.02877799999999999
-0.02877799999999999
-0.02877799999999999
-0.02877799999999999
-0.02877799999999999
-0.02877799999999999
-0.02877799999999999
-0.02877799999999999
-0.02877799999999999
-0.02877799999999999
-0.02877799999999999
-0.02877799999999999
-0.02877799999999999
-0.02877799999999999
-0.02877799999999999
-0.02877799999999999
-0.02877799999999999
-0.02877799999999999
-0.02877799999999999
-0.02877799999999999
-0.02877799999999999
-0.02877799999999999
-0.02877799999999999
-0.02877799999999999
-0.02877799999999999
-0.02877799999999999
-0.02877799999999999
-0.02877799999999999
-0.02877799999999999
-0.02877799999999999
-0.02877799999999999
-0.02877799999999999
-0.02877799999999999
-0.02877799999999999
-0.02877799999999999
-0.02877799999999999
-0.02877799999999999
-0.02877799999999999
-0.02877799999999999
-0.02877799999999999
-0.02877799999999999
-0.02877799999999999
-0.02877799999999999
-0.02877799999999999
-0.02877799999999999
-0.02877799999999999
-0.02877799999999999
-0.02877799999999999
-0.02877799999999999
-0.02877799999999999
-0.02877799999999999
-0.02877799999999999
-0.02877799999999999
-0.02877799999999999
-0.02877799999999999
-0.02877799999999999
-0.02877799999999999
-0.02877799999999999
-0.02877799999999999
-0.02877799999999999
-0.02877799999999999
-0.02877799999999999
-0.02743600000000002
-0.02743600000000002
-0.02743600000000002
-0.02743600000000002
-0.02743600000000002
-0.02743600000000002
-0.02743600000000002
-0.02743600000000002
-0.02743600000000002
-0.02743600000000002
-0.02743600000000002
-0.02743600000000002
-0.02743600000000002
-0.02743600000000002
-0.02743600000000002
-0.02743600000000002
-0.02743600000000002
-0.02743600000000002
-0.02743600000000002
-0.02743600000000002
-0.02743600000000002
-0.02743600000000002
-0.02743600000000002
-0.02743600000000002
-0.02743600000000002
-0.02743600000000002
-0.02743600000000002
-0.02743600000000002
-0.02743600000000002
-0.02743600000000002
-0.02743600000000002
-0.02743600000000002
-0.02743600000000002
-0.02743600000000002
-0.02743600000000002
-0.02743600000000002
-0.02743600000000002
-0.02743600000000002
-0.02743600000000002
-0.02743600000000002
-0.02743600000000002
-0.02743600000000002
-0.02743600000000002
-0.02743600000000002
-0.02743600000000002
-0.02743600000000002
-0.02743600000000002
-0.02743600000000002
-0.02743600000000002
-0.02743600000000002
-0.02743600000000002
-0.02743600000000002
-0.02743600000000002
-0.02743600000000002
-0.02743600000000002
-0.02743600000000002
-0.02743600000000002
-0.02743600000000002
-0.02743600000000002
-0.02743600000000002
-0.02743600000000002
-0.02743600000000002
-0.02743600000000002
-0.02743600000000002
-0.02743600000000002
-0.02743600000000002
-0.02743600000000002
-0.02743600000000002
-0.02743600000000002
-0.02743600000000002
-0.02743600000000002
-0.02743600000000002
-0.02743600000000002
-0.02743600000000002
-0.02743600000000002
-0.02743600000000002
-0.02743600000000002
-0.02743600000000002
-0.02743600000000002
-0.02743600000000002
-0.02743600000000002
-0.02743600000000002
-0.02743600000000002
-0.02743600000000002
-0.02743600000000002
-0.02743600000000002
-0.02743600000000002
-0.02743600000000002
-0.02743600000000002
-0.02743600000000002
-0.02743600000000002
-0.02743600000000002
-0.02743600000000002
-0.02743600000000002
-0.02743600000000002
-0.02743600000000002
-0.02743600000000002
-0.02743600000000002
-0.02743600000000002
-0.02743600000000002
-0.02743600000000002
-0.02743600000000002
-0.02743600000000002
-0.02743600000000002
-0.02743600000000002
-0.02743600000000002
-0.02743600000000002
-0.02743600000000002
-0.02743600000000002
-0.02743600000000002
-0.02743600000000002
-0.02743600000000002
-0.02743600000000002
-0.02743600000000002
-0.02743600000000002
-0.02743600000000002
-0.02743600000000002
-0.02743600000000002
-0.02743600000000002
-0.02743600000000002
-0.02743600000000002
-0.02743600000000002
-0.02743600000000002
-0.02743600000000002
-0.02743600000000002
-0.02743600000000002
-0.02743600000000002
-0.02743600000000002
-0.02743600000000002
-0.02743600000000002
-0.02743600000000002
-0.02743600000000002
-0.02743600000000002
-0.02743600000000002
-0.02743600000000002
-0.02743600000000002
-0.02743600000000002
-0.02743600000000002
-0.02743600000000002
-0.02743600000000002
-0.02743600000000002
-0.02743600000000002
-0.02743600000000002
-0.02743600000000002
-0.02743600000000002
-0.02743600000000002
-0.02743600000000002
-0.02743600000000002
-0.02743600000000002
-0.02743600000000002
-0.02743600000000002
-0.02743600000000002
-0.02743600000000002
-0.02743600000000002
-0.02743600000000002
-0.02743600000000002
-0.02743600000000002
-0.02743600000000002
-0.02743600000000002
-0.02743600000000002
-0.02743600000000002
-0.02743600000000002
-0.02743600000000002
-0.02743600000000002
-0.02743600000000002
-0.02743600000000002
-0.02743600000000002
-0.02743600000000002
-0.02743600000000002
-0.02743600000000002
-0.02743600000000002
-0.02743600000000002
-0.02743600000000002
-0.02743600000000002
-0.02743600000000002
-0.02743600000000002
-0.02743600000000002
-0.02743600000000002
-0.02743600000000002
-0.02743600000000002
-0.02743600000000002
-0.02743600000000002
-0.02743600000000002
-0.02743600000000002
-0.02743600000000002
-0.02743600000000002
-0.02743600000000002
-0.02743600000000002
-0.02743600000000002
-0.02743600000000002
-0.02743600000000002
-0.02743600000000002
-0.02743600000000002
-0.02743600000000002
-0.02743600000000002
-0.02743600000000002
-0.02743600000000002
-0.02743600000000002
-0.02743600000000002
-0.02743600000000002
-0.02743600000000002
-0.02743600000000002
-0.02743600000000002
-0.02743600000000002
-0.02743600000000002
-0.02743600000000002
-0.02743600000000002
-0.02743600000000002
-0.02743600000000002
-0.02743600000000002
-0.02743600000000002
-0.02743600000000002
-0.02743600000000002
-0.02743600000000002
-0.02743600000000002
-0.02743600000000002
-0.02743600000000002
-0.02743600000000002
-0.02743600000000002
-0.02743600000000002
-0.02743600000000002
-0.02743600000000002
-0.02743600000000002
-0.02743600000000002
-0.02743600000000002
-0.02743600000000002
-0.02743600000000002
-0.02743600000000002
-0.02743600000000002
-0.02743600000000002
-0.02743600000000002
-0.02743600000000002
-0.02743600000000002
-0.02743600000000002
-0.02743600000000002
-0.02743600000000002
-0.02743600000000002
-0.02743600000000002
-0.02743600000000002
-0.02743600000000002
-0.02743600000000002
-0.02743600000000002
-0.02743600000000002
-0.02743600000000002
-0.02743600000000002
-0.02743600000000002
-0.02743600000000002
-0.02743600000000002
-0.02743600000000002
-0.02743600000000002
-0.02743600000000002
-0.02743600000000002
-0.02743600000000002
-0.02743600000000002
-0.02743600000000002
-0.02743600000000002
-0.02743600000000002
-0.02743600000000002
-0.02743600000000002
-0.02743600000000002
-0.02743600000000002
-0.02743600000000002
-0.02743600000000002
-0.02743600000000002
-0.02743600000000002
-0.02743600000000002
-0.02743600000000002
-0.02743600000000002
-0.02743600000000002
-0.02743600000000002
-0.02743600000000002
-0.02743600000000002
-0.02743600000000002
-0.02743600000000002
-0.02743600000000002
-0.02743600000000002
-0.02743600000000002
-0.02743600000000002
-0.02743600000000002
-0.02743600000000002
-0.02743600000000002
-0.02743600000000002
-0.02743600000000002
-0.02743600000000002
-0.02743600000000002
-0.02743600000000002
-0.02743600000000002
-0.02743600000000002
-0.02743600000000002
-0.02743600000000002
-0.02743600000000002
-0.02743600000000002
-0.02743600000000002
-0.02743600000000002
-0.02743600000000002
-0.02743600000000002
-0.02743600000000002
-0.02743600000000002
-0.02743600000000002
-0.02743600000000002
-0.02743600000000002
-0.02743600000000002
-0.02743600000000002
-0.02743600000000002
-0.02743600000000002
-0.02743600000000002
-0.02743600000000002
-0.02743600000000002
-0.02743600000000002
-0.02743600000000002
-0.02743600000000002
-0.02743600000000002
-0.02743600000000002
-0.02743600000000002
-0.02743600000000002
-0.02743600000000002
-0.02743600000000002
-0.02743600000000002
-0.02743600000000002
-0.02743600000000002
-0.02743600000000002
-0.02743600000000002
-0.02743600000000002
-0.02743600000000002
-0.02743600000000002
-0.02743600000000002
-0.02743600000000002
-0.02743600000000002
-0.02743600000000002
-0.02743600000000002
-0.02743600000000002
-0.02743600000000002
-0.02743600000000002
-0.02743600000000002
-0.02743600000000002
-0.02743600000000002
-0.02743600000000002
-0.02743600000000002
-0.02743600000000002
-0.02743600000000002
-0.02743600000000002
-0.02743600000000002
-0.02743600000000002
-0.02743600000000002
-0.02743600000000002
-0.02743600000000002
-0.02743600000000002
-0.02743600000000002
-0.02743600000000002
-0.02743600000000002
-0.02743600000000002
-0.02743600000000002
-0.02743600000000002
-0.02743600000000002
-0.02743600000000002
-0.02743600000000002
-0.02743600000000002
-0.02743600000000002
-0.02743600000000002
-0.02743600000000002
-0.02743600000000002
-0.02743600000000002
-0.02743600000000002
-0.02743600000000002
-0.02743600000000002
-0.02743600000000002
-0.02743600000000002
-0.02743600000000002
-0.02743600000000002
-0.02743600000000002
-0.02743600000000002
-0.02743600000000002
-0.02743600000000002
-0.02743600000000002
-0.02743600000000002
-0.02743600000000002
-0.02743600000000002
-0.02743600000000002
-0.02743600000000002
-0.02743600000000002
-0.02743600000000002
-0.02743600000000002
-0.02743600000000002
-0.02743600000000002
-0.02743600000000002
-0.02743600000000002
-0.02743600000000002
-0.02743600000000002
-0.02743600000000002
-0.02743600000000002
-0.02743600000000002
-0.02743600000000002
-0.02743600000000002
-0.02743600000000002
-0.02743600000000002
-0.02743600000000002
-0.02743600000000002
-0.02743600000000002
-0.026077000000000038
-0.026077000000000038
-0.026077000000000038
-0.026077000000000038
-0.026077000000000038
-0.026077000000000038
-0.026077000000000038
-0.026077000000000038
-0.026077000000000038
-0.026077000000000038
-0.026077000000000038
-0.026077000000000038
-0.026077000000000038
-0.026077000000000038
-0.026077000000000038
-0.026077000000000038
-0.026077000000000038
-0.026077000000000038
-0.026077000000000038
-0.026077000000000038
-0.026077000000000038
-0.026077000000000038
-0.026077000000000038
-0.026077000000000038
-0.026077000000000038
-0.026077000000000038
-0.026077000000000038
-0.026077000000000038
-0.026077000000000038
-0.026077000000000038
-0.026077000000000038
-0.026077000000000038
-0.026077000000000038
-0.026077000000000038
-0.026077000000000038
-0.026077000000000038
-0.026077000000000038
-0.026077000000000038
-0.026077000000000038
-0.026077000000000038
-0.026077000000000038
-0.026077000000000038
-0.026077000000000038
-0.026077000000000038
-0.026077000000000038
-0.026077000000000038
-0.025913000000000016
-0.025913000000000016
-0.025913000000000016
-0.025913000000000016
-0.025913000000000016
-0.025913000000000016
-0.025913000000000016
-0.025913000000000016
-0.025913000000000016
-0.025913000000000016
-0.025913000000000016
-0.025913000000000016
-0.025913000000000016
-0.025913000000000016
-0.025913000000000016
-0.025913000000000016
-0.025913000000000016
-0.025913000000000016
-0.025913000000000016
-0.025913000000000016
-0.025913000000000016
-0.025913000000000016
-0.025913000000000016
-0.025913000000000016
-0.025913000000000016
-0.025913000000000016
-0.025913000000000016
-0.025913000000000016
-0.025913000000000016
-0.025913000000000016
-0.025913000000000016
-0.025913000000000016
-0.025913000000000016
-0.025913000000000016
-0.025913000000000016
-0.025913000000000016
-0.025913000000000016
-0.025913000000000016
-0.025913000000000016
-0.025913000000000016
-0.025913000000000016
-0.025913000000000016
-0.025913000000000016
-0.025913000000000016
-0.025913000000000016
-0.025913000000000016
-0.025913000000000016
-0.025913000000000016
-0.025913000000000016
-0.025913000000000016
-0.025913000000000016
-0.025913000000000016
-0.025913000000000016
-0.025913000000000016
-0.025913000000000016
-0.025913000000000016
-0.025913000000000016
-0.025913000000000016
-0.025913000000000016
-0.025913000000000016
-0.025913000000000016
-0.025913000000000016
-0.025913000000000016
-0.025913000000000016
-0.025345000000000024
-0.025345000000000024
-0.025345000000000024
-0.025345000000000024
-0.025345000000000024
-0.025345000000000024
-0.025345000000000024
-0.025345000000000024
-0.025345000000000024
-0.025345000000000024
-0.025345000000000024
-0.025345000000000024
-0.025345000000000024
-0.025345000000000024
-0.025345000000000024
-0.025345000000000024
-0.025345000000000024
-0.025345000000000024
-0.025345000000000024
-0.025345000000000024
-0.025345000000000024
-0.025345000000000024
-0.025345000000000024
-0.025345000000000024
-0.025345000000000024
-0.025345000000000024
-0.025345000000000024
-0.025345000000000024
-0.025345000000000024
-0.025345000000000024
-0.025345000000000024
-0.025345000000000024
-0.025345000000000024
-0.025345000000000024
-0.025345000000000024
-0.025345000000000024
-0.025345000000000024
-0.025345000000000024
-0.025345000000000024
-0.025345000000000024
-0.025345000000000024
-0.025345000000000024
-0.025345000000000024
-0.025345000000000024
-0.025345000000000024
-0.025345000000000024
-0.025345000000000024
-0.025345000000000024
-0.025345000000000024
-0.025345000000000024
-0.025345000000000024
-0.025345000000000024
-0.025345000000000024
-0.025345000000000024
-0.025345000000000024
-0.025345000000000024
-0.025345000000000024
-0.025345000000000024
-0.025345000000000024
-0.025345000000000024
-0.024368000000000046
-0.024368000000000046
-0.024368000000000046
-0.024368000000000046
-0.024368000000000046
-0.024368000000000046
-0.024368000000000046
-0.024368000000000046
-0.024368000000000046
-0.024368000000000046
-0.022482000000000044
-0.022482000000000044
-0.022482000000000044
-0.022482000000000044
-0.022482000000000044
-0.022482000000000044
-0.022482000000000044
-0.022482000000000044
-0.022482000000000044
-0.022482000000000044
-0.022482000000000044
-0.022482000000000044
-0.022482000000000044
-0.022482000000000044
-0.022482000000000044
-0.022482000000000044
-0.022482000000000044
-0.022482000000000044
-0.022482000000000044
-0.022482000000000044
-0.022482000000000044
-0.022482000000000044
-0.022482000000000044
-0.022482000000000044
-0.022482000000000044
-0.022482000000000044
-0.022482000000000044
-0.022482000000000044
-0.022482000000000044
-0.022482000000000044
-0.022482000000000044
-0.022482000000000044
-0.022482000000000044
-0.022482000000000044
-0.022482000000000044
-0.022482000000000044
-0.022482000000000044
-0.022482000000000044
-0.022482000000000044
-0.022482000000000044
-0.022482000000000044
-0.022482000000000044
-0.022482000000000044
-0.022482000000000044
-0.022482000000000044
-0.022482000000000044
-0.022482000000000044
-0.022482000000000044
-0.022482000000000044
-0.022482000000000044
-0.022482000000000044
-0.022482000000000044
-0.022482000000000044
-0.022482000000000044
-0.022482000000000044
-0.022482000000000044
-0.022482000000000044
-0.022482000000000044
-0.022482000000000044
-0.022482000000000044
-0.022482000000000044
-0.022482000000000044
-0.022482000000000044
-0.022482000000000044
-0.022482000000000044
-0.022482000000000044
-0.022482000000000044
-0.022482000000000044
-0.022482000000000044
-0.022482000000000044
-0.022482000000000044
-0.022482000000000044
-0.022482000000000044
-0.022482000000000044
-0.022482000000000044
-0.022482000000000044
-0.022482000000000044
-0.022482000000000044
-0.022482000000000044
-0.022482000000000044
-0.022482000000000044
-0.022482000000000044
-0.022482000000000044
-0.022482000000000044
-0.022482000000000044
-0.022482000000000044
-0.022482000000000044
-0.022482000000000044
-0.022482000000000044
-0.022482000000000044
-0.022482000000000044
-0.022482000000000044
-0.022482000000000044
-0.022482000000000044
-0.022482000000000044
-0.022482000000000044
-0.022482000000000044
-0.022482000000000044
-0.022482000000000044
-0.022482000000000044
-0.022482000000000044
-0.022482000000000044
-0.022482000000000044
-0.022482000000000044
-0.022482000000000044
-0.022482000000000044
-0.022482000000000044
-0.022482000000000044
-0.022482000000000044
-0.022482000000000044
-0.022482000000000044
-0.022482000000000044
-0.022482000000000044
-0.022482000000000044
-0.022482000000000044
-0.022482000000000044
-0.022482000000000044
-0.022482000000000044
-0.022482000000000044
-0.022482000000000044
-0.022482000000000044
-0.022482000000000044
-0.022482000000000044
-0.022482000000000044
-0.022482000000000044
-0.022482000000000044
-0.022482000000000044
-0.022482000000000044
-0.022482000000000044
-0.022482000000000044
-0.022482000000000044
-0.022482000000000044
-0.022482000000000044
-0.022482000000000044
-0.022482000000000044
-0.022482000000000044
-0.022482000000000044
-0.022482000000000044
-0.022482000000000044
-0.022482000000000044
-0.022482000000000044
-0.022482000000000044
-0.022482000000000044
-0.022482000000000044
-0.022482000000000044
-0.022482000000000044
-0.022482000000000044
-0.022482000000000044
-0.022482000000000044
-0.022482000000000044
-0.022482000000000044
-0.022482000000000044
-0.022482000000000044
-0.022482000000000044
-0.022482000000000044
-0.022482000000000044
-0.022482000000000044
-0.022482000000000044
-0.022482000000000044
-0.022482000000000044
-0.022482000000000044
-0.022482000000000044
-0.022482000000000044
-0.022482000000000044
-0.022482000000000044
-0.022482000000000044
-0.022482000000000044
-0.022482000000000044
-0.022482000000000044
-0.022482000000000044
-0.022482000000000044
-0.022482000000000044
-0.022482000000000044
-0.022482000000000044
-0.022482000000000044
-0.022482000000000044
-0.022482000000000044
-0.022482000000000044
-0.022482000000000044
-0.022482000000000044
-0.022482000000000044
-0.022482000000000044
-0.022482000000000044
-0.022482000000000044
-0.022482000000000044
-0.022482000000000044
-0.022482000000000044
-0.022482000000000044
-0.022482000000000044
-0.022482000000000044
-0.022482000000000044
-0.022482000000000044
-0.022482000000000044
-0.022482000000000044
-0.022482000000000044
-0.022482000000000044
-0.022482000000000044
-0.022482000000000044
-0.022482000000000044
-0.022482000000000044
-0.022482000000000044
-0.022482000000000044
-0.022482000000000044
-0.022482000000000044
-0.022482000000000044
-0.022482000000000044
-0.022482000000000044
-0.022482000000000044
-0.022482000000000044
-0.022482000000000044
-0.022482000000000044
-0.022482000000000044
-0.022482000000000044
-0.022482000000000044
-0.022482000000000044
-0.022482000000000044
-0.022482000000000044
-0.022482000000000044
-0.022482000000000044
-0.022482000000000044
-0.022482000000000044
-0.022482000000000044
-0.022482000000000044
-0.022482000000000044
-0.022482000000000044
-0.022482000000000044
-0.022482000000000044
-0.022482000000000044
-0.022482000000000044
-0.022482000000000044
-0.022482000000000044
-0.022482000000000044
-0.022482000000000044
-0.022482000000000044
-0.022482000000000044
-0.022482000000000044
-0.022482000000000044
-0.022482000000000044
-0.022482000000000044
-0.022482000000000044
-0.022482000000000044
-0.022482000000000044
-0.022482000000000044
-0.022482000000000044
-0.022482000000000044
-0.022482000000000044
-0.022482000000000044
-0.022482000000000044
-0.022482000000000044
-0.022482000000000044
-0.022482000000000044
-0.022482000000000044
-0.022482000000000044
-0.022482000000000044
-0.022482000000000044
-0.022482000000000044
-0.022482000000000044
-0.022482000000000044
-0.022482000000000044
-0.022482000000000044
-0.022482000000000044
-0.022482000000000044
-0.022482000000000044
-0.022482000000000044
-0.022482000000000044
-0.022482000000000044
-0.022482000000000044
-0.022482000000000044
-0.022482000000000044
-0.022482000000000044
-0.022482000000000044
-0.022482000000000044
-0.022482000000000044
-0.022482000000000044
-0.022482000000000044
-0.022482000000000044
-0.022482000000000044
-0.022482000000000044
-0.022482000000000044
-0.022482000000000044
-0.022482000000000044
-0.022482000000000044
-0.022482000000000044
-0.022482000000000044
-0.022482000000000044
-0.022482000000000044
-0.022482000000000044
-0.022482000000000044
-0.022482000000000044
-0.022482000000000044
-0.022482000000000044
-0.022482000000000044
-0.022482000000000044
-0.022482000000000044
-0.022482000000000044
-0.022482000000000044
-0.022482000000000044
-0.022482000000000044
-0.022482000000000044
-0.022482000000000044
-0.022482000000000044
-0.022482000000000044
-0.022482000000000044
-0.022482000000000044
-0.022482000000000044
-0.022482000000000044
-0.022482000000000044
-0.022482000000000044
-0.022482000000000044
-0.022482000000000044
-0.022482000000000044
-0.022482000000000044
-0.022482000000000044
-0.022482000000000044
-0.022482000000000044
-0.022482000000000044
-0.022482000000000044
-0.022482000000000044
-0.022482000000000044
-0.022482000000000044
-0.022482000000000044
-0.022482000000000044
-0.022482000000000044
-0.022482000000000044
-0.022482000000000044
-0.022482000000000044
-0.022482000000000044
-0.022482000000000044
-0.022482000000000044
-0.022482000000000044
-0.022482000000000044
-0.022482000000000044
-0.022482000000000044
-0.022482000000000044
-0.022482000000000044
-0.022482000000000044
-0.022482000000000044
-0.022482000000000044
-0.022482000000000044
-0.022482000000000044
-0.022482000000000044
-0.022482000000000044
-0.022482000000000044
-0.022482000000000044
-0.022482000000000044
-0.022482000000000044
-0.022482000000000044
-0.022482000000000044
-0.022482000000000044
-0.022482000000000044
-0.022482000000000044
-0.022482000000000044
-0.022482000000000044
-0.022482000000000044
-0.022482000000000044
-0.022482000000000044
-0.022482000000000044
-0.022482000000000044
-0.022482000000000044
-0.022482000000000044
-0.022482000000000044
-0.022482000000000044
-0.022482000000000044
-0.022482000000000044
-0.022482000000000044
-0.022482000000000044
-0.022482000000000044
-0.022482000000000044
-0.020957
-0.020957
-0.020957
-0.020957
-0.020957
-0.020957
-0.020957
-0.020957
-0.020957
-0.020957
-0.020957
-0.020957
-0.020957
-0.020957
-0.020957
-0.020957
-0.020957
-0.020957
-0.020957
-0.020957
-0.020957
-0.020957
-0.020957
-0.020957
-0.020957
-0.020957
-0.020957
-0.020957
-0.020957
-0.020957
-0.020957
-0.020957
-0.020957
-0.020957
-0.020957
-0.020957
-0.020957
-0.020957
-0.020957
-0.020957
-0.020957
-0.020957
-0.020957
-0.020957
-0.020957
-0.020957
-0.020957
-0.020957
-0.020957
-0.020957
-0.020957
-0.020957
-0.020957
-0.020957
-0.020957
-0.020957
-0.020957
-0.020957
-0.020957
-0.020957
-0.020957
-0.020957
-0.020957
-0.020957
-0.020957
-0.020957
-0.020957
-0.020957
-0.020957
-0.020957
