-0.13762700000000005
-0.12146799999999987
-0.11557500000000018
-0.11494000000000003
-0.1097480000000003
-0.10804600000000017
-0.10157200000000007
-0.10001000000000011
-0.09695500000000011
-0.09501900000000003
-0.09511700000000005
-0.092587
-0.09129500000000011
-0.09530699999999995
-0.09559599999999999
-0.09377800000000001
-0.09308299999999994
-0.09615900000000004
-0.0919619999999999
-0.09001900000000003
-0.08742400000000007
-0.08852499999999994
-0.0843150000000001
-0.08598300000000011
-0.08310900000000015
-0.08567799999999999
-0.08444800000000015
-0.08773100000000011
-0.08345500000000018
-0.08456400000000015
-0.08172700000000005
-0.08384700000000014
-0.08271200000000005
-0.08643300000000008
-0.08142000000000009
-0.08205800000000009
-0.07865700000000009
-0.0807570000000002
-0.08134000000000023
-0.07471300000000007
-0.07615700000000009
-0.07841000000000009
-0.0755900000000001
-0.07438000000000018
-0.07265900000000021
-0.07439200000000014
-0.07477300000000017
-0.0781310000000001
-0.07111500000000015
-0.07404300000000008
-0.07388800000000015
-0.07045900000000012
-0.07272200000000015
-0.06922600000000013
-0.07128399999999996
-0.07404200000000001
-0.07260900000000002
-0.07089600000000004
-0.07048400000000003
-0.07654699999999996
-0.06830600000000017
-0.06653300000000012
-0.06973700000000013
-0.0674070000000002
-0.06727200000000019
-0.06851800000000012
-0.06807500000000016
-0.06977000000000022
-0.06698500000000009
-0.06553800000000015
-0.06550100000000017
-0.06727000000000014
-0.06864500000000014
-0.06466799999999999
-0.06416900000000027
-0.06577300000000008
-0.0676010000000001
-0.0680670000000001
-0.06639400000000019
-0.06780000000000008
-0.06459100000000022
-0.06714000000000019
-0.06738500000000006
-0.06685700000000017
-0.06638000000000017
-0.06497900000000004
-0.06498900000000017
-0.06673100000000014
-0.06461000000000008
-0.06700400000000008
-0.06724000000000015
-0.06638500000000021
-0.06563300000000014
-0.06473200000000007
-0.06554800000000015
-0.06773800000000026
-0.0642110000000003
-0.06394600000000017
-0.06783800000000013
-0.06928800000000017
-0.06747000000000007
-0.07330900000000012
-0.06607200000000019
-0.06669700000000027
-0.06809100000000022
-0.06769900000000016
-0.06838600000000015
-0.06245100000000017
-0.06391800000000002
-0.06342000000000013
-0.06874500000000008
-0.06456700000000018
-0.06139300000000016
-0.06169600000000012
-0.0624440000000002
-0.0627760000000001
-0.06728600000000004
-0.06623900000000003
-0.06201000000000005
-0.06526800000000005
-0.06638900000000002
-0.06245
-0.06187000000000003
-0.06487500000000002
-0.06407400000000009
-0.06043699999999998
-0.06314300000000006
-0.062148000000000106
-0.06344400000000013
-0.06475599999999997
-0.06371200000000013
-0.06188800000000002
-0.06596300000000012
-0.0639710000000001
-0.0671280000000001
-0.061329000000000085
-0.06147500000000002
-0.06375400000000005
-0.0658190000000001
-0.059107000000000014
-0.06233300000000005
-0.06198800000000009
-0.06588400000000005
-0.06238700000000024
-0.06371200000000002
-0.06394300000000004
-0.061501000000000236
-0.06436900000000015
-0.06634900000000006
-0.062249000000000054
-0.061335
-0.06602099999999998
-0.06375100000000002
-0.060068999999999984
-0.06365700000000006
-0.06294099999999997
-0.059942999999999996
-0.06285800000000002
-0.060732000000000036
-0.057801999999999944
-0.0602260000000001
-0.0650450000000001
-0.06170000000000014
-0.06149100000000009
-0.05957099999999998
-0.060075000000000045
-0.06316600000000015
-0.061856000000000105
-0.05937499999999994
-0.05900400000000003
-0.06302000000000009
-0.06006800000000007
-0.061715000000000034
-0.0619990000000001
-0.060979000000000096
-0.058853000000000044
-0.05871500000000012
-0.05903100000000008
-0.059208000000000094
-0.057083000000000085
-0.05811699999999995
-0.06001899999999995
-0.058679000000000016
-0.056728000000000056
-0.06109600000000011
-0.061647000000000195
-0.05869500000000004
-0.061602999999999984
-0.05900100000000005
-0.05818200000000005
-0.05874399999999999
-0.056815999999999985
-0.058500000000000066
-0.0611460000000001
-0.06182499999999996
-0.060485000000000094
-0.05976099999999998
-0.058418000000000005
-0.06249600000000007
-0.05922700000000008
-0.057504000000000055
-0.05931600000000009
-0.058053000000000056
-0.060593000000000084
-0.05667600000000007
-0.05684699999999996
-0.05783900000000004
-0.056396000000000016
-0.05520800000000006
-0.05777500000000002
-0.05480400000000002
-0.05449500000000003
-0.05659399999999999
-0.056358000000000075
-0.0605710000000001
-0.056084
-0.05608099999999996
-0.05797500000000008
-0.057175000000000045
-0.05874799999999999
-0.05810800000000013
-0.06030000000000017
-0.06128600000000012
-0.0620570000000001
-0.05950900000000008
-0.05605000000000002
-0.06245200000000011
-0.0629270000000001
-0.06056700000000011
-0.057116000000000056
-0.05611000000000003
-0.06083500000000003
-0.06188000000000009
-0.056166000000000056
-0.06247400000000014
-0.05999400000000011
-0.0633600000000001
-0.0592320000000001
-0.05925400000000004
-0.06005999999999997
-0.055446
-0.061523000000000085
-0.058486000000000135
-0.052668000000000055
-0.05641900000000004
-0.05510400000000003
-0.055161
-0.0561040000000001
-0.059630000000000086
-0.055779999999999975
-0.05892999999999996
-0.05903400000000018
-0.06045499999999998
-0.058034000000000106
-0.059656999999999995
-0.056564999999999976
-0.05825899999999999
-0.05727900000000001
-0.059611000000000115
-0.05642400000000001
-0.053121000000000085
-0.05879400000000011
-0.05718800000000006
-0.05622400000000004
-0.05708900000000007
-0.057092999999999984
-0.058915999999999955
-0.05741799999999997
-0.057336000000000095
-0.05313199999999995
-0.05308000000000007
-0.05418200000000001
-0.05580500000000006
-0.05707300000000001
-0.05745100000000002
-0.05195300000000002
-0.05234600000000004
-0.05727700000000006
-0.05662200000000006
-0.0569610000000001
-0.056995000000000004
-0.05546700000000003
-0.05904400000000008
-0.05371700000000002
-0.05210200000000006
-0.052557000000000076
-0.052746000000000064
-0.053713000000000136
-0.05472200000000006
-0.05414600000000006
-0.051722000000000073
-0.052826000000000047
-0.05144100000000003
-0.05359400000000009
-0.055198000000000094
-0.05197399999999999
-0.0535260000000001
-0.05410600000000013
-0.05672800000000006
-0.05371200000000004
-0.051482999999999994
-0.05226600000000006
-0.05558800000000012
-0.054004000000000045
-0.052859999999999976
-0.05299399999999999
-0.05346700000000008
-0.0527140000000001
-0.05416200000000007
-0.05419700000000006
-0.057260000000000005
-0.05119600000000013
-0.05437300000000008
-0.05513500000000013
-0.054905000000000065
-0.05108400000000012
-0.05769900000000009
-0.05446800000000012
-0.05621700000000011
-0.05480600000000013
-0.054003999999999996
-0.05293400000000006
-0.050297000000000106
-0.05546800000000007
-0.05555900000000001
-0.05461300000000004
-0.0532050000000001
-0.052266000000000076
-0.05171800000000008
-0.055576000000000035
-0.05367300000000005
-0.049885000000000033
-0.051581000000000043
-0.053715000000000075
-0.05305400000000007
-0.051507000000000074
-0.05572100000000007
-0.0544000000000001
-0.053764000000000124
-0.053863000000000036
-0.0555400000000001
-0.053070000000000075
-0.05451200000000008
-0.05355100000000009
-0.05087000000000007
-0.05319800000000004
-0.052445000000000006
-0.05709000000000009
-0.05285900000000002
-0.05265700000000005
-0.052584000000000096
-0.053809000000000114
-0.05380400000000013
-0.05592700000000012
-0.052697000000000015
-0.05362900000000014
-0.05173700000000003
-0.051205000000000084
-0.05361900000000011
-0.05072899999999998
-0.053183000000000154
-0.053373000000000115
-0.0529630000000001
-0.05335800000000006
-0.055265000000000064
-0.05010700000000002
-0.052042000000000095
-0.05106700000000005
-0.05305900000000012
-0.05626900000000004
-0.05105599999999996
-0.05340500000000011
-0.05539000000000004
-0.05087200000000008
-0.04880000000000008
-0.054611000000000125
-0.05197900000000002
-0.05084400000000007
-0.05437200000000015
-0.05075999999999998
-0.051176000000000076
-0.0521640000000001
-0.04861700000000009
-0.05009999999999999
-0.04946600000000011
-0.050503000000000006
-0.054581
-0.05225900000000003
-0.05069500000000008
-0.048239999999999984
-0.055314999999999996
-0.04943500000000005
-0.05203200000000005
-0.05065800000000007
-0.05052800000000008
-0.04960700000000004
-0.05009000000000001
-0.050684000000000035
-0.0498850000000001
-0.05210500000000004
-0.04885100000000004
-0.05140199999999999
-0.05197500000000005
-0.05274700000000013
-0.05074400000000006
-0.050724000000000026
-0.055583000000000105
-0.05174900000000001
-0.05051100000000002
-0.047682000000000044
-0.05261900000000005
-0.0491070000000001
-0.05071700000000007
-0.05031900000000007
-0.050087000000000034
-0.051799000000000026
-0.052450000000000045
-0.05289600000000004
-0.05212100000000005
-0.053065000000000064
-0.05640800000000003
-0.055509000000000024
-0.05622900000000011
-0.05492000000000009
-0.0554150000000001
-0.05226100000000008
-0.05314400000000009
-0.056638000000000105
-0.05224800000000009
-0.049304000000000084
-0.05412900000000007
-0.05494100000000011
-0.05319400000000013
-0.052510000000000084
-0.05366400000000009
-0.05259900000000009
-0.0544790000000001
-0.04988800000000006
-0.05158700000000007
-0.05194900000000009
-0.052690000000000056
-0.05036100000000009
-0.05173100000000008
-0.05306000000000009
-0.051797000000000024
-0.05225500000000001
-0.04978100000000008
-0.05792600000000009
-0.05334800000000003
-0.05353100000000007
-0.05729199999999996
-0.05172900000000009
-0.05123000000000009
-0.04924200000000005
-0.05592400000000002
-0.052094000000000105
-0.055730000000000016
-0.054779000000000064
-0.05211200000000007
-0.052849000000000056
-0.05337600000000009
-0.05502800000000013
-0.053930000000000054
-0.056118999999999995
-0.05105700000000007
-0.05076900000000001
-0.053292000000000075
-0.05278200000000004
-0.05113400000000004
-0.050148999999999985
-0.05570500000000009
-0.05547300000000007
-0.049893000000000055
-0.052199
-0.05334200000000008
-0.05096700000000002
-0.05240200000000007
-0.052296
-0.05050700000000004
-0.05319600000000005
-0.050471000000000044
-0.05244100000000008
-0.05185899999999999
-0.051529000000000054
-0.05009000000000003
-0.05144200000000003
-0.053549
-0.049673000000000016
-0.05527100000000005
-0.05004000000000004
-0.05288300000000007
-0.05450900000000004
-0.052328000000000034
-0.052228999999999984
-0.05332800000000003
-0.05198700000000009
-0.04951600000000007
-0.049706000000000014
-0.050664
-0.05107200000000003
-0.049031000000000054
-0.051584000000000005
-0.05090600000000002
-0.04932300000000003
-0.05369300000000004
-0.05056400000000004
-0.04852600000000005
-0.052373999999999976
-0.05278800000000002
-0.054205000000000086
-0.056948000000000026
-0.05138100000000003
-0.052483000000000085
-0.052549000000000026
-0.052419999999999994
-0.049344
-0.04721600000000003
-0.04989400000000006
-0.05613800000000007
-0.05170400000000006
-0.05522200000000005
-0.05017900000000001
-0.05179200000000005
-0.04970700000000002
-0.05145000000000004
-0.05267299999999997
-0.05061900000000003
-0.05149500000000004
-0.05114700000000003
-0.050584000000000025
-0.053011
-0.055912000000000045
-0.04995300000000002
-0.0553330000000001
-0.052041000000000066
-0.05385800000000002
-0.053855000000000056
-0.051426000000000034
-0.053998000000000025
-0.05003700000000007
-0.05282900000000002
-0.05166100000000008
-0.05133400000000001
-0.054030000000000064
-0.05556300000000001
-0.05140500000000002
-0.05366200000000004
-0.05431400000000009
-0.05246900000000007
-0.05425700000000008
-0.05205800000000005
-0.050432000000000025
-0.05165800000000003
-0.05112400000000004
-0.05102900000000006
-0.05250700000000008
-0.04828000000000004
-0.05015100000000004
-0.047741000000000006
-0.048995000000000025
-0.051751000000000054
-0.04802700000000007
-0.052766000000000056
-0.046969000000000094
-0.049150000000000034
-0.05148000000000003
-0.050959000000000046
-0.05137000000000004
-0.051171
-0.049588000000000035
-0.05146600000000007
-0.04661000000000004
-0.05072799999999999
-0.05161800000000005
-0.049122000000000034
-0.05115100000000002
-0.05257400000000004
-0.051348000000000046
-0.05193400000000006
-0.05083000000000001
-0.051294000000000006
-0.051471000000000086
-0.05149100000000008
-0.04960400000000005
-0.052586000000000056
-0.051826000000000066
-0.052822000000000036
-0.04903800000000006
-0.049429000000000084
-0.051537000000000055
-0.050485000000000044
-0.050698000000000035
-0.05653100000000005
-0.047243000000000035
-0.05143000000000003
-0.05058500000000003
-0.048951000000000064
-0.05102599999999995
-0.050695000000000025
-0.04647400000000002
-0.05502900000000008
-0.049947000000000005
-0.052698000000000106
-0.0488940000000001
-0.04909200000000004
-0.04946800000000003
-0.04919700000000004
-0.05114200000000004
-0.05097900000000006
-0.04746000000000007
-0.04885800000000001
-0.051766000000000055
-0.048352000000000034
-0.04980500000000007
-0.050684
-0.05864700000000004
-0.050170000000000034
-0.050875000000000024
-0.04654200000000008
-0.048392999999999985
-0.049745
-0.04989800000000005
-0.051740000000000064
-0.04851200000000007
-0.049971000000000064
-0.05195000000000003
-0.04831499999999997
-0.04804700000000004
-0.0516830000000001
-0.0516380000000001
-0.048783999999999994
-0.05126000000000008
-0.054578000000000064
-0.050578000000000074
-0.04836900000000008
-0.050677000000000035
-0.05090399999999996
-0.0524060000000001
-0.048161000000000044
-0.04827099999999999
-0.04804300000000003
-0.05101300000000003
-0.050332000000000036
-0.04866900000000003
-0.050027000000000044
-0.05165399999999997
-0.04859600000000003
-0.049945999999999977
-0.04989200000000002
-0.05292299999999999
-0.048269000000000006
-0.04943600000000006
-0.05313700000000006
-0.04785200000000001
-0.05159599999999996
-0.049896000000000024
-0.053520000000000095
-0.05195700000000003
-0.04657600000000006
-0.05133599999999999
-0.04929300000000003
-0.049912999999999985
-0.053058999999999995
-0.052395999999999984
-0.05525300000000001
-0.05712100000000001
-0.056415
-0.048417000000000036
-0.05525200000000002
-0.05227200000000005
-0.054023
-0.04903200000000004
-0.05333900000000001
-0.05432300000000004
-0.04954700000000001
-0.051945000000000005
-0.04870600000000001
-0.04958800000000002
-0.04834800000000003
-0.052247000000000016
-0.056803000000000055
-0.05336099999999998
-0.04722300000000003
-0.04850600000000005
-0.047553000000000074
-0.04714500000000005
-0.04848300000000003
-0.047733000000000025
-0.04682099999999998
-0.04727300000000005
-0.04739200000000004
-0.04677000000000003
-0.048538000000000026
-0.04894600000000004
-0.04997900000000003
-0.047481999999999976
-0.049039
-0.04640400000000002
-0.046029000000000035
-0.04776200000000006
-0.051678999999999926
-0.04836200000000004
-0.046934000000000045
-0.04886899999999996
-0.047076000000000034
-0.04778300000000007
-0.04739299999999999
-0.048987000000000044
-0.04923200000000001
-0.046729
-0.05465699999999999
-0.048826
-0.047697000000000045
-0.04918
-0.04939400000000003
-0.050396999999999983
-0.04882300000000006
-0.04643000000000002
-0.050096999999999996
-0.052189
-0.05001199999999998
-0.04844200000000006
-0.053540000000000046
-0.05223299999999998
-0.04754000000000006
-0.051935999999999975
-0.05299800000000006
-0.051
-0.04894399999999995
-0.04860699999999995
-0.053752999999999995
-0.05308199999999999
-0.05114799999999998
-0.052098000000000026
-0.04850199999999996
-0.05312300000000006
-0.047677000000000046
-0.05005499999999998
-0.04750499999999999
-0.049476
-0.05350799999999999
-0.04864300000000002
-0.050138999999999975
-0.047221
-0.047912
-0.048085999999999955
-0.05021899999999999
-0.04740799999999999
-0.04729100000000003
-0.04484300000000004
-0.05075000000000003
-0.051148999999999986
-0.04992600000000001
-0.04815299999999999
-0.048317000000000054
-0.05167000000000006
-0.04912099999999997
-0.050314999999999985
-0.05048500000000003
-0.04855899999999998
-0.05065399999999999
-0.048725000000000025
-0.048761000000000006
-0.047512000000000026
-0.049720999999999974
-0.04767700000000006
-0.047637000000000006
-0.04842700000000005
-0.05052299999999997
-0.04743500000000007
-0.04818400000000001
-0.04880399999999999
-0.051583000000000004
-0.04685100000000006
-0.04493699999999997
-0.04729400000000006
-0.04692700000000004
-0.046634000000000043
-0.05144
-0.046087
-0.05001899999999997
-0.053883000000000104
-0.047617999999999945
-0.04779200000000002
-0.05020599999999995
-0.04863599999999997
-0.051262999999999975
-0.04701499999999999
-0.04731400000000009
-0.04835699999999996
-0.04789299999999998
-0.050365999999999966
-0.04914900000000002
-0.046419000000000064
-0.04663700000000002
-0.04764300000000003
-0.048052000000000025
-0.04731500000000005
-0.048483000000000075
-0.047640000000000036
-0.05005700000000005
-0.051113999999999965
-0.049011999999999986
-0.04723300000000003
-0.05544600000000004
-0.04980999999999999
-0.049712000000000034
-0.04991000000000004
-0.04794900000000007
-0.04895199999999993
-0.05072400000000003
-0.04880899999999999
-0.049257999999999996
-0.04846800000000005
-0.053137000000000004
-0.04992900000000006
-0.04794400000000001
-0.04931600000000001
-0.04823999999999993
-0.048833999999999995
-0.04840000000000003
-0.04880100000000009
-0.048145999999999994
-0.04926999999999998
-0.04866100000000003
-0.048351000000000054
-0.04855500000000002
-0.049235000000000036
-0.04696500000000002
-0.05265
-0.047491999999999965
-0.053212999999999955
-0.04795800000000006
-0.047687
-0.05041900000000002
-0.048510999999999936
-0.04622599999999997
-0.048825999999999994
-0.049238999999999984
-0.050573999999999994
-0.05251600000000001
-0.05372399999999999
-0.05257200000000003
-0.049887999999999995
-0.05144099999999995
-0.04804700000000002
-0.05155600000000002
-0.047887000000000055
-0.050844000000000035
-0.050456000000000036
-0.04827600000000004
-0.052641999999999974
-0.048173999999999974
-0.05363700000000006
-0.05392900000000004
-0.04871200000000001
-0.047034000000000076
-0.049575999999999995
-0.04648700000000008
-0.04699200000000003
-0.048316999999999936
-0.046947000000000016
-0.04984000000000004
-0.04788700000000002
-0.04659900000000002
-0.04749800000000006
-0.05093200000000001
-0.049077
-0.05221600000000009
-0.05084300000000001
-0.052979999999999965
-0.04850800000000001
-0.04839700000000001
-0.048239000000000004
-0.048071
-0.04858200000000002
-0.04944599999999999
-0.050289000000000035
-0.04878200000000005
-0.051200999999999976
-0.05413899999999993
-0.05051399999999999
-0.04838200000000001
-0.04736199999999998
-0.051523
-0.05089199999999995
-0.05234699999999995
-0.05220299999999995
-0.04939100000000002
-0.04980100000000002
-0.04592200000000004
-0.04936300000000002
-0.049546999999999994
-0.05056400000000001
-0.050848000000000025
-0.049716000000000024
-0.04911100000000001
-0.04747200000000008
-0.050548000000000017
-0.05287800000000004
-0.053323000000000016
-0.04791700000000002
-0.05206100000000004
-0.04962699999999997
-0.048588000000000006
-0.04962400000000002
-0.050477
-0.04689500000000003
-0.04796200000000005
-0.05139000000000001
-0.051640000000000075
-0.052411999999999945
-0.05097099999999996
-0.05054500000000004
-0.04819700000000005
-0.047964000000000076
-0.048819000000000064
-0.04833800000000004
-0.04727100000000005
-0.049936000000000036
-0.05019699999999999
-0.050986000000000024
-0.05065199999999999
-0.047549
-0.04796500000000003
-0.049936999999999974
-0.05071599999999999
-0.05033399999999993
-0.04900300000000001
-0.04985900000000003
-0.048073000000000046
-0.05031500000000003
-0.054971000000000006
-0.04902500000000003
-0.04828100000000002
-0.047370000000000016
-0.04846900000000003
-0.04953999999999997
-0.050491999999999974
-0.050651000000000036
-0.04750400000000008
-0.04644600000000003
-0.04953999999999998
-0.04830500000000002
-0.050209000000000045
-0.04964100000000008
-0.05005699999999998
-0.04872399999999997
-0.048251
-0.05005400000000006
-0.0474880000000001
-0.050059000000000034
-0.05322600000000003
-0.049097999999999954
-0.047463999999999985
-0.04751500000000002
-0.05382099999999998
-0.05048000000000003
-0.05252500000000004
-0.047286999999999996
-0.05069499999999999
-0.05012199999999999
-0.048863999999999984
-0.051201999999999984
-0.051210000000000026
-0.049243000000000016
-0.054559000000000024
-0.04730499999999997
-0.04823500000000001
-0.04739500000000004
-0.048076999999999974
-0.04857900000000002
-0.049518999999999994
-0.048394999999999994
-0.04735900000000007
-0.04809100000000006
-0.050216
-0.050706999999999974
-0.04925099999999994
-0.049369000000000024
-0.04814899999999999
-0.04783000000000004
-0.04621400000000001
-0.04776199999999999
-0.045978999999999985
-0.05023100000000001
-0.04778500000000002
-0.05096200000000003
-0.04771199999999998
-0.04870799999999988
-0.048219999999999985
-0.04633100000000003
-0.05393899999999999
-0.04811900000000005
-0.047771000000000056
-0.04812499999999998
-0.048353999999999994
-0.04835900000000002
-0.04808800000000001
-0.04654000000000007
-0.04850699999999996
-0.048734000000000034
-0.046008999999999974
-0.046826000000000007
-0.047271000000000035
-0.047456000000000026
-0.04813199999999998
-0.048632999999999905
-0.04679800000000008
-0.05081599999999997
-0.04954400000000005
-0.049085000000000045
-0.046229000000000006
-0.050003
-0.049993
-0.047984999999999986
-0.050645000000000044
-0.050494999999999936
-0.046820000000000056
-0.04950199999999994
-0.04789000000000003
-0.04630300000000002
-0.047357000000000024
-0.04774200000000004
-0.048544999999999984
-0.047976000000000026
-0.04830799999999994
-0.04784400000000003
-0.046881000000000006
-0.049092000000000004
-0.04612300000000001
-0.04550200000000003
-0.04847800000000001
-0.048035000000000036
-0.04615800000000002
-0.05008400000000003
-0.04871599999999992
-0.045022000000000055
-0.047729
-0.04773600000000004
-0.04383300000000007
-0.04966799999999994
-0.04871199999999999
-0.04675199999999996
-0.04621000000000001
-0.052849999999999946
-0.04592199999999999
-0.04866799999999997
-0.04963899999999994
-0.046072000000000064
-0.04739400000000001
-0.05002099999999997
-0.05080699999999993
-0.046835
-0.04657600000000002
-0.04824899999999999
-0.051419999999999993
-0.04708499999999998
-0.04573299999999995
-0.04954900000000004
-0.04957700000000005
-0.04761099999999997
-0.04675400000000002
-0.04638000000000005
-0.04644400000000007
-0.04804600000000002
-0.048575999999999946
-0.04755000000000003
-0.048316999999999985
-0.05048299999999993
-0.045427
-0.050397000000000025
-0.05478899999999996
-0.046606000000000036
-0.04585400000000006
-0.049766
-0.049749000000000015
-0.045691
-0.04900799999999999
-0.04867299999999999
-0.05121999999999998
-0.04811100000000001
-0.04601499999999996
-0.04661400000000004
-0.047820999999999995
-0.04775299999999998
-0.04715500000000004
-0.046114000000000016
-0.046256000000000054
-0.05014000000000002
-0.04687300000000005
-0.046040000000000005
-0.047622999999999985
-0.04640799999999999
-0.050232999999999965
-0.04933899999999995
-0.047004
-0.04709400000000001
-0.04547200000000005
-0.04600100000000004
-0.045733000000000065
-0.05009899999999998
-0.04894600000000001
-0.05021900000000001
-0.04666599999999997
-0.04763900000000001
-0.04772600000000001
-0.051107999999999945
-0.04615600000000006
-0.04796099999999997
-0.05063800000000002
-0.05007099999999995
-0.04759600000000001
-0.046838000000000005
-0.04482300000000001
-0.04675500000000003
-0.04773399999999999
-0.047971999999999994
-0.04777399999999997
-0.04712700000000001
-0.04637599999999996
-0.047146999999999994
-0.04675500000000003
-0.050026
-0.04569400000000001
-0.048859999999999945
-0.047616
-0.04863699999999999
-0.04591900000000006
-0.04557999999999999
-0.04697199999999998
-0.04559700000000001
-0.04705299999999999
-0.05030699999999999
-0.04665300000000009
-0.04657300000000003
-0.04858600000000004
-0.048016999999999976
-0.04595600000000003
-0.04532999999999998
-0.05333199999999996
-0.045010999999999995
-0.046892000000000045
-0.048215
-0.04463299999999998
-0.04864700000000005
-0.04704200000000001
-0.04923499999999995
-0.050336
-0.05027799999999989
-0.044735000000000025
-0.04736599999999996
-0.04803300000000001
-0.04940099999999998
-0.04655900000000001
-0.044846999999999984
-0.04933099999999997
-0.04874700000000002
-0.04674100000000004
-0.04720899999999995
-0.04713400000000001
-0.04816699999999999
-0.047788000000000004
-0.04521300000000001
-0.046216
-0.044980000000000034
-0.04874399999999999
-0.04541400000000001
-0.04732099999999993
-0.04879699999999998
-0.043029
-0.04504799999999999
-0.05053499999999996
-0.045835999999999995
-0.04653399999999999
-0.04908399999999993
-0.04489700000000006
-0.04858399999999998
-0.046599999999999975
-0.04768700000000001
-0.044344999999999996
-0.048011999999999964
-0.048739000000000005
-0.048546999999999944
-0.04632399999999997
-0.04937599999999999
-0.04769899999999997
-0.048652999999999925
-0.05039600000000001
-0.04696
-0.045569999999999965
-0.044463
-0.04745299999999999
-0.04585699999999999
-0.04665499999999999
-0.048176000000000024
-0.045916
-0.04761400000000002
-0.04384400000000004
-0.04868699999999998
-0.04828499999999996
-0.044191000000000015
-0.04723399999999997
-0.04706499999999997
-0.047231999999999996
-0.04793699999999999
-0.04675700000000006
-0.04433999999999997
-0.048784
-0.04698900000000005
-0.045289999999999955
-0.04506400000000004
-0.050056999999999956
-0.04856500000000003
-0.044892000000000015
-0.044462999999999996
-0.04760399999999993
-0.044805000000000046
-0.047337
-0.045825999999999985
-0.04803900000000002
-0.044406000000000063
-0.045767999999999975
-0.047287
-0.04808300000000004
-0.04444800000000005
-0.04904199999999997
-0.04633699999999998
-0.04399699999999996
-0.04706999999999997
-0.048269999999999966
-0.045105999999999966
-0.047320000000000015
-0.046309999999999976
-0.046325000000000026
-0.04685900000000004
-0.04809899999999994
-0.04862999999999997
-0.04598799999999998
-0.04736099999999999
-0.047429000000000054
-0.045070000000000006
-0.04485300000000001
-0.045656000000000016
-0.047333
-0.05008799999999999
-0.04823099999999997
-0.04452000000000005
-0.04975000000000005
-0.047733999999999985
-0.05038499999999997
-0.04680300000000001
-0.04887299999999999
-0.049267999999999985
-0.046860000000000034
-0.045829999999999954
-0.047696999999999955
-0.05110799999999997
-0.04632900000000001
-0.05083199999999996
-0.046329000000000016
-0.04737200000000008
-0.048359999999999986
-0.0494
-0.04765400000000001
-0.049171
-0.04881199999999998
-0.04815400000000005
-0.04913800000000001
-0.04729099999999996
-0.04938200000000003
-0.046176000000000016
-0.046982
-0.04741899999999999
-0.04532200000000002
-0.04554300000000005
-0.04480200000000008
-0.04882199999999997
-0.04909099999999998
-0.05065700000000001
-0.051494999999999985
-0.047605
-0.04870999999999999
-0.04727299999999998
-0.05118999999999997
-0.045475
-0.050780999999999944
-0.04594700000000004
-0.048116000000000006
-0.050932
-0.04601000000000003
-0.049328
-0.049248999999999946
-0.045101999999999975
-0.04955600000000001
-0.04714700000000001
-0.049589999999999995
-0.05052899999999999
-0.04623500000000003
-0.04729799999999999
-0.04730599999999996
-0.04464099999999998
-0.045520000000000005
-0.046899999999999976
-0.04672000000000005
-0.047012
-0.046091
-0.04968099999999997
-0.047941999999999985
-0.04627199999999999
-0.04532899999999999
-0.04612199999999997
-0.047434000000000004
-0.047513999999999994
-0.044697999999999974
-0.05128299999999997
-0.04564100000000002
-0.047564
-0.04678500000000002
-0.04773700000000001
-0.04765099999999997
-0.05041999999999998
-0.04687599999999998
-0.04928099999999999
-0.04829000000000002
-0.046022
-0.04828999999999997
-0.04705699999999999
-0.04729400000000001
-0.04871999999999998
-0.05160599999999999
-0.049911999999999956
-0.048159999999999974
-0.04756099999999992
-0.048420000000000026
-0.04669699999999998
-0.05207999999999999
-0.045806999999999945
-0.04706099999999998
-0.05061399999999995
-0.04657100000000002
-0.04984099999999997
-0.04656499999999998
-0.046278999999999994
-0.04953599999999998
-0.047958
-0.047949999999999986
-0.047876
-0.048687999999999974
-0.047219999999999984
-0.046342
-0.048529999999999976
-0.04858
-0.04607400000000001
-0.04540399999999995
-0.045528000000000006
-0.049239999999999964
-0.04871899999999999
-0.047205000000000066
-0.04789799999999998
-0.04428099999999998
-0.04580299999999998
-0.047772999999999996
-0.047779
-0.047543000000000016
-0.04692000000000003
-0.04766000000000001
-0.04787599999999999
-0.051325
-0.049201999999999996
-0.04758999999999999
-0.04544000000000003
-0.049510000000000005
-0.043332
-0.04810199999999994
-0.04711699999999997
-0.04744699999999992
-0.04648400000000001
-0.04500200000000003
-0.04763299999999997
-0.04937799999999997
-0.04764700000000001
-0.05139499999999996
-0.04637800000000003
-0.04754700000000002
-0.045681
-0.046001
-0.04840499999999993
-0.04723400000000004
-0.04797899999999996
-0.04881
-0.04673899999999999
-0.04644499999999997
-0.04835099999999998
-0.046326000000000006
-0.04660500000000001
-0.04526600000000006
-0.046973999999999974
-0.04643899999999998
-0.04592399999999993
-0.047814999999999955
-0.04536800000000004
-0.046916999999999986
-0.04336099999999998
-0.04476599999999995
-0.05078599999999996
-0.046179999999999964
-0.04721799999999994
-0.047294999999999955
-0.04639700000000003
-0.05169099999999995
-0.04843599999999999
-0.04794300000000001
-0.04609299999999999
-0.048487999999999955
-0.045226
-0.04595499999999997
-0.04797399999999995
-0.049407999999999966
-0.047231000000000016
-0.04878899999999995
-0.04660599999999997
-0.05252799999999995
-0.050030999999999964
-0.04418199999999995
-0.04570300000000001
-0.04803900000000005
-0.04684000000000001
-0.047222999999999994
-0.047217999999999975
-0.04570100000000001
-0.04564
-0.04651199999999996
-0.045447999999999954
-0.04681400000000003
-0.046684999999999977
-0.05670699999999994
-0.044509000000000014
-0.04632200000000002
-0.047734000000000006
-0.046195999999999945
-0.04610799999999998
-0.05111500000000004
-0.043539999999999975
-0.04772200000000009
-0.05034199999999999
-0.04528600000000001
-0.046144999999999985
-0.04867099999999999
-0.04495699999999996
-0.04717299999999999
-0.045584999999999994
-0.051445000000000074
-0.04481699999999995
-0.04864100000000005
-0.04873600000000008
-0.04873300000000007
-0.04275799999999996
-0.04848800000000007
-0.04911099999999995
-0.04722599999999999
-0.04516099999999994
-0.04713700000000003
-0.05284100000000011
-0.04475300000000006
-0.05025700000000004
-0.05234800000000008
-0.047516000000000023
-0.046944000000000055
-0.044886999999999996
-0.05171800000000003
-0.049567
-0.053136000000000135
-0.05149100000000001
-0.046373
-0.05132100000000005
-0.04824399999999999
-0.04624500000000009
-0.04549299999999996
-0.04466699999999997
-0.046304999999999985
-0.04461299999999997
-0.04448
-0.04571099999999998
-0.043999999999999935
-0.048694000000000015
-0.04633600000000005
-0.04469000000000006
-0.04568099999999994
-0.046518999999999984
-0.04526399999999998
-0.047049
-0.04644800000000001
-0.04506599999999999
-0.04469099999999996
-0.044698000000000015
-0.047066999999999935
-0.046381
-0.04489599999999997
-0.04546999999999995
-0.04626700000000003
-0.04782999999999997
-0.04776900000000001
-0.04442899999999995
-0.04536599999999994
-0.04812500000000001
-0.04767799999999995
-0.04541999999999997
-0.04456799999999996
-0.046172000000000005
-0.045933
-0.044415000000000024
-0.047973
-0.049826
-0.04503899999999999
-0.04700700000000001
-0.047880000000000006
-0.047526999999999965
-0.04359400000000001
-0.048603000000000035
-0.045685999999999984
-0.04718600000000009
-0.047991000000000006
-0.04397299999999998
-0.04812899999999997
-0.04701999999999997
-0.04951399999999993
-0.04574900000000002
-0.04950299999999998
-0.045763
-0.054532999999999984
-0.04884200000000002
-0.04581300000000005
-0.04552700000000004
-0.04373299999999991
-0.04910900000000004
-0.04865699999999996
-0.04927899999999994
-0.04819599999999994
-0.04707299999999998
-0.04302399999999994
-0.045914999999999956
-0.047886000000000026
-0.044318
-0.04876999999999997
-0.04475799999999997
-0.044937000000000026
-0.044661000000000006
-0.04704700000000005
-0.04210099999999998
-0.04691400000000002
-0.04687699999999994
-0.050487
-0.050351999999999994
-0.04627599999999999
-0.044903000000000005
-0.041398999999999984
-0.04410799999999998
-0.04461199999999996
-0.04640699999999999
-0.045951000000000006
-0.04560200000000005
-0.04283099999999996
-0.047057
-0.044375000000000026
-0.04268599999999999
-0.04426500000000001
-0.043995999999999987
-0.04686899999999999
-0.041613999999999984
-0.045674
-0.04561800000000003
-0.043812000000000004
-0.0456270000000001
-0.04479500000000008
-0.04396599999999998
-0.046924000000000035
-0.04454799999999995
-0.050047000000000015
-0.043151
-0.04598999999999999
-0.04373800000000003
-0.044618000000000026
-0.044585000000000034
-0.04350399999999994
-0.04534999999999998
-0.04300099999999998
-0.04116099999999994
-0.044465000000000046
-0.044830999999999996
-0.04475399999999999
-0.046088
-0.042258
-0.044114000000000035
-0.04568899999999998
-0.04666200000000003
-0.04365799999999999
-0.044222999999999936
-0.04541199999999998
-0.043527
-0.044385000000000105
-0.044303000000000016
-0.04799500000000003
-0.04310600000000005
-0.04263899999999996
-0.040749999999999995
-0.04642500000000001
-0.047848
-0.04413199999999999
-0.043624000000000045
-0.04760199999999997
-0.04649300000000004
-0.045741000000000046
-0.044192999999999996
-0.046769000000000026
-0.047024
-0.045162000000000015
-0.043763
-0.04305899999999996
-0.04390800000000001
-0.046055000000000006
-0.045717999999999995
-0.044182999999999986
-0.042664000000000035
-0.043133999999999985
-0.04667999999999999
-0.040833
-0.042847999999999976
-0.044947
-0.04330600000000001
-0.042446
-0.045821000000000014
-0.04365900000000004
-0.04635799999999999
-0.04559200000000002
-0.04992300000000003
-0.04470700000000006
-0.04338800000000007
-0.045548000000000005
-0.045123
-0.04496100000000002
-0.04668200000000006
-0.04576299999999997
-0.04355300000000006
-0.04448400000000003
-0.04104899999999998
-0.041909000000000016
-0.04929100000000003
-0.043961000000000035
-0.04429500000000001
-0.04102100000000004
-0.045056000000000006
-0.04622000000000005
-0.043608000000000036
-0.04313200000000001
-0.043965000000000046
-0.04342299999999998
-0.04725200000000002
-0.04544999999999997
-0.045906
-0.04476000000000002
-0.044095000000000016
-0.04306100000000002
-0.044661000000000006
-0.04414100000000001
-0.045862000000000035
-0.043364000000000014
-0.042749999999999996
-0.04570200000000002
-0.04389300000000005
-0.04495400000000002
-0.04228099999999997
-0.04640199999999998
-0.04296800000000006
-0.04157500000000003
-0.04621199999999994
-0.046933000000000044
-0.04427900000000002
-0.042104000000000016
-0.045048000000000074
-0.04728100000000003
-0.04369100000000008
-0.044259000000000034
-0.04506900000000002
-0.043420000000000014
-0.04774299999999999
-0.042731000000000054
-0.04177400000000006
-0.04350900000000007
-0.043468000000000104
-0.042126000000000094
-0.04346500000000002
-0.04112799999999999
-0.04334300000000003
-0.04260300000000009
-0.04497899999999997
-0.04283300000000002
-0.04295
-0.04419799999999993
-0.04080300000000002
-0.04265500000000002
-0.04385899999999995
-0.042441000000000034
-0.04196999999999995
-0.043182000000000054
-0.04234900000000001
-0.04246100000000006
-0.04329100000000006
-0.044865999999999975
-0.049411000000000004
-0.04130699999999998
-0.04205499999999999
-0.040819000000000036
-0.046095000000000004
-0.04190100000000003
-0.043261000000000056
-0.04489100000000003
-0.044565000000000056
-0.046076999999999986
-0.04562000000000004
-0.04361700000000006
-0.04309099999999996
-0.044121000000000014
-0.04588000000000001
-0.045140000000000007
-0.042390000000000025
-0.04350600000000008
-0.041356000000000066
-0.042293
-0.041736999999999996
-0.04667100000000003
-0.043826000000000045
-0.04384400000000004
-0.04216400000000009
-0.04398700000000005
-0.04463599999999999
-0.04395500000000001
-0.04516500000000005
-0.042822000000000006
-0.04603400000000004
-0.042280000000000026
-0.04281699999999999
-0.04577900000000003
-0.04624500000000006
-0.04365100000000001
-0.03978799999999999
-0.04117000000000002
-0.043716
-0.045691999999999976
-0.04646300000000008
-0.041571999999999984
-0.042911000000000005
-0.045504
-0.04480800000000004
-0.04320000000000004
-0.04277300000000003
-0.045750999999999986
-0.043278000000000025
-0.041906000000000034
-0.040137
-0.043753
-0.04203200000000003
-0.039484000000000005
-0.039867999999999966
-0.04139199999999997
-0.039476000000000046
-0.04206799999999997
-0.04308500000000005
-0.04061700000000002
-0.04258100000000003
-0.04748199999999998
-0.041991000000000056
-0.04147200000000001
-0.04144800000000007
-0.04116499999999997
-0.045218000000000015
-0.040421000000000026
-0.04107700000000003
-0.043611000000000066
-0.04138500000000007
-0.04032599999999996
-0.04281400000000002
-0.04230200000000007
-0.044149
-0.04214799999999998
-0.040781999999999936
-0.03947400000000001
-0.04425100000000003
-0.044032
-0.04325200000000004
-0.04393599999999993
-0.04507799999999997
-0.04099300000000004
-0.04283200000000004
-0.04244300000000009
-0.041505999999999946
-0.03909499999999999
-0.039886000000000095
-0.04158300000000007
-0.03962399999999999
-0.040572000000000046
-0.04344100000000003
-0.04284300000000006
-0.04004300000000007
-0.043324000000000036
-0.04420600000000002
-0.045890000000000035
-0.043583000000000024
-0.04125800000000005
-0.044813
-0.04355300000000002
-0.043413000000000104
-0.042643000000000014
-0.04179800000000007
-0.041419
-0.04051199999999998
-0.040419000000000066
-0.044181
-0.042165000000000064
-0.044787000000000014
-0.04315500000000005
-0.040867000000000014
-0.04378700000000002
-0.04083400000000002
-0.04512300000000004
-0.04567
-0.041540000000000014
-0.04409900000000004
-0.04094600000000001
-0.04556400000000002
-0.04095500000000007
-0.04268000000000008
-0.04143800000000001
-0.04229399999999999
-0.04424199999999998
-0.04012000000000004
-0.042696
-0.04500799999999995
-0.04328300000000003
-0.042497000000000035
-0.04442100000000001
-0.042105000000000045
-0.048444000000000015
-0.046184000000000065
-0.04418100000000004
-0.04234500000000001
-0.03954200000000008
-0.041368000000000044
-0.04179700000000001
-0.04279200000000004
-0.04332100000000003
-0.04047900000000002
-0.04656600000000001
-0.04097400000000003
-0.044937
-0.043028000000000004
-0.04255600000000005
-0.044346000000000024
-0.040774000000000005
-0.042050000000000004
-0.046645000000000034
-0.042031000000000034
-0.041093000000000095
-0.04710600000000004
-0.041656000000000006
-0.03942500000000001
-0.04079199999999999
-0.04119000000000003
-0.04344000000000004
-0.04063499999999994
-0.041415000000000035
-0.04309799999999998
-0.041477000000000014
-0.04366900000000004
-0.040478000000000014
-0.039445000000000056
-0.04062700000000003
-0.04237499999999998
-0.045257000000000026
-0.042149000000000006
-0.041826000000000016
-0.04377800000000001
-0.04172900000000002
-0.04365600000000009
-0.04106499999999999
-0.04130400000000003
-0.04342600000000006
-0.040552
-0.04412000000000005
-0.042715000000000024
-0.04449500000000004
-0.040311
-0.04153100000000004
-0.04257400000000007
-0.046174000000000034
-0.040326000000000035
-0.03988400000000005
-0.047018
-0.04087100000000002
-0.04156200000000008
-0.040109000000000034
-0.043302000000000035
-0.040014000000000084
-0.04159399999999998
-0.03994700000000007
-0.04217999999999997
-0.04109700000000002
-0.04227600000000013
-0.04168500000000002
-0.04131700000000006
-0.04053200000000004
-0.03869600000000004
-0.038931
-0.040089000000000014
-0.04029600000000004
-0.04340100000000004
-0.04161900000000006
-0.041487
-0.03992300000000004
-0.04559000000000004
-0.03906900000000007
-0.04150200000000002
-0.04329500000000004
-0.040982000000000074
-0.04298900000000007
-0.04592999999999999
-0.04749399999999999
-0.04266300000000005
-0.04359000000000003
-0.043845999999999934
-0.040094
-0.04033600000000004
-0.04259999999999999
-0.04105800000000001
-0.04503700000000003
-0.04441300000000005
-0.04209400000000001
-0.041826000000000044
-0.040708999999999954
-0.04256900000000008
-0.04470300000000006
-0.041901999999999995
-0.04496099999999998
-0.04112300000000004
-0.04101000000000002
-0.040736999999999975
-0.046948000000000004
-0.04393900000000005
-0.040475999999999984
-0.04282400000000007
-0.04294500000000008
-0.04175800000000004
-0.04290100000000001
-0.04107799999999996
-0.045713000000000004
-0.04684900000000008
-0.04133699999999999
-0.04302400000000009
-0.045975999999999996
-0.04492300000000002
-0.04120600000000002
-0.04374700000000006
-0.042793
-0.04180799999999999
-0.04036900000000002
-0.04065199999999996
-0.04068800000000003
-0.041244
-0.042418
-0.04061099999999994
-0.04179200000000004
-0.04055900000000002
-0.04427400000000007
-0.04314100000000003
-0.042717000000000095
-0.04355300000000006
-0.04251199999999999
-0.042837
-0.04242600000000001
-0.04359900000000006
-0.044584000000000054
-0.04304400000000004
-0.04120400000000004
-0.03933100000000009
-0.04466700000000001
-0.041354999999999954
-0.040009
-0.04530800000000001
-0.04020900000000005
-0.04424400000000002
-0.03947299999999999
-0.04181499999999999
-0.045191999999999996
-0.04414599999999998
-0.044237000000000026
-0.04360300000000005
-0.04294700000000003
-0.04120200000000001
-0.03889099999999996
-0.04621899999999999
-0.04331100000000004
