-0.11933834000000001
-0.11188093999999998
-0.10491393999999996
-0.10272059999999994
-0.10134221999999994
-0.10005303999999998
-0.09938499999999997
-0.09834793999999997
-0.09696535999999996
-0.09587293999999995
-0.09560087999999994
-0.09551991999999992
-0.09424899999999994
-0.09427781999999992
-0.09268607999999995
-0.09204377999999995
-0.09260413999999996
-0.09215547999999998
-0.09159441999999998
-0.09045758
-0.08927132
-0.08849954000000004
-0.08718054000000004
-0.08646214000000006
-0.08628440000000005
-0.08520676000000005
-0.08503212000000009
-0.0835721200000001
-0.08315092000000009
-0.0819110200000001
-0.0808566000000001
-0.0806427200000001
-0.07939578000000008
-0.07763822000000004
-0.07672594000000005
-0.07579714000000004
-0.07578478000000005
-0.07509238000000008
-0.07516776000000007
-0.07506076000000007
-0.07568000000000005
-0.07481036000000006
-0.07489086000000005
-0.07412354000000006
-0.07344852000000007
-0.07324008000000007
-0.07318838000000008
-0.0728230000000001
-0.0726108000000001
-0.07160384000000009
-0.07213052000000009
-0.07214442000000011
-0.07150122000000012
-0.07127522000000011
-0.07112404000000011
-0.07077154000000012
-0.07091562000000011
-0.0704497400000001
-0.0707907800000001
-0.0708866400000001
-0.07048846000000009
-0.07010306000000009
-0.0694524200000001
-0.0688753200000001
-0.0687937800000001
-0.06786420000000008
-0.06691258000000007
-0.06720784000000007
-0.06756720000000009
-0.0674953200000001
-0.0673449800000001
-0.06659126000000008
-0.06649534000000008
-0.06589032000000007
-0.06537898000000004
-0.06490968000000005
-0.06455466000000003
-0.06347002
-0.06279077999999996
-0.06252627999999995
-0.06290885999999996
-0.06229471999999994
-0.06134775999999996
-0.06136973999999996
-0.061198519999999965
-0.060841999999999945
-0.060549039999999964
-0.06015259999999996
-0.06049745999999996
-0.06052597999999995
-0.06046431999999997
-0.06128125999999996
-0.060483239999999966
-0.05954669999999996
-0.05839855999999996
-0.05791867999999996
-0.056852319999999956
-0.056997119999999964
-0.055775859999999976
-0.05654597999999997
-0.056413799999999965
-0.05701271999999995
-0.056670559999999946
-0.05660693999999995
-0.05623241999999997
-0.055903799999999955
-0.05522073999999997
-0.05579117999999996
-0.055056179999999975
-0.05440759999999997
-0.05394961999999995
-0.05234639999999996
-0.052291699999999955
-0.052496579999999946
-0.051429619999999954
-0.05061023999999995
-0.050283079999999966
-0.05032979999999996
-0.050044499999999964
-0.049611019999999985
-0.05016621999999997
-0.04917325999999998
-0.048452499999999975
-0.04845207999999997
-0.04767539999999998
-0.04705059999999995
-0.04837803999999997
-0.04723277999999995
-0.04689671999999996
-0.04744883999999997
-0.04715887999999995
-0.04671823999999997
-0.04786171999999996
-0.045926399999999964
-0.04647869999999996
-0.04643193999999998
-0.046362619999999966
-0.04654647999999997
-0.046140199999999985
-0.04593175999999997
-0.04565567999999997
-0.04515955999999998
-0.045951099999999974
-0.04449641999999998
-0.04604533999999998
-0.04577149999999998
-0.045192159999999974
-0.04551301999999999
-0.04549309999999998
-0.045747659999999975
-0.04537375999999999
-0.045513999999999985
-0.04474695999999999
-0.044746679999999976
-0.04461847999999998
-0.044689459999999986
-0.04390217999999999
-0.04438287999999999
-0.044267259999999996
-0.04405718
-0.04377886000000001
-0.043318659999999995
-0.043914979999999985
-0.04397595999999998
-0.04375174
-0.04276684
-0.043199619999999994
-0.04338786
-0.04330042
-0.04313398
-0.04266945999999998
-0.042781959999999994
-0.04207374
-0.04188015999999999
-0.04242119999999999
-0.041788419999999986
-0.040731079999999996
-0.040841619999999995
-0.04025828
-0.03988304
-0.03957767999999999
-0.03930266
-0.03842875999999999
-0.03881195999999999
-0.03884314
-0.038825659999999984
-0.03806485999999999
-0.03819653999999999
-0.037930939999999996
-0.03784348
-0.03726838
-0.037897379999999994
-0.03742681999999999
-0.037173660000000004
-0.03761368
-0.037299639999999995
-0.03672200000000001
-0.03675606000000001
-0.03656158
-0.03588894
-0.036227180000000005
-0.03636162000000001
-0.03637292000000001
-0.036570340000000014
-0.035703600000000016
-0.03627348000000001
-0.03561546000000002
-0.03636754000000001
-0.03610866000000002
-0.03630796000000002
-0.035141740000000025
-0.034483680000000023
-0.035020460000000024
-0.03561466000000001
-0.035433020000000016
-0.03489800000000001
-0.035320520000000015
-0.03443668000000002
-0.03466184000000001
-0.03426534000000001
-0.03406106000000001
-0.03430982000000002
-0.034651180000000024
-0.03441496000000002
-0.03460956000000001
-0.033700180000000024
-0.03431422000000002
-0.03385036000000002
-0.03338870000000002
-0.03408098000000003
-0.03402502000000003
-0.03383184000000003
-0.03350054000000003
-0.03339842000000003
-0.03313248000000004
-0.03291130000000003
-0.03319542000000003
-0.03339144000000002
-0.03269340000000003
-0.033042160000000036
-0.03301096000000003
-0.032799740000000036
-0.032471560000000024
-0.03372852000000003
-0.032952940000000035
-0.032498400000000045
-0.03258670000000004
-0.03246068000000004
-0.032899720000000035
-0.03294028000000002
-0.033010880000000034
-0.03288736000000004
-0.032949620000000034
-0.03237918000000004
-0.03323696000000003
-0.033667440000000035
-0.032540040000000034
-0.03299022000000003
-0.033059120000000025
-0.032575660000000034
-0.03293350000000003
-0.03254768000000004
-0.03247806000000003
-0.03197766000000003
-0.031926340000000046
-0.03238580000000003
-0.03214428000000004
-0.03202680000000004
-0.03134438000000004
-0.03058718000000003
-0.030872500000000035
-0.03159834000000004
-0.030902760000000043
-0.031396840000000044
-0.03170216000000004
-0.031136740000000045
-0.031375640000000045
-0.031480660000000035
-0.031669380000000046
-0.031085940000000048
-0.03146208000000004
-0.031182780000000045
-0.030388220000000035
-0.03099624000000005
-0.030820160000000044
-0.031297320000000045
-0.030765300000000037
-0.03082802000000004
-0.031235760000000043
-0.030697380000000038
-0.030960420000000047
-0.030737800000000048
-0.030646280000000043
-0.030976620000000045
-0.03155216000000003
-0.03115376000000004
-0.03106218000000005
-0.03069592000000004
-0.030235260000000035
-0.030658420000000047
-0.029923360000000045
-0.03076630000000004
-0.03098524000000004
-0.030172880000000034
-0.030974080000000036
-0.03035144000000005
-0.03066966000000004
-0.029913260000000035
-0.030174520000000045
-0.030209860000000047
-0.029283320000000043
-0.029481840000000033
-0.02977644000000005
-0.030056340000000036
-0.030460980000000054
-0.029823860000000056
-0.030010280000000045
-0.029645340000000044
-0.030080700000000057
-0.02927002000000005
-0.02996872000000005
-0.030084980000000056
-0.029393120000000047
-0.029813260000000053
-0.03038394000000006
-0.02958780000000005
-0.02974898000000005
-0.02978508000000006
-0.029184800000000045
-0.029609740000000054
-0.029824480000000056
-0.029532300000000053
-0.03029908000000006
-0.02949276000000005
-0.03004726000000006
-0.029829460000000065
-0.029592320000000047
-0.030272520000000056
-0.029706720000000048
-0.030491140000000055
-0.02956688000000006
-0.030232060000000054
-0.029338280000000053
-0.029495500000000053
-0.029681240000000057
-0.029646680000000057
-0.030443440000000058
-0.029654200000000054
-0.02926828000000005
-0.029199540000000055
-0.029631720000000063
-0.029334060000000054
-0.02960728000000006
-0.02929628000000006
-0.029265680000000058
-0.028875920000000055
-0.03021482000000006
-0.02899338000000004
-0.029812600000000036
-0.02960050000000005
-0.02991396000000005
-0.029742780000000052
-0.03027000000000006
-0.02918540000000005
-0.029769040000000045
-0.029481080000000052
-0.02887172000000005
-0.029545320000000045
-0.029966380000000056
-0.02982446000000005
-0.02981344000000005
-0.02937814000000005
-0.029145180000000045
-0.029068180000000044
-0.029318760000000048
-0.029505020000000052
-0.028942160000000047
-0.029463720000000047
-0.029633800000000043
-0.02932890000000005
-0.028705420000000047
-0.029218600000000046
-0.02845076000000004
-0.02907350000000005
-0.029375340000000052
-0.029104440000000037
-0.029071520000000045
-0.029029180000000047
-0.02933436000000005
-0.02845518000000004
-0.028779100000000047
-0.029033380000000043
-0.029279980000000053
-0.02907376000000005
-0.028727300000000046
-0.02948890000000005
-0.028727160000000043
-0.029006480000000046
-0.029167500000000044
-0.02980168000000005
-0.029011540000000044
-0.029207260000000047
-0.028500460000000043
-0.029331880000000046
-0.029224780000000047
-0.029218580000000043
-0.028399100000000038
-0.029785520000000044
-0.029332360000000043
-0.028692100000000043
-0.029542520000000037
-0.028889400000000037
-0.02912690000000005
-0.02944376000000005
-0.02908598000000005
-0.029670980000000045
-0.029004640000000047
-0.02889380000000004
-0.029615240000000043
-0.02938546000000004
-0.028992560000000046
-0.029804200000000045
-0.02884470000000004
-0.02918632000000005
-0.02921170000000005
-0.028565920000000036
-0.028766220000000044
-0.028718940000000033
-0.02882496000000004
-0.028874520000000042
-0.02922292000000005
-0.029458420000000044
-0.02881090000000005
-0.02960694000000005
-0.02861196000000004
-0.02942980000000005
-0.029157080000000044
-0.029250100000000046
-0.029930220000000052
-0.02980192000000004
-0.028603540000000035
-0.02930422000000004
-0.029300120000000037
-0.02879908000000004
-0.029451340000000048
-0.029950740000000045
-0.029819140000000032
-0.029422980000000036
-0.02947822000000004
-0.029424100000000047
-0.028818260000000036
-0.02902762000000003
-0.02929282000000004
-0.028962060000000043
-0.029224960000000032
-0.028664580000000033
-0.029089800000000044
-0.02922606000000005
-0.029813020000000048
-0.029029500000000045
-0.029692560000000045
-0.029321240000000044
-0.029482060000000043
-0.029300940000000036
-0.029451040000000043
-0.02991294000000005
-0.02957132000000004
-0.02952868000000005
-0.02954640000000005
-0.029573800000000042
-0.02957218000000004
-0.029437460000000044
-0.030181820000000047
-0.030044080000000046
-0.02976090000000004
-0.029164060000000037
-0.02922730000000004
-0.02975922000000004
-0.029260320000000038
-0.029939660000000052
-0.029601040000000047
-0.029339600000000035
-0.029459220000000036
-0.029417440000000038
-0.02940410000000004
-0.02904568000000004
-0.029279920000000032
-0.029462220000000035
-0.029178520000000034
-0.029744040000000034
-0.030009400000000044
-0.029589380000000033
-0.029105700000000033
-0.029211360000000037
-0.02966806000000004
-0.029141360000000033
-0.028536880000000035
-0.02962562000000005
-0.028623240000000032
-0.02944654000000004
-0.029289560000000037
-0.02897440000000004
-0.028966380000000038
-0.028849200000000037
-0.02893518000000004
-0.028741520000000034
-0.02888568000000004
-0.02883282000000004
-0.02828680000000003
-0.029013000000000032
-0.02842402000000003
-0.028360620000000024
-0.027728140000000023
-0.028169320000000022
-0.029227340000000032
-0.028562600000000035
-0.028881560000000032
-0.028549720000000032
-0.028485780000000026
-0.028392940000000023
-0.02872666000000003
-0.02827020000000002
-0.02853280000000003
-0.028590200000000024
-0.02844124000000003
-0.027416980000000018
-0.027808400000000014
-0.028418860000000018
-0.028920940000000027
-0.027079140000000012
-0.028927200000000024
-0.02828596000000002
-0.02776352000000002
-0.027772380000000013
-0.02806212000000002
-0.027229680000000013
-0.02735444000000002
-0.028705520000000026
-0.028392740000000027
-0.028505800000000026
-0.02835624000000002
-0.02771944000000002
-0.027433720000000012
-0.02733636000000001
-0.028153440000000023
-0.027639760000000013
-0.02778936000000002
-0.026997220000000013
-0.02760560000000001
-0.028295800000000027
-0.02805588000000002
-0.027479020000000017
-0.027811960000000014
-0.027003560000000006
-0.027368380000000015
-0.02710942000000001
-0.027108800000000002
-0.02781904000000002
-0.028105980000000017
-0.027815420000000007
-0.027405620000000016
-0.02747790000000001
-0.02713336
-0.02797252000000001
-0.027972500000000018
-0.02766354000000001
-0.02821086000000001
-0.02721644000000001
-0.028301320000000012
-0.02767898000000001
-0.02750150000000001
-0.02784086000000001
-0.026813220000000006
-0.027788880000000005
-0.02765472000000001
-0.02772316000000001
-0.027634400000000014
-0.02819714000000002
-0.027379980000000016
-0.027720180000000014
-0.02712784000000001
-0.027342340000000003
-0.027533540000000013
-0.028549300000000014
-0.027504640000000014
-0.027981540000000013
-0.02685016000000002
-0.027128340000000008
-0.027305920000000004
-0.026844740000000006
-0.027527340000000008
-0.02673042000000001
-0.027972900000000012
-0.026809600000000006
-0.027970120000000015
-0.02757746000000001
-0.02823910000000001
-0.0270266
-0.027308060000000016
-0.02758934000000002
-0.02792486000000001
-0.027863940000000014
-0.02717172
-0.02734134000000001
-0.026476560000000003
-0.026196459999999998
-0.02687998000000001
-0.026709060000000003
-0.026910840000000002
-0.02696238000000001
-0.026293640000000004
-0.02642988
-0.025800239999999995
-0.025843280000000003
-0.025665259999999995
-0.026441539999999996
-0.02677054
-0.027098800000000006
-0.026224319999999995
-0.026230580000000003
-0.02613089999999999
-0.026439559999999997
-0.026203439999999998
-0.026224520000000005
-0.02621034
-0.026317499999999994
-0.026113900000000002
-0.025648419999999995
-0.02593218
-0.025427059999999998
-0.0259242
-0.02535156
-0.026264660000000006
-0.026028619999999995
-0.024507800000000003
-0.025283420000000008
-0.02603784
-0.025173260000000003
-0.025529460000000007
-0.02495600000000001
-0.02544648
-0.025714500000000008
-0.02538818000000001
-0.025919460000000005
-0.025757020000000005
-0.024888240000000002
-0.02556346000000001
-0.025723180000000016
-0.02550302
-0.025396760000000008
-0.025723420000000007
-0.025598420000000014
-0.024879560000000005
-0.025561100000000007
-0.02505230000000001
-0.02560500000000001
-0.02447666000000001
-0.025148380000000012
-0.025261620000000005
-0.02549056000000001
-0.026153720000000012
-0.025693840000000013
-0.02565660000000001
-0.025668260000000012
-0.025190500000000015
-0.02481318000000001
-0.025531080000000005
-0.025441960000000013
-0.025259520000000008
-0.02510562000000001
-0.026021360000000014
-0.025325380000000005
-0.025643080000000013
-0.025604820000000014
-0.025437500000000012
-0.02539006000000001
-0.024452320000000017
-0.025020780000000013
-0.024505960000000007
-0.025345080000000016
-0.024219580000000015
-0.023849560000000013
-0.024007520000000008
-0.023788380000000005
-0.024113440000000007
-0.02446860000000001
-0.023686060000000012
-0.02477470000000001
-0.024025740000000007
-0.024175920000000007
-0.024227040000000005
-0.023749520000000003
-0.023977200000000014
-0.02404540000000001
-0.023480720000000007
-0.02382538000000001
-0.024592900000000008
-0.02336218
-0.024138300000000005
-0.023687520000000007
-0.023823640000000007
-0.02352070000000001
-0.024213780000000008
-0.024152780000000013
-0.024107120000000006
-0.024385140000000007
-0.02417410000000001
-0.02414988000000001
-0.023115240000000002
-0.024504740000000007
-0.023534360000000018
-0.02451146000000002
-0.023607080000000006
-0.024024540000000018
-0.023588720000000018
-0.024039400000000016
-0.02368294000000001
-0.023746700000000006
-0.024304020000000003
-0.02362120000000001
-0.02375266000000001
-0.023711860000000015
-0.02326038000000001
-0.022741140000000007
-0.022149380000000007
-0.023305560000000013
-0.02254128000000001
-0.022493580000000013
-0.0216443
-0.022044300000000003
-0.02165744
-0.02196416000000001
-0.02182534000000001
-0.021973180000000002
-0.02175148
-0.021411600000000003
-0.021146280000000003
-0.021231620000000007
-0.02133432
-0.021156260000000003
-0.021888980000000006
-0.02086752
-0.021391280000000002
-0.02111638000000001
-0.020926120000000013
-0.021375060000000005
-0.02100914000000001
-0.02112890000000001
-0.021142320000000013
-0.021264860000000007
-0.020511040000000005
-0.020986140000000014
-0.020537940000000008
-0.021089820000000006
-0.021003920000000013
-0.021139440000000006
-0.020590460000000005
-0.021169720000000006
-0.02160510000000001
-0.02156614
-0.02131926000000001
-0.02151030000000001
-0.021230720000000005
-0.021365520000000006
-0.02082696000000001
-0.021174460000000006
-0.020681020000000005
-0.020644340000000004
-0.021591280000000008
-0.02110552000000001
-0.020453420000000007
-0.02127894000000001
-0.02123448000000001
-0.020672260000000012
-0.02108640000000001
-0.02042198000000001
-0.02125716000000001
-0.02065792000000001
-0.020723740000000008
-0.02069538
-0.02061370000000001
-0.020373520000000006
-0.020740960000000003
-0.020813960000000006
-0.020157920000000006
-0.021120740000000006
-0.02104778000000001
-0.02046064000000001
-0.021353940000000005
-0.021121980000000002
-0.020821740000000012
-0.021244160000000005
-0.020736220000000003
-0.020723060000000005
-0.020427180000000007
-0.021234940000000004
-0.021315760000000007
-0.021097880000000013
-0.020399920000000005
-0.021000380000000006
-0.021337820000000004
-0.02054958
-0.020356620000000002
-0.020257920000000006
-0.020776540000000007
-0.020328900000000004
-0.02066008000000001
-0.019435140000000004
-0.019607660000000006
-0.01990336000000001
-0.01884922000000001
-0.019337300000000005
-0.01947030000000001
-0.01934504000000001
-0.01965538000000001
-0.018731040000000008
-0.019438800000000006
-0.019549880000000006
-0.019553520000000005
-0.01970126000000001
-0.019551280000000008
-0.018691100000000006
-0.01926832000000001
-0.01892990000000001
-0.019176100000000005
-0.019836500000000007
-0.019470080000000008
-0.019894880000000007
-0.019501180000000007
-0.019752400000000007
-0.01945918000000001
-0.01890282000000001
-0.01942072000000001
-0.01977132000000001
-0.01937614000000001
-0.018936760000000007
-0.019139580000000007
-0.019282880000000006
-0.019356120000000008
-0.01992346000000001
-0.019388700000000012
-0.019452940000000005
-0.019442140000000007
-0.019330780000000013
-0.01901888000000001
-0.019312860000000008
-0.01827466000000001
-0.018882740000000005
-0.019202600000000007
-0.019358000000000007
-0.019214000000000005
-0.01935320000000001
-0.01878864000000001
-0.019112920000000005
-0.01868864000000001
-0.019483040000000007
-0.01819726
-0.019106800000000007
-0.019035960000000005
-0.019177020000000006
-0.018903960000000008
-0.018802580000000006
-0.01910890000000001
-0.018928820000000002
-0.019197200000000005
-0.019729540000000004
-0.019318340000000003
-0.018820660000000003
-0.01944884000000001
-0.018763640000000005
-0.018763120000000008
-0.019562940000000008
-0.019115980000000005
-0.018846520000000005
-0.019449720000000004
-0.018972540000000003
-0.018895140000000005
-0.019165240000000007
-0.019286060000000008
-0.018559620000000002
-0.018885560000000006
-0.018643820000000005
-0.019021400000000008
-0.018825400000000006
-0.018968220000000004
-0.019347560000000007
-0.019058940000000007
-0.0185613
-0.01916266
-0.019345500000000005
-0.018708320000000004
-0.018542080000000006
-0.01866050000000001
-0.01906812
-0.01879866000000001
-0.018994980000000005
-0.019380640000000005
-0.018965020000000006
-0.01867412000000001
-0.018778480000000007
-0.018888520000000002
-0.018278800000000005
-0.018829340000000007
-0.018723580000000007
-0.018632800000000005
-0.017513920000000002
-0.018647360000000005
-0.019217860000000003
-0.018416460000000006
-0.018936960000000006
-0.018291880000000003
-0.018367020000000008
-0.017817980000000004
-0.018311560000000008
-0.018155420000000005
-0.017851600000000006
-0.018325860000000003
-0.018597120000000005
-0.018012000000000007
-0.017893800000000005
-0.017847380000000006
-0.018470720000000003
-0.018053140000000006
-0.017920840000000004
-0.017725940000000006
-0.017778720000000005
-0.018484120000000007
-0.017390260000000005
-0.016925640000000006
-0.01735400000000001
-0.017146420000000002
-0.017668800000000005
-0.017310380000000007
-0.01735618000000001
-0.017908680000000007
-0.017786100000000003
-0.01793162000000001
-0.016838000000000006
-0.017456240000000005
-0.017088820000000008
-0.017563840000000008
-0.017436440000000004
-0.016794000000000007
-0.01663608000000001
-0.017182520000000014
-0.017215860000000006
-0.01766814000000001
-0.016721420000000004
-0.016684240000000006
-0.016802100000000007
-0.016920820000000007
-0.01719240000000001
-0.017295020000000008
-0.017004800000000007
-0.017120520000000007
-0.017221120000000006
-0.016420320000000006
-0.017267380000000006
-0.017530680000000007
-0.017461020000000004
-0.017776460000000008
-0.017544920000000006
-0.017816640000000005
-0.016684320000000006
-0.017419640000000007
-0.017399440000000006
-0.01653136000000001
-0.016794320000000005
-0.016561920000000008
-0.017437640000000008
-0.017424180000000004
-0.01635516000000001
-0.016896720000000004
-0.017204180000000006
-0.01693338000000001
-0.016635800000000006
-0.016643780000000007
-0.016548520000000008
-0.017686540000000004
-0.01752914000000001
-0.01730764000000001
-0.016535400000000006
-0.016975500000000004
-0.016396140000000007
-0.016921900000000004
-0.017150540000000006
-0.016713040000000002
-0.017194960000000006
-0.016673080000000007
-0.01685086
-0.01726156
-0.017023620000000003
-0.016298580000000003
-0.016327900000000006
-0.016992180000000006
-0.016826820000000006
-0.017325100000000003
-0.016418680000000005
-0.01660200000000001
-0.01646012
-0.01657670000000001
-0.016173340000000005
-0.016585240000000005
-0.0165016
-0.017148080000000007
-0.017685540000000007
-0.016766140000000006
-0.017359380000000008
-0.016315120000000006
-0.01713666000000001
-0.016072920000000004
-0.016381020000000007
-0.01680446000000001
-0.01669624000000001
-0.016875300000000003
-0.016585000000000003
-0.016478220000000005
-0.01656768
-0.01715408000000001
-0.016585960000000004
-0.016856300000000008
-0.015767820000000002
-0.016686040000000006
-0.016415480000000007
-0.016764660000000004
-0.016957060000000006
-0.016399380000000005
-0.016710240000000005
-0.017138820000000006
-0.016575860000000005
-0.017413160000000004
-0.017289420000000003
-0.01659806
-0.017301280000000002
-0.017072280000000006
-0.016848980000000003
-0.016713400000000003
-0.01777438
-0.016769620000000006
-0.017002960000000008
-0.015986640000000007
-0.016354760000000006
-0.016390740000000004
-0.017011560000000002
-0.01717488
-0.017347200000000004
-0.017170380000000006
-0.016335320000000004
-0.017092080000000003
-0.016337800000000003
-0.017839600000000008
-0.01653624
-0.015909000000000003
-0.01659918
-0.017054400000000004
-0.0159428
-0.016441060000000004
-0.0163913
-0.016567640000000005
-0.017325800000000006
-0.016269400000000003
-0.016401680000000002
-0.01656774
-0.01650146000000001
-0.015903440000000005
-0.015552000000000009
-0.016501300000000003
-0.016000540000000004
-0.016083820000000002
-0.015464120000000001
-0.015512000000000003
-0.015850640000000006
-0.01574066
-0.015436159999999999
-0.015961839999999998
-0.015225700000000003
-0.015864860000000005
-0.016189560000000006
-0.015574300000000001
-0.0158778
-0.015756020000000003
-0.015990660000000004
-0.015821240000000004
-0.015342280000000002
-0.01503718
-0.01540784
-0.015380480000000004
-0.015960640000000005
-0.01565866
-0.01507316
-0.014443960000000002
-0.015494340000000002
-0.015217580000000003
-0.014221900000000003
-0.015273059999999998
-0.015118460000000002
-0.015122680000000001
-0.01520488
-0.014512280000000002
-0.014040060000000004
-0.014387080000000003
-0.01467198
-0.014201460000000004
-0.013247440000000004
-0.014659980000000006
-0.014709180000000004
-0.014276980000000003
-0.014286640000000007
-0.014769520000000005
-0.014553240000000005
-0.014474400000000005
-0.014365040000000003
-0.014264660000000005
-0.014310640000000003
-0.014359780000000004
-0.014645540000000004
-0.014275300000000006
-0.013651040000000005
-0.014360600000000008
-0.014193080000000007
-0.013905000000000002
-0.013955960000000007
-0.014453820000000006
-0.014099940000000004
-0.013844340000000005
-0.014391880000000006
-0.01407744000000001
-0.013488460000000006
-0.013818500000000006
-0.014367700000000008
-0.014057700000000012
-0.013885100000000006
-0.013054980000000004
-0.013982740000000004
-0.013440760000000005
-0.013115560000000005
-0.013373880000000003
-0.013214280000000009
-0.013028500000000005
-0.013402400000000005
-0.013346660000000003
-0.013364300000000006
-0.012756480000000006
-0.013280500000000006
-0.013596740000000005
-0.013242120000000003
-0.012838180000000006
-0.013537820000000004
-0.013019540000000007
-0.01293612000000001
-0.012846680000000006
-0.013518040000000007
-0.012911600000000006
-0.013327480000000004
-0.013502820000000006
-0.012844900000000006
-0.013893500000000005
-0.013297220000000007
-0.013029020000000004
-0.013940920000000002
-0.012933320000000005
-0.013727200000000004
-0.012566620000000004
-0.012428560000000002
-0.012776660000000004
-0.013545860000000003
-0.013193860000000003
-0.013315000000000004
-0.013551260000000008
-0.012721480000000002
-0.012683580000000003
-0.012948660000000002
-0.012830540000000003
-0.012515640000000003
-0.012596360000000004
-0.012845440000000001
-0.013033080000000004
-0.012678940000000005
-0.013049620000000001
-0.012786260000000004
-0.012406180000000004
-0.013161600000000004
-0.012870300000000003
-0.012470320000000003
-0.012175740000000001
-0.011809200000000004
-0.01272782
-0.01303094
-0.012407800000000004
-0.013206200000000003
-0.012231639999999998
-0.012287500000000002
-0.012451760000000003
-0.012871620000000002
-0.012413840000000002
-0.012797100000000006
-0.012105280000000005
-0.013075500000000002
-0.01253584
-0.013236280000000003
-0.012609020000000004
-0.012640700000000005
-0.01258182
-0.012347880000000004
-0.01307118
-0.012579360000000001
-0.012938680000000004
-0.012901040000000006
-0.012363800000000003
-0.013002980000000004
-0.012883860000000004
-0.012460340000000006
-0.012698300000000004
-0.012016240000000001
-0.012515700000000005
-0.012807320000000002
-0.011966740000000002
-0.011776000000000002
-0.012264120000000005
-0.012298240000000002
-0.012448980000000004
-0.012348600000000005
-0.012505680000000003
-0.012617460000000002
-0.011872540000000003
-0.012795360000000004
-0.012597040000000002
-0.012211960000000001
-0.011788640000000003
-0.012848280000000005
-0.011935480000000005
-0.011997600000000002
-0.012197920000000003
-0.011816360000000003
-0.011686120000000001
-0.012281420000000003
-0.011947820000000005
-0.012139220000000008
-0.012525380000000001
-0.011750200000000006
-0.011548540000000003
-0.012260620000000005
-0.012266980000000005
-0.012295760000000006
-0.01147048
-0.011828940000000005
-0.011267100000000006
-0.012065160000000004
-0.012503320000000007
-0.011970000000000005
-0.011141840000000005
-0.012000340000000007
-0.011193860000000009
-0.011671440000000009
-0.011547880000000009
-0.011957480000000005
-0.011627020000000005
-0.012081840000000005
-0.011413040000000008
-0.012374900000000005
-0.012047820000000008
-0.013218860000000006
-0.01140994
-0.012653260000000008
-0.012279100000000008
-0.01203414000000001
-0.011790980000000005
-0.012613740000000002
-0.012165820000000004
-0.012421120000000008
-0.012369940000000008
-0.012194880000000005
-0.012053360000000006
-0.012773740000000009
-0.012483320000000006
-0.012263860000000005
-0.011742460000000005
-0.012612920000000005
-0.011727360000000006
-0.012143540000000006
-0.012237220000000007
-0.012315240000000005
-0.011765960000000006
-0.011613820000000006
-0.012072360000000004
-0.011600900000000003
-0.012638040000000007
-0.011859560000000005
-0.011913480000000008
-0.012308640000000004
-0.011906300000000003
-0.012759180000000007
-0.011776180000000002
-0.012303580000000007
-0.011599860000000002
-0.011764140000000001
-0.011993900000000004
-0.011509300000000007
-0.012044180000000005
-0.012713360000000005
-0.011855880000000006
-0.011990220000000005
-0.012001760000000005
-0.012094920000000004
-0.012009940000000005
-0.012003380000000003
-0.011880840000000004
-0.011785440000000006
-0.011454840000000004
-0.012195660000000007
-0.011575560000000006
-0.012243740000000003
-0.011685540000000008
-0.011538160000000004
-0.011871540000000005
-0.012311600000000004
-0.012142600000000005
-0.012173680000000006
-0.01202566
-0.01135588
-0.012003660000000003
-0.012171740000000004
-0.01207772
-0.011907780000000005
-0.011352860000000003
-0.011722280000000005
-0.011133460000000006
-0.010814520000000008
-0.012025220000000001
-0.011806580000000004
-0.011357320000000004
-0.011559200000000006
-0.011186060000000003
-0.011039080000000005
-0.011901520000000006
-0.011713500000000003
-0.011207540000000005
-0.011054040000000008
-0.011277480000000006
-0.011804360000000005
-0.011994540000000007
-0.011085560000000005
-0.011543860000000001
-0.011543040000000006
-0.012146440000000005
-0.012156680000000007
-0.011234580000000008
-0.012169200000000007
-0.011609020000000005
-0.011547100000000003
-0.012015500000000004
-0.012197800000000003
-0.011526200000000004
-0.011352280000000008
-0.011522440000000005
-0.011503520000000007
-0.011582500000000006
-0.011180540000000003
-0.011774040000000006
-0.012002680000000002
-0.011749760000000005
-0.011652960000000006
-0.011760020000000005
-0.011953420000000006
-0.011528940000000005
-0.011592020000000003
-0.011763800000000005
-0.011286260000000003
-0.011805500000000003
-0.011539520000000003
-0.011498860000000005
-0.012217880000000006
-0.010997720000000006
-0.011734520000000005
-0.011935780000000005
-0.011937100000000004
-0.011652420000000005
-0.011427100000000003
-0.011549740000000005
-0.011790640000000005
-0.011771820000000006
-0.012230280000000005
-0.011897240000000002
-0.011517460000000004
-0.012225480000000004
-0.011890580000000005
-0.011106100000000002
-0.011391900000000002
-0.012428620000000007
-0.011652360000000006
-0.010983780000000005
-0.012131360000000004
-0.012075400000000005
-0.011338360000000009
-0.011441280000000007
-0.012304200000000005
-0.011241520000000007
-0.011678620000000004
-0.011442140000000007
-0.011633480000000005
-0.012208460000000003
-0.011431400000000003
-0.011742380000000005
-0.011844880000000002
-0.012351900000000002
-0.011699020000000003
-0.011568140000000003
-0.012203080000000003
-0.011786300000000006
-0.011731260000000006
-0.011161680000000005
-0.011940120000000005
-0.010851700000000004
-0.011746980000000002
-0.011548120000000004
-0.011655420000000007
-0.011177720000000007
-0.011513020000000007
-0.011899960000000001
-0.011664780000000003
-0.011704740000000007
-0.011372500000000002
-0.010580000000000003
-0.012211260000000007
-0.011267160000000003
-0.011756120000000005
-0.011202660000000001
-0.012341200000000005
-0.011384560000000005
-0.011124120000000005
-0.011682260000000005
-0.011220780000000007
-0.011934120000000003
-0.011955940000000007
-0.011511320000000002
-0.011476860000000004
-0.011532300000000004
-0.011834320000000002
-0.011450120000000006
-0.011696900000000005
-0.012229540000000006
-0.011131180000000004
-0.011499700000000002
-0.011412820000000004
-0.011305000000000003
-0.011087260000000003
-0.011169300000000007
-0.011907220000000005
-0.011878400000000004
-0.012240700000000004
-0.011625680000000001
-0.01140378
-0.010899740000000005
-0.012428780000000007
-0.010985740000000006
-0.011823560000000002
-0.011566700000000006
-0.011180980000000005
-0.011135520000000005
-0.011605520000000006
-0.012041100000000004
-0.011124320000000005
-0.011246860000000001
-0.010902320000000005
-0.011749400000000004
-0.011564860000000003
-0.011208360000000006
-0.011427360000000004
-0.011731760000000004
-0.011411560000000003
-0.01135528
-0.010683600000000007
-0.011103120000000006
-0.011157660000000003
-0.011252880000000003
-0.011019940000000004
-0.010594780000000003
-0.011449240000000003
-0.011006340000000003
-0.010750860000000004
-0.011003060000000004
-0.011397640000000004
-0.011168860000000003
-0.010957460000000004
-0.011361840000000003
-0.011271520000000005
-0.0111524
-0.010282640000000004
-0.010903240000000005
-0.011552900000000007
-0.010657280000000007
-0.011258700000000003
-0.010835180000000005
-0.010769860000000003
-0.010384900000000004
-0.010827500000000004
-0.010582280000000005
-0.010874260000000004
-0.011071320000000003
-0.010886840000000007
-0.010695000000000005
-0.011235400000000006
-0.010711240000000004
-0.010773680000000002
-0.011355900000000007
-0.011529240000000003
-0.011209820000000002
-0.010899340000000006
-0.011076100000000007
-0.011286480000000005
-0.010496280000000004
-0.011631740000000007
-0.011068560000000005
-0.01130906
-0.011323300000000003
-0.010181100000000004
-0.010907260000000004
-0.010959860000000009
-0.010938820000000005
-0.011426880000000004
-0.010239600000000001
-0.010155480000000003
-0.010661920000000005
-0.010565860000000005
-0.010320600000000004
-0.009907860000000004
-0.010586660000000001
-0.010863120000000002
-0.010980140000000005
-0.010906220000000001
-0.010457440000000005
-0.010569760000000004
-0.010891700000000002
-0.009892880000000005
-0.010460260000000004
-0.010236340000000002
-0.010972960000000006
-0.010519400000000003
-0.010490200000000003
-0.010313120000000004
-0.010299580000000004
-0.010521420000000005
-0.010889440000000002
-0.010682000000000007
-0.010645400000000005
-0.010458760000000004
-0.010059660000000003
-0.010106420000000005
-0.010544060000000004
-0.010645160000000002
-0.010851920000000006
-0.010191640000000004
-0.010416240000000005
-0.010861040000000004
-0.010618620000000002
-0.010498640000000004
-0.009879220000000005
-0.010499940000000003
-0.010499400000000002
-0.010185360000000003
-0.010731800000000005
-0.010398140000000005
-0.010570840000000005
-0.010410700000000004
-0.010428920000000003
-0.009937240000000003
-0.010698960000000004
-0.010475380000000005
-0.010565000000000005
-0.010485820000000003
-0.009638540000000004
-0.010258720000000006
-0.010654100000000005
-0.010063500000000003
-0.010692980000000005
-0.010715300000000004
-0.009940760000000003
-0.010639180000000003
-0.010455260000000004
-0.010333900000000005
-0.010740240000000002
-0.010582660000000006
-0.010423580000000003
-0.010278780000000005
-0.010302040000000004
-0.009938560000000006
-0.009912660000000004
-0.010412880000000005
-0.01045764
-0.010777620000000003
-0.010298320000000003
-0.010542280000000001
-0.010472680000000005
-0.009852380000000004
-0.010384500000000005
-0.010141740000000005
-0.009827100000000004
-0.010559700000000003
-0.010408020000000004
-0.010204480000000005
-0.010943080000000004
-0.009847280000000005
-0.009916660000000004
-0.010522920000000002
-0.009988400000000005
-0.010270400000000004
-0.010140520000000004
-0.010141720000000005
-0.010790680000000004
-0.010473160000000004
-0.010033380000000005
-0.010283520000000004
-0.010545520000000004
-0.010997720000000002
-0.010673360000000003
-0.010288960000000007
-0.010196320000000004
-0.010747600000000003
-0.010478080000000002
-0.010179220000000004
-0.010681720000000004
-0.010023000000000004
-0.010325580000000003
-0.010369800000000005
-0.010406080000000007
-0.010522220000000004
-0.010326100000000005
-0.010385160000000004
-0.009932320000000003
-0.010025020000000003
-0.009999340000000002
-0.010197820000000003
-0.010715580000000002
-0.01020034
-0.01043162
-0.010340020000000004
-0.010722100000000004
-0.010075480000000003
-0.009510660000000004
-0.009626600000000003
-0.010202760000000002
-0.010661540000000004
-0.009941380000000001
-0.010414900000000005
-0.010595840000000002
-0.010073400000000003
-0.009949000000000003
-0.010704440000000004
-0.009806260000000004
-0.010639280000000003
-0.010130980000000005
-0.010403740000000002
-0.010740480000000004
-0.010144779999999999
-0.010722600000000002
-0.010231980000000003
-0.00990994
-0.0104674
-0.010868560000000001
-0.010093900000000005
-0.009419020000000002
-0.009107340000000002
-0.009485640000000002
-0.009210400000000004
-0.00960702
-0.0095028
-0.009684680000000003
-0.009431600000000002
-0.00981656
-0.009414819999999999
-0.009661900000000005
-0.0098428
-0.00985974
-0.009854740000000002
-0.009133580000000002
-0.009868140000000001
-0.009366880000000001
-0.009687340000000003
-0.009516080000000003
-0.009488240000000004
-0.00976406
-0.0090449
-0.009966500000000003
-0.00926242
-0.01003086
-0.00922902
-0.009852940000000003
-0.00927708
-0.009397180000000002
-0.009960660000000003
-0.008780840000000003
-0.009095440000000002
-0.00951254
-0.01062022
-0.009793220000000002
-0.010310320000000001
-0.009965380000000001
-0.010332960000000002
-0.00960966
-0.01047928
-0.009129620000000001
-0.009602760000000002
-0.00923114
-0.01026446
-0.0090696
-0.010051180000000002
-0.009930000000000001
-0.00955864
-0.010007980000000001
-0.00971296
-0.009813400000000002
-0.00981278
-0.009865800000000001
-0.009216300000000004
-0.009877180000000003
-0.00948418
-0.009629740000000003
-0.0102255
-0.010200740000000002
-0.009679319999999998
-0.00930706
-0.009842299999999998
-0.01068928
-0.010156140000000003
-0.0099666
-0.010216860000000001
-0.00969254
-0.010321740000000003
-0.0100523
-0.01016546
-0.010584040000000001
-0.009839300000000002
-0.010237840000000003
-0.011042399999999999
-0.01038748
-0.009446940000000001
-0.010465660000000002
-0.010249459999999998
-0.010594860000000005
-0.010176980000000002
-0.009652280000000001
-0.009788840000000002
-0.00993018
-0.010288140000000003
-0.009297760000000002
-0.010092120000000003
-0.009366880000000001
-0.009299660000000001
-0.010290700000000002
-0.010215400000000001
-0.010141260000000001
-0.00968766
-0.01010652
-0.00951544
-0.010598720000000004
-0.009763820000000001
-0.010020320000000001
-0.010025740000000005
-0.01019496
-0.009671980000000002
-0.010029100000000003
-0.00945746
-0.01027552
-0.010725540000000002
-0.010306400000000002
-0.009992280000000001
-0.009950599999999999
-0.00935302
-0.01018194
-0.009899340000000001
-0.01003776
-0.00970792
-0.00923114
-0.00927204
-0.00882392
-0.009101020000000001
-0.009487839999999999
-0.009704660000000002
-0.00925984
-0.00900336
-0.009111939999999999
-0.00913526
-0.00928616
-0.00974328
-0.008977539999999999
-0.009234020000000003
-0.008590080000000002
-0.00908356
-0.009256899999999998
-0.008690939999999998
-0.008609660000000002
-0.00876088
-0.00884736
-0.0082675
-0.00856838
-0.00895014
-0.008559180000000001
-0.008293880000000002
-0.00764226
-0.008139560000000002
-0.0084422
-0.008021260000000002
-0.008388400000000002
-0.008469740000000002
-0.008203680000000001
-0.008332680000000002
-0.007289460000000002
-0.007758640000000001
-0.00765996
-0.0073013600000000015
-0.006572340000000002
-0.007425020000000001
-0.006769760000000001
-0.006921240000000002
-0.00624116
-0.006717740000000001
-0.006968340000000002
-0.006349900000000004
-0.006179360000000003
-0.0070308600000000025
-0.005954660000000003
-0.005953160000000001
-0.0067967400000000025
-0.005260920000000001
-0.005660020000000001
-0.005633940000000001
-0.005438580000000002
-0.006166660000000001
-0.005672760000000002
-0.006101520000000002
-0.005749440000000002
-0.004955760000000001
-0.005078720000000001
-0.005618100000000002
-0.005944039999999999
-0.005665380000000002
-0.005756360000000001
-0.005633700000000002
-0.004895400000000003
-0.005181040000000003
-0.005420660000000001
-0.005587320000000002
-0.005475260000000003
-0.004683460000000002
-0.0054744400000000006
-0.004967700000000002
-0.005312440000000004
-0.005217440000000003
-0.005473820000000003
-0.005396100000000003
-0.004819280000000002
-0.005028300000000003
-0.004308300000000004
-0.004883580000000003
-0.004351080000000003
-0.004787360000000002
-0.004823560000000002
-0.004968480000000002
-0.0051060800000000016
-0.004964180000000001
-0.004372860000000003
-0.004558860000000002
-0.005192859999999999
-0.004711700000000003
-0.00499082
-0.0046431400000000005
-0.004536460000000002
-0.0038348400000000004
-0.004597380000000002
-0.004224760000000003
-0.003627180000000002
-0.003868580000000004
-0.003802840000000002
-0.004126800000000001
-0.004529480000000002
-0.0042086200000000015
-0.0033012600000000016
-0.0035152600000000005
-0.003480720000000001
-0.001633280000000001
-0.0016614600000000015
-0.0021206800000000024
-0.002756540000000003
-0.002115660000000001
-0.0019691800000000014
-0.0021659
-0.002396080000000001
-0.0018532400000000012
-0.0018965000000000013
-0.00245334
-0.0017702800000000008
-0.0018382200000000015
-0.0018189600000000008
-0.0017360800000000012
-0.0022544000000000006
-0.0023940600000000012
-0.0018589799999999994
-0.001743559999999999
-0.00134358
-0.00141108
-0.001485520000000001
-0.0015640600000000012
-0.0018895200000000004
-0.002287579999999999
-0.0013954799999999993
-0.0009968199999999987
-0.0011116999999999995
-0.0010034199999999984
-0.001174159999999998
-0.000993939999999996
-0.0012576999999999985
-0.001283799999999996
-0.0016502999999999976
-0.0016209999999999992
-0.0009523399999999988
-0.001678179999999998
-0.0014372399999999987
-0.000594559999999997
-0.001452859999999999
-0.0014308599999999978
-0.0013629999999999972
-0.0009707399999999978
-0.0007389199999999968
-0.0014430599999999988
-0.0015790199999999991
-0.00026937999999999843
-0.0011536599999999984
-0.0013594199999999988
-0.0005703799999999984
-0.0010401799999999988
-0.0009541199999999986
-0.0001288199999999976
-0.0007795400000000008
-0.0006662199999999989
0.00020806000000000145
-0.0008159000000000008
-0.0011553799999999993
-0.0010617399999999992
-0.0007220599999999997
-0.0012821399999999989
-0.00042239999999999883
8.332000000000048e-05
-4.6279999999998595e-05
1.8600000000001875e-05
-0.0007893399999999998
-0.00030007999999999923
-0.00040581999999999896
-0.000342759999999998
-3.779999999999926e-05
0.00011366000000000464
-0.00010165999999999642
-0.00044936000000000005
-8.687999999999604e-05
0.00038636000000000193
0.0003338400000000026
-1.0399999999997564e-05
-0.0005057999999999985
-0.00011601999999999968
0.00014509999999999968
0.00015910000000000278
0.000777840000000002
0.00014219999999999936
0.0011836200000000024
0.000556240000000001
0.0003805600000000023
0.0010942600000000027
2.102000000000045e-05
0.0008764399999999997
0.0006952199999999995
-9.339999999999817e-06
0.0011551200000000008
0.0007380000000000006
0.0012932600000000016
0.0013200800000000034
0.00031290000000000067
9.734000000000159e-05
0.0004926800000000002
0.0009071799999999999
0.0005784600000000007
0.0009463999999999995
0.00103742
0.0004895400000000008
0.00131816
-0.00011540000000000088
-6.706000000000036e-05
0.0002855200000000003
9.990000000000035e-05
0.0006742200000000002
4.541999999999822e-05
0.001260160000000001
-0.0005360600000000007
5.341999999999992e-05
0.00028813999999999907
0.0011347600000000011
0.0006792800000000024
0.000801180000000001
0.0011758400000000003
0.00019634000000000006
0.0001886000000000005
0.0011806400000000006
0.0006833800000000003
