-0.101536
-0.10064999999999988
-0.09365199999999997
-0.09365199999999997
-0.09365199999999997
-0.09365199999999997
-0.09207499999999996
-0.09207499999999996
-0.09207499999999996
-0.08949999999999995
-0.08949999999999995
-0.08949999999999995
-0.08939699999999987
-0.08939699999999987
-0.08758499999999987
-0.08758499999999987
-0.08758499999999987
-0.08758499999999987
-0.08469800000000004
-0.08469800000000004
-0.08443600000000002
-0.08314200000000002
-0.08290400000000009
-0.08290400000000009
-0.08290400000000009
-0.0810670000000001
-0.07815400000000007
-0.07815400000000007
-0.0772560000000001
-0.0772560000000001
-0.07583000000000001
-0.07480500000000012
-0.07178000000000005
-0.06985899999999995
-0.06985899999999995
-0.06985899999999995
-0.06985899999999995
-0.06985899999999995
-0.06985899999999995
-0.06985899999999995
-0.06985899999999995
-0.06985899999999995
-0.068565
-0.06682700000000001
-0.06682700000000001
-0.066086
-0.066086
-0.066086
-0.066086
-0.066086
-0.066086
-0.066086
-0.066086
-0.0659730000000001
-0.0659730000000001
-0.0659730000000001
-0.0659730000000001
-0.0659730000000001
-0.0659730000000001
-0.0659730000000001
-0.06416900000000005
-0.06374100000000005
-0.06374100000000005
-0.06250700000000002
-0.06250700000000002
-0.06250700000000002
-0.06250700000000002
-0.06250700000000002
-0.06215800000000004
-0.06215800000000004
-0.06170200000000002
-0.05892899999999996
-0.05892899999999996
-0.05892899999999996
-0.05892899999999996
-0.05892899999999996
-0.056353999999999994
-0.056353999999999994
-0.05555300000000003
-0.05555300000000003
-0.05555300000000003
-0.05555300000000003
-0.05555300000000003
-0.05555300000000003
-0.05443200000000001
-0.05443200000000001
-0.05425699999999999
-0.05425699999999999
-0.05425699999999999
-0.05425699999999999
-0.05425699999999999
-0.05425699999999999
-0.05220500000000001
-0.05220500000000001
-0.05220500000000001
-0.05220500000000001
-0.05210099999999997
-0.051352999999999954
-0.051352999999999954
-0.051352999999999954
-0.051352999999999954
-0.051352999999999954
-0.051352999999999954
-0.051352999999999954
-0.051304999999999976
-0.049654999999999984
-0.049654999999999984
-0.04964599999999996
-0.04964599999999996
-0.04770199999999994
-0.04770199999999994
-0.04548899999999997
-0.04548899999999997
-0.04548899999999997
-0.04330999999999997
-0.04330999999999997
-0.04330999999999997
-0.04330999999999997
-0.04330999999999997
-0.04303699999999999
-0.04303699999999999
-0.04303699999999999
-0.04303699999999999
-0.04303699999999999
-0.041461999999999985
-0.041461999999999985
-0.041461999999999985
-0.041461999999999985
-0.041461999999999985
-0.041461999999999985
-0.041461999999999985
-0.041461999999999985
-0.041461999999999985
-0.040581000000000006
-0.04040700000000001
-0.04040700000000001
-0.04040700000000001
-0.04040700000000001
-0.04040700000000001
-0.04040700000000001
-0.03938400000000003
-0.03938400000000003
-0.03938400000000003
-0.03938400000000003
-0.03938400000000003
-0.03938400000000003
-0.03938400000000003
-0.03938400000000003
-0.03938400000000003
-0.03938400000000003
-0.03938400000000003
-0.03938400000000003
-0.03938400000000003
-0.03938400000000003
-0.03938400000000003
-0.03938400000000003
-0.03938400000000003
-0.03938400000000003
-0.03938400000000003
-0.03924800000000004
-0.037816999999999976
-0.037816999999999976
-0.037816999999999976
-0.037816999999999976
-0.037816999999999976
-0.037816999999999976
-0.03551500000000004
-0.03551500000000004
-0.03551500000000004
-0.03551500000000004
-0.03551500000000004
-0.03551500000000004
-0.03551500000000004
-0.03551500000000004
-0.035493000000000004
-0.035493000000000004
-0.035493000000000004
-0.035493000000000004
-0.035493000000000004
-0.035493000000000004
-0.03459199999999998
-0.03254099999999999
-0.03254099999999999
-0.03254099999999999
-0.03254099999999999
-0.03254099999999999
-0.03254099999999999
-0.03254099999999999
-0.03254099999999999
-0.03254099999999999
-0.03254099999999999
-0.03140700000000003
-0.03140700000000003
-0.03140700000000003
-0.03140700000000003
-0.030610000000000026
-0.030610000000000026
-0.030610000000000026
-0.030610000000000026
-0.030610000000000026
-0.030610000000000026
-0.030610000000000026
-0.03019500000000002
-0.03019500000000002
-0.029926000000000022
-0.029926000000000022
-0.029926000000000022
-0.029926000000000022
-0.029259000000000025
-0.028636000000000023
-0.028636000000000023
-0.028636000000000023
-0.028636000000000023
-0.028636000000000023
-0.028636000000000023
-0.028636000000000023
-0.028636000000000023
-0.028636000000000023
-0.028636000000000023
-0.028636000000000023
-0.028636000000000023
-0.028636000000000023
-0.028636000000000023
-0.028636000000000023
-0.028636000000000023
-0.028636000000000023
-0.028636000000000023
-0.028636000000000023
-0.028439000000000027
-0.028439000000000027
-0.028439000000000027
-0.028439000000000027
-0.028439000000000027
-0.028439000000000027
-0.027417000000000007
-0.027417000000000007
-0.027417000000000007
-0.027417000000000007
-0.027417000000000007
-0.027417000000000007
-0.027417000000000007
-0.027417000000000007
-0.025322999999999984
-0.025322999999999984
-0.025322999999999984
-0.025322999999999984
-0.025322999999999984
-0.025322999999999984
-0.025322999999999984
-0.025322999999999984
-0.025322999999999984
-0.025322999999999984
-0.025322999999999984
-0.025322999999999984
-0.025322999999999984
-0.025322999999999984
-0.025322999999999984
-0.025322999999999984
-0.025322999999999984
-0.025322999999999984
-0.025322999999999984
-0.025322999999999984
-0.025322999999999984
-0.025322999999999984
-0.025322999999999984
-0.025322999999999984
-0.025322999999999984
-0.025322999999999984
-0.025322999999999984
-0.025322999999999984
-0.025322999999999984
-0.025322999999999984
-0.025322999999999984
-0.025322999999999984
-0.025322999999999984
-0.025322999999999984
-0.025322999999999984
-0.025322999999999984
-0.025322999999999984
-0.025322999999999984
-0.025322999999999984
-0.025322999999999984
-0.025215000000000008
-0.025215000000000008
-0.025215000000000008
-0.025215000000000008
-0.025215000000000008
-0.025215000000000008
-0.025215000000000008
-0.02428299999999999
-0.02428299999999999
-0.02428299999999999
-0.02428299999999999
-0.02428299999999999
-0.02428299999999999
-0.02428299999999999
-0.02428299999999999
-0.02428299999999999
-0.02428299999999999
-0.02428299999999999
-0.02428299999999999
-0.02428299999999999
-0.02428299999999999
-0.02428299999999999
-0.02428299999999999
-0.02428299999999999
-0.02428299999999999
-0.02428299999999999
-0.02428299999999999
-0.02428299999999999
-0.02428299999999999
-0.02428299999999999
-0.02428299999999999
-0.02428299999999999
-0.02428299999999999
-0.02428299999999999
-0.02428299999999999
-0.02428299999999999
-0.02428299999999999
-0.02428299999999999
-0.02428299999999999
-0.02428299999999999
-0.02428299999999999
-0.02428299999999999
-0.02428299999999999
-0.02428299999999999
-0.02428299999999999
-0.023711999999999983
-0.023711999999999983
-0.023711999999999983
-0.023711999999999983
-0.023711999999999983
-0.023711999999999983
-0.023711999999999983
-0.023711999999999983
-0.023711999999999983
-0.023426
-0.023426
-0.023426
-0.023426
-0.023426
-0.023426
-0.023426
-0.023426
-0.023426
-0.023426
-0.023426
-0.023426
-0.022155999999999988
-0.022155999999999988
-0.022155999999999988
-0.022155999999999988
-0.022155999999999988
-0.022155999999999988
-0.022155999999999988
-0.022155999999999988
-0.022155999999999988
-0.022155999999999988
-0.022155999999999988
-0.022155999999999988
-0.022155999999999988
-0.022155999999999988
-0.022155999999999988
-0.022155999999999988
-0.022155999999999988
-0.022155999999999988
-0.022155999999999988
-0.022155999999999988
-0.022155999999999988
-0.022155999999999988
-0.022155999999999988
-0.022155999999999988
-0.022155999999999988
-0.022155999999999988
-0.022155999999999988
-0.022155999999999988
-0.022155999999999988
-0.022155999999999988
-0.022155999999999988
-0.022155999999999988
-0.022155999999999988
-0.022155999999999988
-0.022155999999999988
-0.022155999999999988
-0.022155999999999988
-0.022155999999999988
-0.022155999999999988
-0.022155999999999988
-0.022155999999999988
-0.022155999999999988
-0.022155999999999988
-0.022155999999999988
-0.022155999999999988
-0.022155999999999988
-0.021659999999999995
-0.021659999999999995
-0.021659999999999995
-0.021659999999999995
-0.021659999999999995
-0.021659999999999995
-0.021659999999999995
-0.021659999999999995
-0.021659999999999995
-0.021659999999999995
-0.021659999999999995
-0.021659999999999995
-0.021659999999999995
-0.021659999999999995
-0.021659999999999995
-0.021659999999999995
-0.021659999999999995
-0.021659999999999995
-0.021659999999999995
-0.021659999999999995
-0.021659999999999995
-0.021659999999999995
-0.021659999999999995
-0.021659999999999995
-0.021659999999999995
-0.021659999999999995
-0.021659999999999995
-0.021659999999999995
-0.021659999999999995
-0.021659999999999995
-0.021659999999999995
-0.021659999999999995
-0.021659999999999995
-0.021659999999999995
-0.021659999999999995
-0.021659999999999995
-0.021659999999999995
-0.021659999999999995
-0.021659999999999995
-0.021659999999999995
-0.021659999999999995
-0.021659999999999995
-0.021659999999999995
-0.021659999999999995
-0.021659999999999995
-0.021659999999999995
-0.021659999999999995
-0.021659999999999995
-0.021659999999999995
-0.021659999999999995
-0.021659999999999995
-0.021659999999999995
-0.021659999999999995
-0.021659999999999995
-0.021659999999999995
-0.021659999999999995
-0.021659999999999995
-0.021659999999999995
-0.021659999999999995
-0.021659999999999995
-0.021659999999999995
-0.021659999999999995
-0.021659999999999995
-0.021659999999999995
-0.021659999999999995
-0.021659999999999995
-0.021659999999999995
-0.021659999999999995
-0.021659999999999995
-0.021659999999999995
-0.021659999999999995
-0.021659999999999995
-0.021659999999999995
-0.021659999999999995
-0.021659999999999995
-0.021659999999999995
-0.021659999999999995
-0.021659999999999995
-0.021659999999999995
-0.021659999999999995
-0.021659999999999995
-0.021659999999999995
-0.021659999999999995
-0.021659999999999995
-0.021659999999999995
-0.021659999999999995
-0.021659999999999995
-0.021659999999999995
-0.021659999999999995
-0.021659999999999995
-0.021659999999999995
-0.021659999999999995
-0.021659999999999995
-0.021659999999999995
-0.020026999999999975
-0.020026999999999975
-0.020026999999999975
-0.020026999999999975
-0.020026999999999975
-0.020026999999999975
-0.020026999999999975
-0.020026999999999975
-0.020026999999999975
-0.020026999999999975
-0.020026999999999975
-0.020026999999999975
-0.020026999999999975
-0.020026999999999975
-0.020026999999999975
-0.020026999999999975
-0.020026999999999975
-0.020026999999999975
-0.020026999999999975
-0.020026999999999975
-0.020026999999999975
-0.020026999999999975
-0.020026999999999975
-0.020026999999999975
-0.020026999999999975
-0.020026999999999975
-0.020026999999999975
-0.020026999999999975
-0.020026999999999975
-0.020026999999999975
-0.020026999999999975
-0.020026999999999975
-0.020026999999999975
-0.020026999999999975
-0.020026999999999975
-0.020026999999999975
-0.020026999999999975
-0.020026999999999975
-0.020026999999999975
-0.020026999999999975
-0.020026999999999975
-0.020026999999999975
-0.020026999999999975
-0.020026999999999975
-0.020026999999999975
-0.020026999999999975
-0.020026999999999975
-0.020026999999999975
-0.020026999999999975
-0.020026999999999975
-0.020026999999999975
-0.020026999999999975
-0.020026999999999975
-0.020026999999999975
-0.020026999999999975
-0.020026999999999975
-0.020026999999999975
-0.020026999999999975
-0.020026999999999975
-0.020026999999999975
-0.020026999999999975
-0.020026999999999975
-0.020026999999999975
-0.020026999999999975
-0.020026999999999975
-0.020026999999999975
-0.020026999999999975
-0.020026999999999975
-0.020026999999999975
-0.020026999999999975
-0.020026999999999975
-0.020026999999999975
-0.020026999999999975
-0.020026999999999975
-0.020026999999999975
-0.020026999999999975
-0.020026999999999975
-0.020026999999999975
-0.020026999999999975
-0.020026999999999975
-0.020026999999999975
-0.020026999999999975
-0.020026999999999975
-0.020026999999999975
-0.020026999999999975
-0.020026999999999975
-0.020026999999999975
-0.020026999999999975
-0.020026999999999975
-0.020026999999999975
-0.020026999999999975
-0.020026999999999975
-0.020026999999999975
-0.020026999999999975
-0.020026999999999975
-0.020026999999999975
-0.020026999999999975
-0.020026999999999975
-0.020026999999999975
-0.020026999999999975
-0.020026999999999975
-0.020026999999999975
-0.020026999999999975
-0.020026999999999975
-0.020026999999999975
-0.020026999999999975
-0.020026999999999975
-0.020026999999999975
-0.020026999999999975
-0.020026999999999975
-0.020026999999999975
-0.020026999999999975
-0.020026999999999975
-0.020026999999999975
-0.020026999999999975
-0.019506000000000013
-0.019506000000000013
-0.019506000000000013
-0.019506000000000013
-0.019506000000000013
-0.019506000000000013
-0.019506000000000013
-0.019506000000000013
-0.019506000000000013
-0.019506000000000013
-0.019506000000000013
-0.019506000000000013
-0.019506000000000013
-0.019506000000000013
-0.019506000000000013
-0.019506000000000013
-0.019506000000000013
-0.019506000000000013
-0.019506000000000013
-0.019506000000000013
-0.019506000000000013
-0.01859699999999998
-0.01859699999999998
-0.01859699999999998
-0.01859699999999998
-0.01859699999999998
-0.01859699999999998
-0.01859699999999998
-0.01859699999999998
-0.01859699999999998
-0.01859699999999998
-0.01859699999999998
-0.01859699999999998
-0.01859699999999998
-0.01859699999999998
-0.01859699999999998
-0.01859699999999998
-0.01859699999999998
-0.01859699999999998
-0.01859699999999998
-0.01859699999999998
-0.01859699999999998
-0.01859699999999998
-0.01859699999999998
-0.01859699999999998
-0.01859699999999998
-0.01859699999999998
-0.01859699999999998
-0.01859699999999998
-0.01859699999999998
-0.01859699999999998
-0.01859699999999998
-0.01859699999999998
-0.01859699999999998
-0.01859699999999998
-0.01859699999999998
-0.01859699999999998
-0.01859699999999998
-0.01859699999999998
-0.01859699999999998
-0.01859699999999998
-0.01859699999999998
-0.01859699999999998
-0.01859699999999998
-0.01859699999999998
-0.01859699999999998
-0.01859699999999998
-0.01859699999999998
-0.01859699999999998
-0.01859699999999998
-0.01859699999999998
-0.01859699999999998
-0.0181
-0.0181
-0.0181
-0.0181
-0.0181
-0.0181
-0.0181
-0.0181
-0.0181
-0.0181
-0.0181
-0.0181
-0.0181
-0.0181
-0.0181
-0.0181
-0.0181
-0.0181
-0.0181
-0.0181
-0.0181
-0.0181
-0.016358000000000008
-0.016358000000000008
-0.016358000000000008
-0.016358000000000008
-0.016358000000000008
-0.016358000000000008
-0.016358000000000008
-0.016358000000000008
-0.016358000000000008
-0.016358000000000008
-0.016358000000000008
-0.016358000000000008
-0.016358000000000008
-0.016358000000000008
-0.016358000000000008
-0.016358000000000008
-0.016358000000000008
-0.016358000000000008
-0.016358000000000008
-0.015706999999999995
-0.015706999999999995
-0.015706999999999995
-0.015706999999999995
-0.015706999999999995
-0.015706999999999995
-0.015706999999999995
-0.015706999999999995
-0.015218000000000004
-0.015218000000000004
-0.015218000000000004
-0.015218000000000004
-0.015218000000000004
-0.015218000000000004
-0.015218000000000004
-0.015218000000000004
-0.015218000000000004
-0.015218000000000004
-0.015218000000000004
-0.015218000000000004
-0.015218000000000004
-0.015218000000000004
-0.015218000000000004
-0.015218000000000004
-0.015218000000000004
-0.015218000000000004
-0.015218000000000004
-0.015218000000000004
-0.015218000000000004
-0.015218000000000004
-0.015218000000000004
-0.015218000000000004
-0.015218000000000004
-0.015218000000000004
-0.015218000000000004
-0.014729000000000008
-0.014729000000000008
-0.014729000000000008
-0.014729000000000008
-0.014729000000000008
-0.014729000000000008
-0.014729000000000008
-0.014729000000000008
-0.014729000000000008
-0.014729000000000008
-0.014729000000000008
-0.014060999999999999
-0.014060999999999999
-0.014060999999999999
-0.014060999999999999
-0.014060999999999999
-0.014060999999999999
-0.014060999999999999
-0.014060999999999999
-0.014060999999999999
-0.014060999999999999
-0.014060999999999999
-0.014060999999999999
-0.014060999999999999
-0.014060999999999999
-0.014060999999999999
-0.014060999999999999
-0.014060999999999999
-0.014060999999999999
-0.014060999999999999
-0.014060999999999999
-0.014060999999999999
-0.014060999999999999
-0.014060999999999999
-0.014060999999999999
-0.014060999999999999
-0.014060999999999999
-0.014060999999999999
-0.014060999999999999
-0.014060999999999999
-0.014060999999999999
-0.014060999999999999
-0.014060999999999999
-0.014060999999999999
-0.014060999999999999
-0.014060999999999999
-0.014060999999999999
-0.014060999999999999
-0.014060999999999999
-0.014060999999999999
-0.014060999999999999
-0.014060999999999999
-0.014060999999999999
-0.014060999999999999
-0.014060999999999999
-0.014060999999999999
-0.013505000000000007
-0.013505000000000007
-0.012951000000000016
-0.012951000000000016
-0.012951000000000016
-0.012951000000000016
-0.012951000000000016
-0.012951000000000016
-0.01282900000000001
-0.01282900000000001
-0.009636999999999993
-0.009636999999999993
-0.009636999999999993
-0.009636999999999993
-0.009636999999999993
-0.009636999999999993
-0.009636999999999993
-0.009636999999999993
-0.009636999999999993
-0.009636999999999993
-0.009636999999999993
-0.009636999999999993
-0.009636999999999993
-0.009636999999999993
-0.009636999999999993
-0.009636999999999993
-0.009636999999999993
-0.009636999999999993
-0.009636999999999993
-0.009636999999999993
-0.009636999999999993
-0.009636999999999993
-0.009636999999999993
-0.009636999999999993
-0.009636999999999993
-0.009636999999999993
-0.009636999999999993
-0.009636999999999993
-0.009636999999999993
-0.009636999999999993
-0.009636999999999993
-0.009636999999999993
-0.009636999999999993
-0.009636999999999993
-0.009636999999999993
-0.009636999999999993
-0.009636999999999993
-0.009636999999999993
-0.009636999999999993
-0.009636999999999993
-0.009636999999999993
-0.009636999999999993
-0.009636999999999993
-0.009636999999999993
-0.009636999999999993
-0.009636999999999993
-0.009636999999999993
-0.009636999999999993
-0.009636999999999993
-0.009636999999999993
-0.009636999999999993
-0.009636999999999993
-0.009636999999999993
-0.009636999999999993
-0.009636999999999993
-0.009636999999999993
-0.009636999999999993
-0.009636999999999993
-0.009636999999999993
-0.009636999999999993
-0.009636999999999993
-0.009636999999999993
-0.009636999999999993
-0.009636999999999993
-0.009636999999999993
-0.009636999999999993
-0.009636999999999993
-0.009636999999999993
-0.009636999999999993
-0.009636999999999993
-0.009636999999999993
-0.009636999999999993
-0.009636999999999993
-0.009636999999999993
-0.009636999999999993
-0.009636999999999993
-0.009636999999999993
-0.009636999999999993
-0.009636999999999993
-0.009636999999999993
-0.009636999999999993
-0.009636999999999993
-0.009636999999999993
-0.009636999999999993
-0.009636999999999993
-0.009636999999999993
-0.009636999999999993
-0.009636999999999993
-0.009636999999999993
-0.009636999999999993
-0.009636999999999993
-0.009636999999999993
-0.009636999999999993
-0.009636999999999993
-0.009636999999999993
-0.009636999999999993
-0.009636999999999993
-0.009636999999999993
-0.009636999999999993
-0.009636999999999993
-0.009636999999999993
-0.009636999999999993
-0.009636999999999993
-0.009636999999999993
-0.009636999999999993
-0.009636999999999993
-0.009636999999999993
-0.009636999999999993
-0.009636999999999993
-0.009636999999999993
-0.009636999999999993
-0.009636999999999993
-0.009636999999999993
-0.009636999999999993
-0.009636999999999993
-0.009636999999999993
-0.009636999999999993
-0.009636999999999993
-0.009636999999999993
-0.009636999999999993
-0.009636999999999993
-0.009636999999999993
-0.009636999999999993
-0.009636999999999993
-0.009636999999999993
-0.009636999999999993
-0.009636999999999993
-0.009636999999999993
-0.009636999999999993
-0.009636999999999993
-0.009636999999999993
-0.009636999999999993
-0.009636999999999993
-0.009636999999999993
-0.009636999999999993
-0.009636999999999993
-0.009636999999999993
-0.009636999999999993
-0.009636999999999993
-0.009636999999999993
-0.009636999999999993
-0.009636999999999993
-0.009636999999999993
-0.009636999999999993
-0.009636999999999993
-0.009636999999999993
-0.009636999999999993
-0.009636999999999993
-0.009636999999999993
-0.009636999999999993
-0.009636999999999993
-0.009636999999999993
-0.009636999999999993
-0.009636999999999993
-0.009636999999999993
-0.009636999999999993
-0.009636999999999993
-0.009636999999999993
-0.009636999999999993
-0.009636999999999993
-0.009636999999999993
-0.009636999999999993
-0.009636999999999993
-0.009636999999999993
-0.009636999999999993
-0.009636999999999993
-0.009636999999999993
-0.009636999999999993
-0.009636999999999993
-0.009636999999999993
-0.009636999999999993
-0.009636999999999993
-0.009636999999999993
-0.009636999999999993
-0.009636999999999993
-0.009636999999999993
-0.009636999999999993
-0.009636999999999993
-0.009636999999999993
-0.009636999999999993
-0.009636999999999993
-0.009636999999999993
-0.009636999999999993
-0.009636999999999993
-0.009636999999999993
-0.009636999999999993
-0.009636999999999993
-0.009636999999999993
-0.009636999999999993
-0.009636999999999993
-0.009636999999999993
-0.009636999999999993
-0.009636999999999993
-0.009636999999999993
-0.009636999999999993
-0.009636999999999993
-0.009636999999999993
-0.009636999999999993
-0.009636999999999993
-0.009636999999999993
-0.009636999999999993
-0.009636999999999993
-0.009636999999999993
-0.009636999999999993
-0.009636999999999993
-0.009636999999999993
-0.009636999999999993
-0.009636999999999993
-0.009636999999999993
-0.009636999999999993
-0.009636999999999993
-0.008815999999999992
-0.008815999999999992
-0.008815999999999992
-0.008815999999999992
-0.008815999999999992
-0.008815999999999992
-0.008815999999999992
-0.008815999999999992
-0.008815999999999992
-0.008815999999999992
-0.008815999999999992
-0.008815999999999992
-0.008815999999999992
-0.008815999999999992
-0.008815999999999992
-0.008815999999999992
-0.008815999999999992
-0.008815999999999992
-0.008815999999999992
-0.008815999999999992
-0.008815999999999992
-0.008815999999999992
-0.008815999999999992
-0.008815999999999992
-0.008815999999999992
-0.008815999999999992
-0.008815999999999992
-0.008815999999999992
-0.008815999999999992
-0.008815999999999992
-0.008815999999999992
-0.008815999999999992
-0.008815999999999992
-0.008815999999999992
-0.008815999999999992
-0.008815999999999992
-0.008815999999999992
-0.00843900000000001
-0.00843900000000001
-0.00843900000000001
-0.00843900000000001
-0.00843900000000001
-0.00843900000000001
-0.00843900000000001
-0.00843900000000001
-0.00843900000000001
-0.00843900000000001
-0.00843900000000001
-0.00843900000000001
-0.00843900000000001
-0.00843900000000001
-0.00843900000000001
-0.00843900000000001
-0.00843900000000001
-0.00843900000000001
-0.00843900000000001
-0.00843900000000001
-0.00843900000000001
-0.00843900000000001
-0.00843900000000001
-0.00843900000000001
-0.00843900000000001
-0.0064849999999999994
-0.0064849999999999994
-0.0064849999999999994
-0.0064849999999999994
-0.0064849999999999994
-0.0064849999999999994
-0.0064849999999999994
-0.0064849999999999994
-0.0064849999999999994
-0.0064849999999999994
-0.0064849999999999994
-0.0064849999999999994
-0.0064849999999999994
-0.0064849999999999994
-0.0064849999999999994
-0.0064849999999999994
-0.0064849999999999994
-0.0064849999999999994
-0.0064849999999999994
-0.0064849999999999994
-0.0064849999999999994
-0.0064849999999999994
-0.0064849999999999994
-0.0064849999999999994
-0.0064849999999999994
-0.0064849999999999994
-0.0064849999999999994
-0.0064849999999999994
-0.0064849999999999994
-0.0064849999999999994
-0.0064849999999999994
-0.0064849999999999994
-0.0064849999999999994
-0.0064849999999999994
-0.0064849999999999994
-0.0064849999999999994
-0.0064849999999999994
-0.0064849999999999994
-0.0064849999999999994
-0.0064849999999999994
-0.0064849999999999994
-0.0064849999999999994
-0.0064849999999999994
-0.0064849999999999994
-0.0064849999999999994
-0.0064849999999999994
-0.0064849999999999994
-0.0064849999999999994
-0.0064849999999999994
-0.0064849999999999994
-0.0064849999999999994
-0.0064849999999999994
-0.0064849999999999994
-0.0064849999999999994
-0.0064849999999999994
-0.0064849999999999994
-0.0064849999999999994
-0.0064849999999999994
-0.0064849999999999994
-0.0064849999999999994
-0.0064849999999999994
-0.0064849999999999994
-0.0064849999999999994
-0.0064849999999999994
-0.0064849999999999994
-0.0064849999999999994
-0.0064849999999999994
-0.0064849999999999994
-0.0064849999999999994
-0.006264999999999998
-0.006264999999999998
-0.006264999999999998
-0.006264999999999998
-0.006264999999999998
-0.006264999999999998
-0.006264999999999998
-0.006264999999999998
-0.006264999999999998
-0.006264999999999998
-0.006264999999999998
-0.006264999999999998
-0.006264999999999998
-0.006264999999999998
-0.006264999999999998
-0.006264999999999998
-0.006264999999999998
-0.006264999999999998
-0.006264999999999998
-0.006264999999999998
-0.006264999999999998
-0.006264999999999998
-0.006264999999999998
-0.006264999999999998
-0.006264999999999998
-0.006264999999999998
-0.006264999999999998
-0.006264999999999998
-0.006264999999999998
-0.006264999999999998
-0.006264999999999998
-0.006264999999999998
-0.006264999999999998
-0.006264999999999998
-0.006264999999999998
-0.006264999999999998
-0.006264999999999998
-0.006264999999999998
-0.006264999999999998
-0.006264999999999998
-0.006264999999999998
-0.006264999999999998
-0.006264999999999998
-0.006264999999999998
-0.006264999999999998
-0.006264999999999998
-0.006264999999999998
-0.006264999999999998
-0.006264999999999998
-0.006264999999999998
-0.006264999999999998
-0.005795999999999999
-0.005795999999999999
-0.005795999999999999
-0.005795999999999999
-0.005795999999999999
-0.005795999999999999
-0.005795999999999999
-0.005795999999999999
-0.005795999999999999
-0.005795999999999999
-0.005795999999999999
-0.005795999999999999
-0.005795999999999999
-0.005795999999999999
-0.005795999999999999
-0.005795999999999999
-0.005795999999999999
-0.005795999999999999
-0.005795999999999999
-0.005795999999999999
-0.005795999999999999
-0.004336999999999998
-0.004336999999999998
-0.004336999999999998
-0.004336999999999998
-0.004336999999999998
-0.004336999999999998
-0.004336999999999998
-0.004336999999999998
-0.004336999999999998
-0.004336999999999998
-0.004336999999999998
-0.004336999999999998
-0.004336999999999998
-0.004336999999999998
-0.004336999999999998
-0.004336999999999998
-0.004336999999999998
-0.004336999999999998
-0.004336999999999998
-0.004336999999999998
-0.004336999999999998
-0.004336999999999998
-0.004336999999999998
-0.004336999999999998
-0.004336999999999998
-0.004336999999999998
-0.004336999999999998
-0.004336999999999998
-0.004336999999999998
-0.004336999999999998
-0.004336999999999998
-0.004336999999999998
-0.004336999999999998
-0.004336999999999998
-0.004336999999999998
-0.004336999999999998
-0.004336999999999998
-0.004336999999999998
-0.004336999999999998
-0.004336999999999998
-0.004336999999999998
-0.004336999999999998
-0.004336999999999998
-0.004336999999999998
-0.004336999999999998
-0.004336999999999998
-0.004336999999999998
-0.004336999999999998
-0.004336999999999998
-0.004336999999999998
-0.004336999999999998
-0.004336999999999998
-0.004336999999999998
-0.004336999999999998
-0.004336999999999998
-0.004336999999999998
-0.004336999999999998
-0.004336999999999998
-0.004336999999999998
-0.004336999999999998
-0.004336999999999998
-0.004336999999999998
-0.004336999999999998
-0.004336999999999998
-0.004336999999999998
-0.004336999999999998
-0.004336999999999998
-0.004336999999999998
-0.004336999999999998
-0.004336999999999998
-0.004336999999999998
-0.004336999999999998
-0.004336999999999998
-0.004336999999999998
-0.004336999999999998
-0.004336999999999998
-0.004336999999999998
-0.004336999999999998
-0.004336999999999998
-0.004336999999999998
-0.004336999999999998
-0.004336999999999998
-0.004336999999999998
-0.004336999999999998
-0.004336999999999998
-0.004336999999999998
-0.004336999999999998
-0.004336999999999998
-0.004336999999999998
-0.004336999999999998
-0.004336999999999998
-0.004336999999999998
-0.004336999999999998
-0.004336999999999998
-0.004336999999999998
-0.004336999999999998
-0.004336999999999998
-0.004336999999999998
-0.004336999999999998
-0.004336999999999998
-0.004336999999999998
-0.004336999999999998
-0.004336999999999998
-0.004336999999999998
-0.004336999999999998
-0.004336999999999998
-0.004336999999999998
-0.004336999999999998
-0.004336999999999998
-0.004336999999999998
-0.004336999999999998
-0.004336999999999998
-0.004336999999999998
-0.004336999999999998
-0.004336999999999998
-0.004336999999999998
-0.004336999999999998
-0.004336999999999998
-0.004336999999999998
-0.004336999999999998
-0.004336999999999998
-0.004336999999999998
-0.004336999999999998
-0.004336999999999998
-0.004336999999999998
-0.004336999999999998
-0.004336999999999998
-0.004336999999999998
-0.004336999999999998
-0.004336999999999998
-0.004336999999999998
-0.004336999999999998
-0.004336999999999998
-0.004336999999999998
-0.004336999999999998
-0.004336999999999998
-0.004336999999999998
-0.004336999999999998
-0.004336999999999998
-0.004336999999999998
-0.004336999999999998
-0.004336999999999998
-0.004336999999999998
-0.004336999999999998
-0.004336999999999998
-0.004336999999999998
-0.004336999999999998
-0.004336999999999998
-0.004336999999999998
-0.004336999999999998
-0.004336999999999998
-0.004336999999999998
-0.004336999999999998
-0.004336999999999998
-0.004336999999999998
-0.004336999999999998
-0.004336999999999998
-0.004336999999999998
-0.004336999999999998
-0.004336999999999998
-0.004336999999999998
-0.004336999999999998
-0.004336999999999998
-0.004336999999999998
-0.004336999999999998
-0.004336999999999998
-0.004336999999999998
-0.004336999999999998
-0.004336999999999998
-0.004336999999999998
-0.004336999999999998
-0.004336999999999998
-0.004336999999999998
-0.004336999999999998
-0.004336999999999998
-0.004336999999999998
-0.004336999999999998
-0.004336999999999998
-0.004336999999999998
-0.004336999999999998
-0.004336999999999998
-0.004336999999999998
-0.004336999999999998
-0.004336999999999998
-0.004336999999999998
-0.004336999999999998
-0.004336999999999998
-0.004336999999999998
-0.004336999999999998
-0.004336999999999998
-0.004336999999999998
-0.004336999999999998
-0.004336999999999998
-0.004336999999999998
-0.004336999999999998
-0.004336999999999998
-0.004336999999999998
-0.004336999999999998
-0.004336999999999998
-0.004336999999999998
-0.004336999999999998
-0.004336999999999998
-0.004336999999999998
-0.004336999999999998
-0.004336999999999998
-0.004336999999999998
-0.004336999999999998
-0.003853000000000003
-0.003853000000000003
-0.003853000000000003
-0.003853000000000003
-0.003853000000000003
-0.003853000000000003
-0.003853000000000003
-0.003853000000000003
-0.003853000000000003
-0.003853000000000003
-0.003853000000000003
-0.003853000000000003
-0.003853000000000003
-0.003853000000000003
-0.003853000000000003
-0.003853000000000003
-0.003853000000000003
-0.003853000000000003
-0.003853000000000003
-0.003853000000000003
-0.003853000000000003
-0.003853000000000003
-0.003853000000000003
-0.003853000000000003
-0.003853000000000003
-0.003853000000000003
-0.003853000000000003
-0.003853000000000003
-0.003853000000000003
-0.003853000000000003
-0.003853000000000003
-0.003853000000000003
-0.003853000000000003
-0.003853000000000003
-0.003853000000000003
-0.003853000000000003
-0.003853000000000003
-0.003853000000000003
-0.003853000000000003
-0.003853000000000003
-0.003853000000000003
-0.003853000000000003
-0.003853000000000003
-0.003853000000000003
-0.003853000000000003
-0.003853000000000003
-0.003853000000000003
-0.003853000000000003
-0.003853000000000003
-0.003853000000000003
-0.003853000000000003
-0.003853000000000003
-0.003853000000000003
-0.003853000000000003
-0.003853000000000003
-0.003853000000000003
-0.003853000000000003
-0.003853000000000003
-0.003853000000000003
-0.003853000000000003
-0.003853000000000003
-0.003853000000000003
-0.003853000000000003
-0.003853000000000003
-0.003853000000000003
-0.003853000000000003
-0.003853000000000003
-0.003853000000000003
-0.003853000000000003
-0.003853000000000003
-0.003853000000000003
-0.003853000000000003
-0.003853000000000003
-0.003853000000000003
-0.003853000000000003
-0.003853000000000003
-0.003853000000000003
-0.003853000000000003
-0.003853000000000003
-0.003853000000000003
-0.003853000000000003
-0.003853000000000003
-0.003853000000000003
-0.003853000000000003
-0.003853000000000003
-0.003853000000000003
-0.003853000000000003
-0.003853000000000003
-0.003853000000000003
-0.003853000000000003
-0.003853000000000003
-0.003853000000000003
-0.003853000000000003
-0.003853000000000003
-0.003853000000000003
-0.003853000000000003
-0.003853000000000003
-0.003853000000000003
-0.003853000000000003
-0.003853000000000003
-0.003853000000000003
-0.003853000000000003
-0.003853000000000003
-0.003853000000000003
-0.003853000000000003
-0.003853000000000003
-0.003853000000000003
-0.003853000000000003
-0.003853000000000003
-0.003853000000000003
-0.003853000000000003
-0.003853000000000003
-0.003853000000000003
-0.003853000000000003
-0.003853000000000003
-0.003853000000000003
-0.003853000000000003
-0.003853000000000003
-0.003853000000000003
-0.003853000000000003
-0.003853000000000003
-0.003853000000000003
-0.003853000000000003
-0.003853000000000003
-0.003853000000000003
-0.003853000000000003
-0.003853000000000003
-0.003853000000000003
-0.003853000000000003
-0.003853000000000003
-0.003853000000000003
-0.003853000000000003
-0.003853000000000003
-0.003853000000000003
-0.003853000000000003
-0.003853000000000003
-0.003853000000000003
-0.003853000000000003
-0.003853000000000003
-0.003853000000000003
-0.003853000000000003
-0.003853000000000003
-0.003853000000000003
-0.003853000000000003
-0.003853000000000003
-0.003853000000000003
-0.003853000000000003
-0.003853000000000003
-0.003853000000000003
-0.003853000000000003
-0.003853000000000003
-0.003853000000000003
-0.003853000000000003
-0.003853000000000003
-0.003853000000000003
-0.003853000000000003
-0.003853000000000003
-0.003853000000000003
-0.003853000000000003
-0.003853000000000003
-0.003853000000000003
-0.003853000000000003
-0.0033449999999999947
-0.0033449999999999947
-0.0033449999999999947
-0.0033449999999999947
-0.0033449999999999947
-0.0033449999999999947
-0.0033449999999999947
-0.0033449999999999947
-0.0033449999999999947
-0.0033449999999999947
-0.0033449999999999947
-0.0033449999999999947
-0.0033449999999999947
-0.0033449999999999947
-0.0033449999999999947
-0.0033449999999999947
-0.0033449999999999947
-0.0033449999999999947
-0.0033449999999999947
-0.0033449999999999947
-0.0033449999999999947
-0.0033449999999999947
-0.0033449999999999947
-0.0033449999999999947
-0.0033449999999999947
-0.0033449999999999947
-0.0033449999999999947
-0.0033449999999999947
-0.0033449999999999947
-0.0033449999999999947
-0.0029750000000000006
-0.0029750000000000006
-0.0029750000000000006
-0.0029750000000000006
-0.0029750000000000006
-0.0029750000000000006
-0.0029750000000000006
-0.0029750000000000006
-0.0029750000000000006
-0.0029750000000000006
-0.0029750000000000006
-0.0029750000000000006
-0.0029750000000000006
-0.0029750000000000006
-0.0029750000000000006
-0.0029750000000000006
-0.0029750000000000006
-0.0029750000000000006
-0.0029750000000000006
-0.0029750000000000006
-0.0029750000000000006
-0.0029750000000000006
-0.0029750000000000006
-0.0029750000000000006
-0.0029750000000000006
-0.0029750000000000006
-0.0029750000000000006
-0.0029750000000000006
-0.0029750000000000006
-0.0029750000000000006
-0.0029750000000000006
-0.0029750000000000006
-0.0029750000000000006
-0.0029750000000000006
-0.0029750000000000006
-0.0029750000000000006
-0.0029750000000000006
-0.0029750000000000006
-0.0029750000000000006
-0.0029750000000000006
-0.0029750000000000006
-0.0029750000000000006
-0.0029750000000000006
-0.0029750000000000006
-0.0029750000000000006
-0.0029750000000000006
-0.0029750000000000006
-0.0029750000000000006
-0.0029750000000000006
-0.0029750000000000006
-0.0029750000000000006
-0.0029750000000000006
-0.0029750000000000006
-0.0029750000000000006
-0.0029750000000000006
-0.0029750000000000006
-0.0029750000000000006
-0.0029750000000000006
-0.0029750000000000006
-0.0029750000000000006
-0.0029750000000000006
-0.0029750000000000006
-0.0029750000000000006
-0.0029750000000000006
-0.0029750000000000006
-0.0029750000000000006
-0.0029750000000000006
-0.0029750000000000006
-0.0029750000000000006
-0.0029750000000000006
-0.0029750000000000006
-0.0029750000000000006
-0.0029750000000000006
-0.0029750000000000006
-0.0029750000000000006
-0.0029750000000000006
-0.0029750000000000006
-0.0029750000000000006
-0.0029750000000000006
-0.0029750000000000006
-0.0029750000000000006
-0.0029750000000000006
-0.0029750000000000006
-0.0029750000000000006
-0.0029750000000000006
-0.0029750000000000006
-0.0029750000000000006
-0.0029750000000000006
-0.0029750000000000006
-0.0029750000000000006
-0.0029750000000000006
-0.0029750000000000006
-0.0029750000000000006
-0.0029750000000000006
-0.0029750000000000006
-0.0029750000000000006
-0.0029750000000000006
-0.0029750000000000006
-0.0029750000000000006
-0.0029750000000000006
-0.0029750000000000006
-0.0029750000000000006
-0.0029750000000000006
-0.0029750000000000006
-0.0029750000000000006
-0.0029750000000000006
-0.0029750000000000006
-0.0029750000000000006
-0.0029750000000000006
-0.0029750000000000006
-0.0029750000000000006
-0.0029750000000000006
-0.0029750000000000006
-0.0029750000000000006
-0.0029750000000000006
-0.0029750000000000006
-0.0029750000000000006
-0.0029750000000000006
-0.0029750000000000006
-0.0029750000000000006
-0.0029750000000000006
-0.0029750000000000006
-0.0029750000000000006
-0.0029750000000000006
-0.0029750000000000006
-0.0029750000000000006
-0.0029750000000000006
-0.0029750000000000006
-0.0029750000000000006
-0.0029750000000000006
-0.0029750000000000006
-0.002051999999999982
-0.002051999999999982
-0.002051999999999982
-0.0019380000000000115
-0.0019380000000000115
-0.0019380000000000115
-0.0019380000000000115
-0.0019380000000000115
-0.0019380000000000115
-0.0019380000000000115
-0.0019380000000000115
-0.0019380000000000115
-0.0019380000000000115
-0.0019380000000000115
-0.0019380000000000115
-0.0019380000000000115
-0.0019380000000000115
-0.0019380000000000115
-0.0019380000000000115
-0.0019380000000000115
-0.0019380000000000115
-0.0019380000000000115
-0.0019380000000000115
-0.0019380000000000115
-0.0019380000000000115
-0.0019380000000000115
-0.0019380000000000115
-0.0011320000000000043
-0.0011320000000000043
-0.0011320000000000043
-0.0011320000000000043
-0.0011320000000000043
-0.0011320000000000043
-0.0011320000000000043
-0.0011320000000000043
-0.0011320000000000043
-0.0011320000000000043
-0.0011320000000000043
-0.0011320000000000043
-0.0011320000000000043
-0.0011320000000000043
-0.0011320000000000043
-0.0005670000000000011
-0.0005670000000000011
-0.0005670000000000011
0.0012140000000000028
0.0012140000000000028
0.0012140000000000028
0.0012140000000000028
0.0012140000000000028
0.0012140000000000028
0.0012140000000000028
0.0012140000000000028
0.0012140000000000028
0.0012140000000000028
0.0012140000000000028
0.0012140000000000028
0.0012140000000000028
0.0012140000000000028
0.0012140000000000028
0.0012140000000000028
0.0012140000000000028
0.0012140000000000028
0.0012140000000000028
0.0012140000000000028
0.0012140000000000028
0.0012140000000000028
0.0012140000000000028
0.0012140000000000028
0.0012140000000000028
0.0015389999999999876
0.0015389999999999876
0.0015389999999999876
0.0015389999999999876
0.0015389999999999876
0.0015389999999999876
0.0015389999999999876
0.0015389999999999876
0.0015389999999999876
0.0015389999999999876
0.0015389999999999876
0.0015389999999999876
0.0018080000000000001
0.0018080000000000001
0.0018440000000000134
0.0018440000000000134
0.0018440000000000134
0.0018440000000000134
0.0018440000000000134
0.0018440000000000134
0.0018440000000000134
0.0018440000000000134
0.0018440000000000134
0.0018440000000000134
0.0018440000000000134
0.0018440000000000134
0.0018440000000000134
0.0018440000000000134
0.0018440000000000134
0.0018440000000000134
0.0018440000000000134
0.0018440000000000134
0.0018440000000000134
0.0018440000000000134
0.0018440000000000134
0.0018440000000000134
0.0018440000000000134
0.0018440000000000134
0.0018440000000000134
0.0018440000000000134
0.0018440000000000134
0.0018440000000000134
0.0018440000000000134
0.0018440000000000134
0.0018440000000000134
0.003469000000000012
0.003472000000000012
0.003472000000000012
0.003472000000000012
0.003472000000000012
0.003472000000000012
0.003472000000000012
0.003472000000000012
0.003993000000000016
0.003993000000000016
0.004230000000000015
0.004230000000000015
0.00465100000000002
0.00465100000000002
0.005006000000000019
0.005006000000000019
0.005006000000000019
0.005006000000000019
0.005006000000000019
0.005006000000000019
0.005006000000000019
0.005006000000000019
0.005006000000000019
0.005006000000000019
0.005006000000000019
0.005006000000000019
0.005006000000000019
0.005006000000000019
0.00600300000000002
0.006357000000000029
0.006357000000000029
0.006357000000000029
0.006357000000000029
0.006357000000000029
0.006357000000000029
0.006357000000000029
0.006357000000000029
0.006357000000000029
0.006357000000000029
0.006357000000000029
0.006357000000000029
0.006357000000000029
0.006357000000000029
0.006357000000000029
0.006357000000000029
0.007644000000000011
0.007644000000000011
0.007644000000000011
0.007644000000000011
0.007644000000000011
0.007644000000000011
0.007644000000000011
0.007644000000000011
0.007644000000000011
0.007644000000000011
0.007644000000000011
0.007644000000000011
0.007644000000000011
0.007644000000000011
0.007644000000000011
0.007644000000000011
0.007644000000000011
0.007644000000000011
0.007644000000000011
0.007644000000000011
0.007644000000000011
0.007644000000000011
0.007644000000000011
0.007644000000000011
0.007644000000000011
0.007644000000000011
0.007644000000000011
0.007644000000000011
0.007644000000000011
0.007644000000000011
0.007644000000000011
0.008307000000000007
0.008307000000000007
0.008307000000000007
0.008307000000000007
0.008307000000000007
0.008307000000000007
0.008307000000000007
0.008307000000000007
0.008307000000000007
0.008307000000000007
0.008307000000000007
0.008307000000000007
0.008307000000000007
0.008307000000000007
0.008307000000000007
0.008307000000000007
0.008307000000000007
0.008307000000000007
0.008307000000000007
0.008307000000000007
0.008307000000000007
0.008307000000000007
0.008307000000000007
0.008307000000000007
0.008307000000000007
0.008307000000000007
0.008307000000000007
0.008307000000000007
0.008307000000000007
0.008307000000000007
0.008307000000000007
0.008307000000000007
0.008307000000000007
0.008307000000000007
0.008307000000000007
0.008307000000000007
0.008307000000000007
0.008307000000000007
0.008307000000000007
0.008307000000000007
0.008307000000000007
0.008307000000000007
0.008307000000000007
0.008307000000000007
0.008307000000000007
0.008307000000000007
0.008873000000000016
0.008873000000000016
0.008873000000000016
