-0.13451500000000008
-0.1225149999999997
-0.11263899999999995
-0.10985799999999979
-0.10997699999999991
-0.10723600000000001
-0.1047920000000001
-0.10556399999999992
-0.101877
-0.10278499999999997
-0.10234399999999988
-0.10235399999999992
-0.10107000000000008
-0.10026099999999993
-0.0978020000000001
-0.10120799999999994
-0.09754299999999999
-0.098165
-0.096829
-0.09840700000000004
-0.09633000000000001
-0.09386800000000013
-0.09305100000000009
-0.09191800000000004
-0.09183000000000002
-0.09195399999999997
-0.09056800000000012
-0.08999400000000005
-0.089994
-0.08946299999999993
-0.08660700000000006
-0.08658300000000009
-0.08686000000000009
-0.08440600000000013
-0.08396300000000007
-0.08224100000000008
-0.0817030000000001
-0.08264000000000007
-0.0846350000000001
-0.08138000000000004
-0.08153900000000006
-0.08048700000000002
-0.08325600000000007
-0.081237
-0.08236900000000014
-0.08108600000000009
-0.08119000000000004
-0.0796490000000002
-0.07939600000000013
-0.0779440000000002
-0.08013600000000018
-0.07901500000000013
-0.08077600000000014
-0.07783700000000016
-0.07786400000000017
-0.07849700000000015
-0.0760400000000002
-0.07876700000000013
-0.0753130000000001
-0.07881900000000021
-0.07882600000000013
-0.07805700000000011
-0.07555300000000015
-0.0771840000000002
-0.0750630000000001
-0.07295600000000019
-0.07628400000000014
-0.07145900000000009
-0.07555800000000008
-0.07407600000000013
-0.07612500000000023
-0.07573500000000015
-0.07400300000000012
-0.0727100000000001
-0.07498900000000021
-0.07172900000000017
-0.07164500000000003
-0.06918700000000007
-0.073542
-0.06996299999999997
-0.07055999999999998
-0.07234500000000005
-0.067751
-0.06794500000000002
-0.07022100000000013
-0.06863199999999994
-0.06987700000000004
-0.06878299999999996
-0.06725599999999991
-0.06782299999999991
-0.06755899999999998
-0.06819499999999999
-0.06650299999999992
-0.06841199999999993
-0.065523
-0.06507299999999983
-0.06578499999999986
-0.06534799999999986
-0.06210999999999985
-0.062047000000000005
-0.06501099999999987
-0.06665399999999988
-0.06232499999999975
-0.06175699999999988
-0.06363899999999977
-0.0625199999999998
-0.06251899999999992
-0.06395199999999993
-0.061649999999999934
-0.06141199999999995
-0.06087799999999985
-0.05945999999999987
-0.05968999999999986
-0.05982499999999997
-0.05716499999999993
-0.06088099999999993
-0.05516200000000001
-0.057680999999999906
-0.058580999999999994
-0.05648600000000005
-0.05861099999999995
-0.05612300000000007
-0.05481799999999999
-0.056535999999999934
-0.056773000000000004
-0.05341699999999995
-0.056580000000000026
-0.05545400000000003
-0.05911799999999998
-0.055590999999999995
-0.054706
-0.05436799999999997
-0.05517099999999995
-0.0526369999999999
-0.05389900000000004
-0.05250799999999994
-0.056852999999999966
-0.05703699999999992
-0.055288999999999984
-0.05289499999999997
-0.05541699999999994
-0.05199999999999996
-0.05253499999999997
-0.04972799999999994
-0.05373999999999999
-0.05604699999999998
-0.05037899999999995
-0.05347700000000001
-0.05200699999999997
-0.052846999999999915
-0.05355599999999996
-0.052434999999999954
-0.05345099999999994
-0.05005699999999995
-0.05185899999999996
-0.05223999999999997
-0.04970899999999997
-0.05177199999999998
-0.05009099999999998
-0.05001799999999998
-0.05346300000000003
-0.05087099999999996
-0.04989399999999998
-0.04999299999999999
-0.051018999999999995
-0.05096799999999996
-0.05008900000000005
-0.050267999999999945
-0.05018500000000008
-0.050081000000000014
-0.04978799999999997
-0.053202999999999966
-0.04870599999999996
-0.04922899999999998
-0.05133000000000002
-0.04899600000000003
-0.046248999999999985
-0.04853699999999996
-0.047913999999999984
-0.047741999999999944
-0.04585599999999997
-0.04451599999999998
-0.04453999999999997
-0.04559699999999998
-0.04484999999999997
-0.04427299999999998
-0.046512
-0.044232999999999974
-0.04557199999999995
-0.04669700000000001
-0.041645999999999996
-0.04390399999999997
-0.04477299999999999
-0.043175999999999985
-0.04216699999999998
-0.041922999999999995
-0.04224699999999999
-0.045103999999999936
-0.041495
-0.04211299999999999
-0.04232900000000001
-0.04251399999999996
-0.041540999999999995
-0.044440999999999994
-0.044994999999999945
-0.045276999999999984
-0.042597000000000024
-0.044546999999999976
-0.043148999999999986
-0.044983999999999996
-0.04008699999999998
-0.044036000000000027
-0.042768999999999974
-0.042954999999999986
-0.04558699999999996
-0.041325999999999974
-0.043498000000000016
-0.04264400000000002
-0.041962999999999986
-0.03946600000000002
-0.03906000000000001
-0.04245499999999999
-0.03954500000000003
-0.04282599999999996
-0.041096999999999974
-0.040157000000000005
-0.040988
-0.03989000000000003
-0.0408
-0.03979700000000002
-0.03918400000000002
-0.040587
-0.03891300000000005
-0.040229000000000036
-0.039923
-0.03847
-0.03877900000000002
-0.039933000000000024
-0.03937200000000001
-0.040351
-0.040327999999999954
-0.03930900000000001
-0.04067299999999998
-0.04236399999999996
-0.04267799999999996
-0.03985300000000002
-0.041312999999999975
-0.04201799999999996
-0.043765999999999985
-0.03986700000000006
-0.04092699999999999
-0.041065000000000004
-0.04154000000000003
-0.038699000000000025
-0.04132800000000002
-0.042356000000000026
-0.03937400000000001
-0.03989099999999998
-0.040504000000000005
-0.04071799999999997
-0.040079000000000004
-0.040882000000000016
-0.04140199999999998
-0.03825900000000003
-0.03846000000000006
-0.04126400000000002
-0.038652999999999986
-0.037321999999999994
-0.038898999999999996
-0.03575200000000002
-0.035850000000000076
-0.04037600000000006
-0.03674200000000004
-0.03990200000000004
-0.03882600000000001
-0.03696900000000004
-0.043643000000000015
-0.036793
-0.04219500000000004
-0.03812800000000005
-0.03914200000000004
-0.03883700000000007
-0.036771000000000074
-0.041259000000000066
-0.04090500000000001
-0.04145300000000003
-0.03869100000000008
-0.03903300000000002
-0.040480000000000044
-0.03758300000000005
-0.03883700000000001
-0.03686500000000003
-0.03784600000000004
-0.040224000000000065
-0.039934999999999984
-0.04044700000000004
-0.040715
-0.035876000000000054
-0.03751200000000007
-0.03835900000000002
-0.03618100000000008
-0.039014999999999966
-0.03872600000000006
-0.03726500000000002
-0.037282000000000017
-0.03646300000000002
-0.03930399999999997
-0.036589000000000045
-0.03985199999999999
-0.03862899999999998
-0.03646100000000005
-0.037336000000000015
-0.038038000000000044
-0.04388799999999998
-0.041071000000000024
-0.03651700000000006
-0.03745200000000006
-0.035298000000000045
-0.03759600000000002
-0.034803000000000035
-0.03517100000000007
-0.036719
-0.03756100000000006
-0.03763400000000005
-0.03734000000000003
-0.037816999999999996
-0.03855300000000007
-0.03656300000000004
-0.036320000000000026
-0.03729200000000006
-0.03548900000000008
-0.03859700000000008
-0.039397000000000036
-0.03839500000000003
-0.03896100000000004
-0.038207000000000005
-0.03809300000000001
-0.03774600000000006
-0.0379950000000001
-0.039842
-0.035514000000000094
-0.038854000000000055
-0.038642000000000065
-0.03933300000000003
-0.03587400000000004
-0.037423
-0.03820100000000001
-0.037221000000000046
-0.03861700000000005
-0.03583700000000006
-0.036462000000000036
-0.036763000000000046
-0.03667400000000008
-0.03663800000000007
-0.03792500000000006
-0.0366600000000001
-0.03784799999999999
-0.03721799999999999
-0.04318800000000002
-0.03931800000000003
-0.04032200000000005
-0.03508100000000008
-0.041713999999999994
-0.03685800000000001
-0.039398000000000044
-0.037198999999999975
-0.038930000000000076
-0.042077000000000024
-0.03699200000000005
-0.04320200000000002
-0.041103
-0.043889000000000025
-0.03806300000000004
-0.03582800000000011
-0.03717400000000008
-0.041096000000000035
-0.035743000000000046
-0.03994800000000002
-0.04070900000000005
-0.04044300000000003
-0.03568700000000003
-0.039443000000000054
-0.034350000000000054
-0.03567000000000007
-0.03708300000000008
-0.03655700000000005
-0.037361000000000054
-0.036987000000000055
-0.04371199999999999
-0.04110300000000006
-0.037319000000000054
-0.03680500000000005
-0.03505900000000006
-0.03711899999999998
-0.04189800000000005
-0.04112200000000006
-0.03772300000000008
-0.03471100000000009
-0.04031900000000006
-0.04088500000000004
-0.03887400000000005
-0.038470000000000004
-0.036410000000000074
-0.03708900000000003
-0.04012500000000003
-0.04181200000000004
-0.03487600000000008
-0.03769499999999997
-0.03770400000000003
-0.036805000000000046
-0.04067000000000005
-0.03492100000000012
-0.03739300000000005
-0.03517400000000007
-0.040241000000000055
-0.04029000000000007
-0.03988400000000003
-0.034110000000000085
-0.04041700000000006
-0.038852000000000074
-0.03567100000000009
-0.038301000000000064
-0.035602000000000085
-0.03898200000000009
-0.03631900000000007
-0.03714400000000005
-0.035950000000000065
-0.03954300000000001
-0.03666400000000005
-0.034295000000000055
-0.03557800000000009
-0.04317000000000001
-0.03693400000000006
-0.039016000000000085
-0.03644500000000004
-0.040193000000000076
-0.03728700000000006
-0.03778100000000007
-0.03995900000000004
-0.04008600000000007
-0.04042600000000003
-0.0377360000000001
-0.0355560000000001
-0.03997600000000005
-0.03764100000000007
-0.03549200000000007
-0.040268000000000026
-0.04096200000000002
-0.03768000000000007
-0.03734700000000004
-0.03892400000000002
-0.03984399999999998
-0.03871400000000003
-0.03685300000000006
-0.039121000000000024
-0.03686900000000008
-0.036847000000000116
-0.03567900000000011
-0.03600400000000008
-0.03666100000000006
-0.037489000000000085
-0.03802300000000004
-0.037806000000000055
-0.03895300000000002
-0.037654000000000055
-0.037475000000000064
-0.03713800000000007
-0.036813000000000026
-0.038223000000000056
-0.037766000000000056
-0.03847900000000008
-0.037455000000000044
-0.03945800000000008
-0.03914900000000005
-0.038267000000000065
-0.040997000000000006
-0.03873600000000005
-0.03636400000000005
-0.039555000000000035
-0.038444000000000075
-0.03805000000000005
-0.03666300000000007
-0.03932600000000002
-0.03470800000000006
-0.03703700000000005
-0.03634600000000006
-0.037263000000000025
-0.036826000000000074
-0.038104000000000075
-0.03722400000000004
-0.03605100000000007
-0.03808500000000002
-0.03843600000000007
-0.035448000000000056
-0.03821600000000009
-0.03838800000000003
-0.03795100000000005
-0.03584500000000006
-0.03856500000000005
-0.037246000000000064
-0.03964000000000005
-0.036671000000000085
-0.03892000000000006
-0.03611000000000006
-0.03771900000000005
-0.0361990000000001
-0.03843000000000002
-0.035136000000000056
-0.03778100000000006
-0.036194000000000066
-0.03702700000000008
-0.03762800000000006
-0.03642400000000007
-0.03657700000000006
-0.03728800000000005
-0.0358210000000001
-0.037240000000000044
-0.035445000000000115
-0.036696000000000055
-0.03635500000000005
-0.03719700000000005
-0.03900800000000005
-0.03880500000000006
-0.040490000000000054
-0.036498000000000086
-0.036853000000000066
-0.04028900000000007
-0.03744900000000007
-0.04062500000000004
-0.03695300000000005
-0.03922200000000002
-0.03856500000000008
-0.03815300000000007
-0.03763300000000007
-0.039409000000000034
-0.034295000000000075
-0.039158000000000026
-0.03841900000000004
-0.04007000000000006
-0.03695500000000008
-0.03865600000000004
-0.036303000000000064
-0.03531400000000008
-0.03801900000000006
-0.03836000000000007
-0.037067000000000044
-0.03753300000000006
-0.03747700000000005
-0.03565400000000008
-0.03793700000000006
-0.03862000000000007
-0.04075400000000004
-0.03619700000000008
-0.038956000000000046
-0.03725200000000007
-0.037294000000000056
-0.03538600000000007
-0.037103000000000046
-0.037047000000000094
-0.03712800000000005
-0.03740400000000004
-0.03748800000000008
-0.04120700000000002
-0.04011699999999999
-0.038776000000000074
-0.04029400000000001
-0.03936700000000002
-0.03812500000000007
-0.03715200000000008
-0.03810500000000008
-0.03956300000000005
-0.03951900000000009
-0.03622400000000006
-0.038683000000000085
-0.03725400000000008
-0.03847600000000008
-0.03891000000000003
-0.037444000000000054
-0.035522000000000074
-0.036570000000000026
-0.03787300000000006
-0.03689200000000006
-0.03719900000000009
-0.03996000000000002
-0.03310400000000002
-0.03856800000000003
-0.03552100000000003
-0.037830000000000044
-0.037784000000000026
-0.03927300000000008
-0.03812500000000005
-0.03417400000000007
-0.038325000000000026
-0.03461900000000008
-0.03705300000000003
-0.03930400000000002
-0.03881900000000004
-0.037079000000000056
-0.04081200000000004
-0.03831700000000005
-0.037005000000000045
-0.03615800000000006
-0.03668000000000007
-0.03762000000000006
-0.03460700000000006
-0.035188000000000066
-0.036123000000000065
-0.03713200000000007
-0.036225000000000056
-0.03844100000000006
-0.03264300000000002
-0.03481800000000004
-0.032885000000000046
-0.03455300000000004
-0.03417700000000004
-0.03825000000000002
-0.03397400000000005
-0.035317000000000036
-0.03616200000000001
-0.03326200000000003
-0.03232700000000007
-0.031650000000000025
-0.03231400000000006
-0.03247700000000006
-0.03314800000000002
-0.035782
-0.03907500000000002
-0.03718700000000002
-0.031875
-0.03279200000000003
-0.03565400000000004
-0.03161200000000004
-0.038590000000000055
-0.033042999999999996
-0.034989000000000076
-0.03328400000000003
-0.03725800000000004
-0.03176900000000006
-0.03737400000000004
-0.029807000000000052
-0.033221000000000035
-0.034212000000000055
-0.032080000000000004
-0.03405400000000007
-0.034817000000000056
-0.035174000000000025
-0.03509100000000006
-0.03526200000000007
-0.03400800000000005
-0.03330800000000002
-0.033477000000000035
-0.03298200000000007
-0.03537900000000009
-0.03465800000000004
-0.03291800000000005
-0.03259100000000002
-0.03275900000000009
-0.03189600000000004
-0.032740000000000075
-0.03200600000000004
-0.03733800000000003
-0.033066000000000074
-0.03352300000000003
-0.03246300000000004
-0.03414800000000003
-0.03149300000000003
-0.03568799999999999
-0.031698000000000046
-0.031643000000000004
-0.03214300000000003
-0.034182
-0.03442700000000004
-0.032614000000000073
-0.03299200000000005
-0.03301100000000008
-0.033990000000000006
-0.032887000000000055
-0.032362
-0.03373000000000009
-0.035402000000000086
-0.03268200000000005
-0.03012400000000004
-0.029763
-0.028761000000000037
-0.030279
-0.03161000000000003
-0.03047300000000004
-0.03166100000000006
-0.030494000000000028
-0.03443700000000004
-0.03240600000000005
-0.03321300000000007
-0.03128600000000003
-0.032856000000000045
-0.031020000000000044
-0.029405000000000042
-0.032013000000000034
-0.031311000000000054
-0.032215999999999995
-0.030021000000000034
-0.029541000000000043
-0.030748000000000063
-0.030791000000000047
-0.03179200000000007
-0.030223000000000003
-0.03120100000000007
-0.03137200000000002
-0.03260800000000002
-0.029083999999999992
-0.03189500000000004
-0.031197000000000044
-0.032183000000000045
-0.03127200000000006
-0.03167500000000006
-0.03310800000000003
-0.03196200000000006
-0.03169100000000005
-0.03382900000000004
-0.03183600000000006
-0.03184800000000005
-0.03202100000000006
-0.031581000000000026
-0.03229800000000003
-0.029845000000000035
-0.03220300000000002
-0.029639000000000054
-0.03237700000000005
-0.031573000000000045
-0.029472000000000026
-0.028131000000000034
-0.031313000000000014
-0.03032000000000009
-0.029439000000000038
-0.027295000000000035
-0.027295000000000017
-0.027783000000000044
-0.026916000000000037
-0.02927500000000005
-0.027392000000000014
-0.02669000000000001
-0.027628000000000083
-0.02509199999999999
-0.027769000000000012
-0.03083200000000004
-0.02968800000000006
-0.029175000000000027
-0.028340000000000032
-0.028358999999999992
-0.02890800000000002
-0.027044999999999993
-0.026751999999999988
-0.028339000000000048
-0.026920000000000034
-0.02634199999999998
-0.029135000000000043
-0.026577000000000003
-0.027144000000000074
-0.027974000000000013
-0.02734999999999999
-0.026628000000000013
-0.029091000000000065
-0.027157000000000032
-0.027337999999999987
-0.02618499999999999
-0.028221999999999997
-0.02857900000000006
-0.026991999999999978
-0.027086000000000006
-0.027037000000000033
-0.028332000000000034
-0.026854000000000006
-0.026998000000000008
-0.028511000000000022
-0.02835200000000007
-0.026960000000000026
-0.02581200000000003
-0.030877000000000022
-0.02753200000000001
-0.027591000000000043
-0.02651000000000002
-0.026063999999999976
-0.027303000000000015
-0.029074000000000058
-0.02858600000000007
-0.026971999999999975
-0.027136000000000014
-0.02793900000000001
-0.027032000000000018
-0.030690000000000016
-0.02843300000000005
-0.026764
-0.02986300000000004
-0.026579999999999996
-0.028526000000000006
-0.026613000000000005
-0.028024000000000042
-0.027343
-0.03295500000000003
-0.027139000000000003
-0.027524000000000017
-0.026769999999999978
-0.027054000000000012
-0.027896000000000004
-0.029329000000000063
-0.027498000000000012
-0.030778000000000055
-0.029354000000000036
-0.02730900000000001
-0.02778400000000001
-0.028427000000000025
-0.025737
-0.02604000000000002
-0.02841600000000003
-0.028160999999999995
-0.02670700000000003
-0.026517000000000002
-0.026485000000000012
-0.026376000000000004
-0.026010000000000002
-0.02712399999999997
-0.029263000000000063
-0.02816700000000001
-0.028696000000000037
-0.02561800000000002
-0.027159000000000048
-0.026524000000000023
-0.027350000000000024
-0.02970100000000004
-0.02958100000000005
-0.025215
-0.026983000000000038
-0.025330000000000012
-0.027698000000000052
-0.027007000000000007
-0.025904000000000014
-0.02619500000000001
-0.02729000000000001
-0.027668000000000022
-0.026919000000000033
-0.029374000000000063
-0.028346000000000062
-0.028002000000000016
-0.026967999999999985
-0.027685000000000015
-0.02744200000000001
-0.028810000000000054
-0.02562500000000003
-0.02704199999999997
-0.02701200000000002
-0.029818000000000035
-0.025664000000000017
-0.027276000000000016
-0.026376000000000017
-0.028306000000000022
-0.02650100000000001
-0.027987999999999996
-0.026779999999999967
-0.025788999999999986
-0.024202
-0.023886000000000015
-0.02501300000000001
-0.02635699999999998
-0.026237
-0.026769000000000022
-0.02811600000000003
-0.026625000000000006
-0.02508200000000001
-0.024767999999999984
-0.027078000000000043
-0.026001000000000017
-0.024362000000000016
-0.02550099999999999
-0.025774000000000002
-0.025464000000000014
-0.027655000000000002
-0.02781000000000003
-0.025584999999999993
-0.02545600000000001
-0.026958000000000017
-0.02535000000000002
-0.025659999999999992
-0.02789300000000004
-0.02755900000000002
-0.024195
-0.025699999999999983
-0.029028000000000064
-0.025551000000000032
-0.025863000000000004
-0.029598000000000037
-0.026289000000000003
-0.028914000000000037
-0.026212000000000013
-0.027908000000000027
-0.024947999999999998
-0.026003000000000026
-0.026690000000000002
-0.026985999999999996
-0.02731600000000002
-0.02726200000000005
-0.02602699999999998
-0.026821000000000005
-0.025166999999999964
-0.028070000000000015
-0.026131
-0.025509000000000025
-0.026371999999999993
-0.027729000000000007
-0.027794000000000006
-0.02445900000000001
-0.027122999999999998
-0.025565000000000008
-0.02702300000000001
-0.02774200000000002
-0.025224000000000014
-0.025611000000000002
-0.024297999999999993
-0.025834999999999986
-0.02612899999999999
-0.027297000000000016
-0.024317
-0.025806000000000013
-0.026748000000000008
-0.025925000000000017
-0.026760999999999983
-0.024141999999999983
-0.02500599999999999
-0.030287000000000022
-0.02709600000000002
-0.024351999999999995
-0.024935999999999996
-0.02562
-0.025182000000000003
-0.024269999999999996
-0.02911200000000005
-0.02603700000000001
-0.02814600000000005
-0.025880000000000007
-0.024622
-0.025558000000000008
-0.024533000000000006
-0.025085999999999994
-0.024914000000000002
-0.022129999999999986
-0.022887000000000022
-0.02609000000000002
-0.025752999999999998
-0.025132999999999996
-0.024701
-0.02270200000000003
-0.023066000000000007
-0.024458000000000018
-0.023390000000000022
-0.024990000000000026
-0.02414100000000001
-0.024751000000000023
-0.025967999999999995
-0.023027000000000002
-0.024152000000000024
-0.026266
-0.02465200000000001
-0.025858999999999993
-0.024502000000000006
-0.025397999999999993
-0.024128999999999998
-0.02439699999999998
-0.026077999999999987
-0.023709999999999988
-0.02496199999999998
-0.025407000000000002
-0.028231000000000006
-0.025756
-0.02420700000000001
-0.026687000000000006
-0.024457999999999997
-0.02536200000000001
-0.024259000000000013
-0.024776000000000003
-0.022586000000000016
-0.02598300000000002
-0.025673999999999995
-0.025511999999999993
-0.024165999999999993
-0.026265999999999984
-0.02380900000000001
-0.023827
-0.02562300000000004
-0.02733400000000002
-0.02655900000000002
-0.022725000000000037
-0.028654000000000002
-0.025301000000000035
-0.023840999999999984
-0.025017
-0.022460000000000004
-0.02699400000000003
-0.02575999999999998
-0.025150999999999975
-0.023924999999999984
-0.024779999999999996
-0.026730999999999984
-0.02589000000000001
-0.02259300000000002
-0.02587400000000002
-0.026615000000000014
-0.024970000000000003
-0.02621800000000002
-0.025551000000000008
-0.025249000000000008
-0.02363299999999998
-0.024282000000000012
-0.02230500000000001
-0.023423000000000017
-0.02428
-0.024410000000000036
-0.025663
-0.026080000000000002
-0.023136000000000007
-0.02346
-0.026903000000000024
-0.025578000000000017
-0.024100000000000007
-0.024907000000000002
-0.02482500000000001
-0.023413000000000024
-0.026363999999999988
-0.023899000000000017
-0.024571000000000023
-0.025106000000000003
-0.025687000000000012
-0.02384000000000003
-0.024020000000000027
-0.025785000000000002
-0.02355
-0.026905000000000023
-0.02735899999999998
-0.027490000000000014
-0.024111000000000028
-0.028234000000000026
-0.024294
-0.024398999999999987
-0.02390500000000001
-0.02526700000000001
-0.02567000000000001
-0.026152000000000033
-0.02673199999999998
-0.025612000000000024
-0.024967999999999994
-0.023445000000000004
-0.02573500000000002
-0.025013000000000014
-0.025506000000000015
-0.02500799999999997
-0.024411999999999982
-0.025619000000000017
-0.026275000000000028
-0.023912999999999983
-0.025890000000000014
-0.02405500000000002
-0.026490000000000003
-0.02799600000000001
-0.02466300000000001
-0.024748999999999976
-0.02372799999999997
-0.024755000000000027
-0.024444000000000004
-0.02537699999999998
-0.02568700000000003
-0.025167999999999982
-0.02661500000000002
-0.02547899999999998
-0.02285100000000002
-0.025472000000000047
-0.024715999999999995
-0.026291999999999986
-0.025165000000000045
-0.023599999999999982
-0.028668000000000023
-0.028172000000000013
-0.02661100000000003
-0.02373700000000003
-0.024281999999999998
-0.031240000000000066
-0.023917000000000015
-0.024585999999999997
-0.022292000000000017
-0.023760000000000017
-0.024959000000000033
-0.025936000000000025
-0.030354000000000055
-0.02296300000000002
-0.02357300000000003
-0.023661000000000026
-0.023018000000000007
-0.020140999999999992
-0.023911
-0.023459999999999988
-0.022926999999999996
-0.023329999999999976
-0.02287099999999997
-0.020174000000000025
-0.021727000000000014
-0.021793000000000003
-0.020262
-0.02158
-0.022943999999999996
-0.02294500000000001
-0.02135300000000002
-0.021043000000000017
-0.024314000000000006
-0.020303000000000015
-0.02377799999999999
-0.02112599999999999
-0.026041000000000016
-0.023168999999999974
-0.023152000000000013
-0.023395000000000006
-0.02143399999999998
-0.02279999999999999
-0.020357000000000024
-0.02440000000000001
-0.02238700000000002
-0.023565000000000006
-0.022021999999999972
-0.023559000000000007
-0.02094600000000002
-0.02410300000000001
-0.02224100000000001
-0.019059999999999994
-0.023351000000000018
-0.022958000000000006
-0.020396000000000025
-0.023292000000000018
-0.020310000000000012
-0.02141699999999999
-0.021461000000000015
-0.023541
-0.021723000000000017
-0.022729000000000017
-0.02563700000000001
-0.019966000000000015
-0.021733000000000006
-0.01933
-0.02144000000000001
-0.020520000000000007
-0.02160900000000001
-0.024856000000000024
-0.019395
-0.022612
-0.02168000000000001
-0.021960999999999998
-0.019364000000000027
-0.021313000000000026
-0.01997400000000002
-0.021791000000000015
-0.020731000000000017
-0.021327999999999996
-0.020121000000000028
-0.02053100000000001
-0.018898000000000012
-0.021906000000000023
-0.02183500000000001
-0.02140599999999999
-0.018343000000000005
-0.022355000000000003
-0.020369000000000026
-0.021837000000000013
-0.02109299999999999
-0.02099699999999999
-0.022265000000000014
-0.01922800000000001
-0.018014000000000027
-0.01910500000000001
-0.02105500000000002
-0.018445000000000003
-0.01902800000000001
-0.01954000000000002
-0.02126599999999999
-0.018419000000000012
-0.023183999999999993
-0.02141000000000001
-0.01908400000000001
-0.020763000000000007
-0.020542000000000005
-0.01872500000000001
-0.02120299999999999
-0.019888000000000006
-0.020626999999999996
-0.023184
-0.01780700000000001
-0.021413999999999996
-0.019408
-0.019914
-0.018430000000000005
-0.01991700000000001
-0.020190000000000007
-0.021606000000000007
-0.019909000000000007
-0.020177000000000014
-0.018976000000000003
-0.024838000000000002
-0.022455000000000017
-0.021178
-0.01926200000000002
-0.022230999999999987
-0.019868
-0.021528000000000016
-0.023956
-0.022670999999999997
-0.019438
-0.021067
-0.02083300000000001
-0.019412000000000016
-0.02107599999999999
-0.018388
-0.018949000000000018
-0.022723999999999994
-0.018443000000000005
-0.018866000000000004
-0.023653
-0.020898000000000017
-0.02029200000000002
-0.018347000000000013
-0.019436000000000005
-0.021048999999999995
-0.01839400000000001
-0.023416000000000027
-0.020492999999999994
-0.01932600000000002
-0.021436
-0.021499
-0.018870000000000012
-0.019750000000000007
-0.019872000000000008
-0.018389000000000013
-0.01881299999999999
-0.02402300000000001
-0.019718000000000024
-0.023058999999999996
-0.020513999999999998
-0.01802899999999999
-0.01828300000000002
-0.01999200000000002
-0.020825000000000017
-0.023214000000000005
-0.017757
-0.018673999999999993
-0.019845000000000012
-0.019139
-0.020775000000000005
-0.022195000000000003
-0.020648000000000007
-0.019400000000000004
-0.020707000000000017
-0.020440000000000003
-0.019671000000000015
-0.02192399999999998
-0.020860000000000004
-0.023126000000000025
-0.018531000000000016
-0.02120700000000002
-0.020212000000000018
-0.02326900000000004
-0.02019
-0.02129200000000002
-0.02266700000000003
-0.019960000000000023
-0.019181
-0.01978000000000001
-0.020706999999999993
-0.019763000000000027
-0.022908000000000015
-0.02345899999999999
-0.020685000000000016
-0.02038300000000001
-0.02096099999999999
-0.024461000000000007
-0.01915200000000002
-0.021492000000000018
-0.018793999999999998
-0.022721000000000015
-0.021406000000000026
-0.024831000000000006
-0.018320000000000017
-0.022301999999999992
-0.025633
-0.02312799999999998
-0.021695999999999993
-0.02242000000000001
-0.01957400000000002
-0.020614999999999988
-0.020531000000000015
-0.019624000000000027
-0.022080999999999983
-0.021489999999999992
-0.022174999999999986
-0.023294999999999996
-0.02057
-0.02042500000000001
-0.02115399999999998
-0.022989999999999983
-0.02023199999999999
-0.021409000000000008
-0.01986600000000002
-0.023087999999999994
-0.02483000000000001
-0.020115
-0.020510999999999995
-0.01987800000000001
-0.019333000000000017
-0.020100000000000017
-0.019897000000000005
-0.024096999999999993
-0.018248000000000007
-0.01901400000000001
-0.018501000000000004
-0.02015399999999999
-0.02230800000000001
-0.019712000000000007
-0.019517000000000003
-0.017769000000000004
-0.02052
-0.022824000000000004
-0.01946900000000001
-0.02280099999999998
-0.017218000000000004
-0.02015800000000002
-0.019603000000000016
-0.018948999999999994
-0.022453999999999995
-0.01939899999999999
-0.019635000000000007
-0.019703999999999996
-0.020762000000000003
-0.022487999999999984
-0.023378000000000003
-0.021489000000000015
-0.01947500000000002
-0.023221999999999996
-0.02263100000000001
-0.021051999999999977
-0.019948000000000035
-0.022002000000000008
-0.01976900000000003
-0.021311999999999998
-0.023303999999999967
-0.019754000000000004
-0.01917400000000002
-0.02013100000000003
-0.018425000000000018
-0.019386999999999998
-0.020913000000000005
-0.021314000000000003
-0.022634999999999995
-0.020444000000000004
-0.022223999999999987
-0.021085999999999987
-0.02083900000000001
-0.019700000000000013
-0.019740000000000008
-0.021065999999999994
-0.01791199999999999
-0.022992
-0.02040000000000001
-0.019455000000000024
-0.020302999999999995
-0.024095999999999996
-0.02144900000000001
-0.018381
-0.023161000000000005
-0.022486999999999972
-0.024488999999999983
-0.02027100000000001
-0.017176999999999994
-0.02105299999999999
-0.01988799999999998
-0.022940000000000012
-0.020256000000000017
-0.021250999999999975
-0.019873000000000005
-0.02586799999999997
-0.019756999999999997
-0.018708999999999993
-0.023756999999999986
-0.01847500000000001
-0.019443000000000002
-0.02089299999999998
-0.020299999999999988
-0.017613
-0.021138000000000004
-0.019808000000000003
-0.018663000000000003
-0.021148999999999998
-0.018278000000000023
-0.019655000000000034
-0.020429000000000024
-0.02196999999999997
-0.017648000000000014
-0.020508999999999993
-0.018757000000000003
-0.022435999999999994
-0.020926
-0.022900000000000018
-0.020821999999999997
-0.021547999999999994
-0.022208000000000002
-0.02130500000000002
-0.01776700000000001
-0.022783999999999992
-0.020874000000000014
-0.020998
-0.021033999999999976
-0.019801000000000023
-0.018181000000000017
-0.020437999999999994
-0.017252000000000007
-0.019055000000000023
-0.019389000000000014
-0.020116999999999996
-0.022701999999999993
-0.02114699999999999
-0.019623999999999992
-0.020551999999999994
-0.018748999999999988
-0.021252999999999994
-0.019226
-0.019226000000000014
-0.02047599999999999
-0.022854999999999993
-0.021441999999999985
-0.017390000000000027
-0.020986999999999995
-0.017686000000000014
-0.021937999999999992
-0.026462000000000006
-0.022732999999999982
-0.020856999999999987
-0.020754999999999985
-0.021054000000000014
-0.022318000000000008
-0.01926200000000003
-0.02345399999999999
-0.017180000000000018
-0.02025500000000001
-0.019081000000000018
-0.019696000000000005
-0.01942300000000001
-0.019611000000000014
-0.019517000000000003
-0.021083000000000015
-0.020852999999999976
-0.018938000000000014
-0.018538
-0.01989900000000001
-0.020711999999999987
-0.019366000000000005
-0.019317000000000008
-0.018468000000000005
-0.019773000000000027
-0.01930000000000001
-0.022019999999999998
-0.019493999999999994
-0.017856000000000007
-0.02194599999999998
-0.01866600000000001
-0.019580999999999994
-0.02183999999999999
-0.01773400000000001
-0.018947000000000012
-0.018228000000000008
-0.02162599999999999
-0.019443999999999993
-0.01870000000000002
-0.019863000000000006
-0.020870000000000003
-0.017679000000000007
-0.02036500000000002
-0.018127000000000018
-0.018209000000000013
-0.021831
-0.020763000000000004
-0.018926000000000012
-0.018212999999999986
-0.018277999999999996
-0.017029999999999993
-0.020094000000000018
-0.01968900000000001
-0.018074
-0.019669000000000013
-0.017433000000000025
-0.021093000000000004
-0.01893799999999998
-0.01968400000000001
-0.018629999999999994
-0.02097499999999999
-0.018514000000000017
-0.017826000000000015
-0.017849000000000007
-0.018640999999999963
-0.020625999999999974
-0.019417999999999973
-0.019246000000000013
-0.019829
-0.018956
-0.018275000000000013
-0.018160999999999997
-0.01883399999999998
-0.01817000000000002
-0.019610999999999996
-0.018163000000000006
-0.019154000000000025
-0.018304999999999984
-0.019589000000000013
-0.02078599999999999
-0.01791100000000001
-0.01982899999999999
-0.01614699999999999
-0.019157000000000004
-0.019577000000000032
-0.01805500000000002
-0.017749000000000036
-0.016063
-0.016677999999999974
-0.017338000000000006
-0.018333999999999996
-0.017447999999999974
-0.016030000000000003
-0.018035999999999962
-0.015775000000000004
-0.01817800000000003
-0.016688000000000005
-0.017480999999999983
-0.01756800000000001
-0.01835400000000001
-0.015127000000000003
-0.017082999999999997
-0.01596800000000001
-0.018033000000000014
-0.016630999999999976
-0.017164999999999982
-0.019161000000000025
-0.016537000000000007
-0.018993000000000034
-0.016957000000000003
-0.016019000000000005
-0.01648800000000002
-0.020394000000000023
-0.015051000000000005
-0.017006999999999998
-0.017590000000000026
-0.018385000000000002
-0.018124000000000005
-0.017125000000000012
-0.019183999999999965
-0.01779800000000001
-0.01771199999999996
-0.016612999999999982
-0.018065999999999954
-0.016694999999999995
-0.016560999999999996
-0.016825999999999994
-0.01907699999999999
-0.017439000000000024
-0.02092600000000002
-0.01641600000000001
-0.018664000000000017
-0.01830900000000002
-0.017773000000000032
-0.017886000000000006
-0.01837000000000003
-0.017319
-0.015597999999999994
-0.017254999999999996
-0.01660500000000001
-0.015749000000000003
-0.017883000000000007
-0.018349999999999984
-0.018666000000000023
-0.01680800000000002
-0.017401999999999994
-0.01777700000000002
-0.020366999999999996
-0.01874700000000001
-0.017611000000000012
-0.018276000000000008
-0.01729399999999999
-0.016119
-0.018952000000000014
-0.018832000000000015
-0.018113000000000015
-0.017576000000000012
-0.017974000000000004
-0.017893000000000017
-0.019931000000000008
-0.015674000000000014
-0.017527999999999988
-0.019262000000000015
-0.017571999999999973
-0.01798599999999999
-0.018851999999999994
-0.016778000000000015
-0.018409000000000012
-0.01659400000000002
-0.016610000000000007
-0.018203000000000007
-0.016673999999999998
-0.019785000000000018
-0.016651
-0.01605200000000002
-0.01751300000000001
-0.018511000000000014
-0.016680000000000007
-0.017636999999999983
-0.019565000000000016
-0.018291000000000005
-0.016216000000000032
-0.016081999999999992
-0.018517000000000006
-0.01798800000000001
-0.018510000000000013
-0.017706999999999987
-0.018034000000000005
-0.016071000000000002
-0.018130999999999994
-0.01771599999999999
-0.017536000000000017
-0.016879000000000012
-0.018254000000000017
-0.018113000000000015
-0.019021000000000014
-0.017641000000000004
-0.016691
-0.016275000000000005
-0.020520000000000017
-0.018259999999999995
-0.017723999999999965
-0.01830199999999999
-0.018961
-0.01720599999999998
-0.014525999999999994
-0.019178000000000014
-0.01650299999999998
-0.018406999999999986
-0.01624899999999997
-0.01783400000000001
-0.018355000000000014
-0.017991999999999984
-0.019325000000000016
-0.018779999999999977
-0.018247999999999993
-0.018986000000000017
-0.020293000000000016
-0.016262999999999996
-0.021462999999999996
-0.018459999999999997
-0.02069700000000002
-0.016561999999999993
-0.018295000000000023
-0.01777099999999998
-0.019672000000000002
-0.01803599999999998
-0.02015
-0.01844299999999999
-0.018813000000000007
-0.017341000000000002
-0.020224000000000016
-0.015523999999999993
-0.01872000000000001
-0.019455
-0.02133700000000002
-0.019209
-0.017970999999999994
-0.019596000000000002
-0.020475000000000035
-0.01611899999999999
-0.017279000000000003
-0.017388000000000008
-0.016817999999999996
-0.017584
-0.019704000000000006
-0.01823600000000001
-0.016265999999999982
-0.015978999999999986
-0.017705999999999993
-0.016222000000000004
-0.01956200000000001
-0.018988
-0.02067000000000001
-0.017375
-0.02030300000000002
-0.01670000000000001
-0.01804700000000001
-0.017833999999999992
-0.01828799999999999
-0.01859699999999997
-0.016064000000000005
-0.018810999999999994
-0.022347000000000016
-0.020082000000000003
-0.01829100000000002
-0.021541000000000008
-0.01815900000000001
-0.019431999999999998
-0.015908000000000012
-0.019454000000000013
-0.018465999999999986
-0.019735999999999997
-0.01920700000000002
-0.018170000000000002
-0.019499000000000016
-0.020352000000000037
-0.020361999999999974
-0.016834000000000005
-0.017702999999999993
-0.01698900000000002
-0.018935999999999977
-0.017534000000000015
-0.018225999999999992
-0.018065999999999985
-0.02064300000000003
-0.019645999999999993
-0.01587400000000001
-0.01913099999999998
-0.017222
-0.016661
-0.019734000000000005
-0.020512000000000034
-0.018061000000000004
-0.01996900000000002
-0.020468
-0.022432000000000018
-0.019858000000000008
-0.021103999999999994
-0.018369000000000017
-0.021372999999999996
-0.019246999999999986
-0.017378000000000005
-0.020730000000000016
-0.018480999999999987
-0.016885999999999995
-0.018222
-0.014710999999999995
-0.01721099999999999
-0.018295000000000006
-0.019065000000000023
-0.017296000000000006
-0.018587000000000013
-0.02314700000000002
-0.01973099999999998
-0.017875000000000005
-0.01841600000000002
-0.019573999999999994
-0.020271000000000025
-0.02044000000000002
-0.01765800000000001
-0.01958600000000001
-0.01989400000000001
-0.017686000000000014
-0.02073400000000002
-0.018528999999999997
-0.021068999999999997
-0.020289999999999968
-0.017617000000000004
-0.01886
-0.02205900000000001
-0.020651000000000024
-0.018735
-0.018289999999999994
-0.01765400000000001
-0.020076999999999998
-0.01966899999999997
-0.01881899999999999
-0.01675400000000001
-0.01866499999999999
-0.016645000000000028
-0.015920000000000028
-0.01694800000000001
-0.01941499999999999
-0.017081000000000006
-0.016879999999999996
-0.016418000000000006
-0.015851999999999995
-0.015321000000000019
-0.019423999999999966
-0.017828000000000007
-0.015708
-0.019707000000000013
-0.01510599999999999
-0.017834999999999993
-0.017083999999999985
-0.014471999999999994
-0.015519000000000003
-0.015611999999999987
-0.015909999999999994
-0.016176999999999993
-0.016210999999999986
-0.01708999999999998
-0.01639300000000001
-0.015267999999999992
-0.015282000000000006
-0.014930000000000008
-0.01951499999999997
-0.014644000000000015
-0.015889000000000004
-0.01419900000000001
-0.014872999999999977
-0.015673
-0.015050000000000003
-0.01552399999999999
-0.016482999999999998
-0.015077999999999998
-0.017068000000000007
-0.01522399999999999
-0.015855000000000005
-0.015778999999999998
-0.016004999999999974
-0.014328000000000002
-0.013571999999999992
-0.013379999999999998
-0.012520999999999994
-0.013772000000000008
-0.011536999999999997
-0.01185199999999999
-0.014737000000000004
-0.010969999999999995
-0.01428500000000002
-0.014237000000000017
-0.013646000000000007
-0.014850999999999986
-0.013947
-0.013667999999999998
-0.011239999999999991
-0.013165000000000007
-0.011303000000000004
-0.013891999999999998
-0.012813000000000005
-0.013505999999999997
-0.01227499999999999
-0.012307999999999996
-0.013010000000000006
-0.00983699999999999
-0.012461999999999997
-0.012485999999999994
-0.013918000000000007
-0.01038699999999998
-0.014591999999999994
-0.013777000000000005
-0.014820000000000014
-0.011329999999999995
-0.013374000000000004
-0.011520000000000006
-0.01267299999999998
-0.013459999999999995
-0.011514999999999997
-0.013429999999999997
-0.010932000000000013
-0.011494000000000002
-0.014160000000000008
-0.014467999999999995
-0.011499000000000011
-0.011621999999999999
-0.011587999999999996
-0.013346999999999989
-0.012841000000000002
-0.011008000000000002
-0.012881000000000004
-0.009730000000000006
-0.013646999999999982
-0.011756000000000003
-0.01380500000000001
-0.012545999999999995
-0.009896999999999991
-0.010402000000000002
-0.012163000000000002
-0.012226999999999995
-0.012473000000000001
-0.011325000000000003
-0.010542999999999992
-0.01249799999999999
-0.011836000000000008
-0.00896899999999999
-0.006922000000000005
-0.010287000000000025
-0.008600000000000009
-0.00805599999999998
-0.009726999999999993
-0.008491000000000002
-0.006872000000000003
-0.008601000000000004
-0.013234999999999997
-0.011283999999999995
-0.007957
-0.008160000000000004
-0.007802000000000005
-0.00916299999999999
-0.010549999999999986
-0.009311999999999996
-0.011340999999999993
-0.012394999999999991
-0.010508999999999998
-0.010579999999999989
-0.010850999999999996
-0.012155
-0.014669000000000003
-0.014041000000000012
-0.010951000000000002
-0.010527000000000003
-0.009519
-0.012015999999999992
-0.012124999999999973
-0.009895999999999992
-0.009543999999999993
-0.010217999999999998
-0.0076359999999999996
-0.009528999999999992
-0.008574999999999989
-0.011255999999999983
-0.009810999999999988
-0.007414000000000001
-0.008594000000000003
-0.010100999999999994
-0.010556999999999999
-0.008042000000000006
-0.009851999999999993
-0.011498000000000026
-0.009414
-0.007468999999999997
-0.01168899999999999
-0.010381999999999997
-0.0064040000000000095
-0.012181999999999988
-0.008986999999999997
-0.012883999999999984
-0.01212299999999999
-0.009594
-0.007383000000000004
-0.015334000000000004
-0.008654000000000002
-0.010859999999999984
-0.009996999999999997
-0.013293999999999986
-0.008861999999999997
-0.007250000000000007
-0.007016000000000007
-0.011829999999999986
-0.009465999999999997
-0.0072930000000000035
-0.009853000000000002
-0.012934999999999985
-0.01235899999999999
-0.012608999999999988
-0.010406999999999991
-0.008310000000000005
-0.015322000000000002
-0.011574999999999992
-0.012069999999999992
-0.010974999999999988
-0.012992999999999989
-0.00884399999999998
-0.008048000000000003
-0.012640999999999989
-0.009713999999999999
-0.008078000000000004
-0.005973000000000007
-0.007604000000000012
-0.007464000000000005
-0.013776000000000002
-0.012984999999999984
-0.00913500000000001
-0.008355000000000007
-0.012604999999999993
-0.005728000000000013
-0.015706000000000005
-0.005536000000000011
-0.008985000000000002
-0.009790999999999998
-0.011847999999999989
-0.013773999999999993
-0.007719000000000004
-0.013214000000000004
-0.011240999999999998
-0.006693000000000012
-0.013755999999999992
-0.01257099999999999
-0.01263099999999999
-0.009771
-0.009622999999999994
-0.010560999999999994
-0.009334999999999996
-0.008602000000000005
-0.007484000000000009
-0.010324000000000003
-0.01219899999999999
-0.008907000000000007
-0.005413000000000014
-0.008916000000000009
-0.01058899999999999
-0.008025000000000011
-0.008688999999999995
-0.009312999999999988
-0.00932399999999999
-0.009997
