0.011707279999999995
0.03145644
0.04596699999999999
0.05856291999999999
0.06420735999999999
0.06724692000000002
0.07393092000000002
0.07809756000000002
0.08166688000000003
0.08221148000000002
0.0871932
0.08709347999999999
0.08997471999999998
0.09508407999999999
0.09939248
0.10058555999999999
0.10082187999999999
0.10211535999999997
0.10306552
0.10230348000000002
0.10590532000000001
0.10541916000000003
0.10931304000000001
0.10795867999999999
0.1093246
0.11148287999999999
0.11220675999999997
0.11149883999999999
0.11058463999999998
0.10983391999999995
0.11191563999999998
0.11325359999999997
0.11381235999999996
0.11420303999999998
0.11361971999999997
0.11435059999999997
0.11607991999999998
0.11878775999999998
0.11833376
0.12126663999999997
0.12062191999999998
0.12417915999999994
0.12549575999999998
0.12397507999999996
0.12282515999999993
0.12423907999999993
0.12667531999999995
0.12544339999999993
0.12800207999999993
0.12784815999999993
0.12898455999999997
0.12884023999999997
0.12865751999999994
0.12930307999999996
0.12934627999999995
0.12925143999999994
0.13107147999999996
0.12924479999999997
0.13217043999999994
0.13156575999999995
0.13126815999999997
0.13262003999999997
0.13130095999999994
0.13227915999999992
0.13165095999999996
0.13254827999999996
0.13539631999999996
0.13527199999999995
0.13436291999999997
0.13712535999999997
0.13665643999999996
0.13783099999999993
0.13624759999999994
0.13853115999999996
0.13740059999999993
0.14044999999999994
0.14118791999999994
0.13954647999999995
0.14187691999999996
0.14006379999999996
0.14165179999999997
0.14011507999999995
0.14188811999999995
0.14199047999999995
0.14031271999999995
0.14183431999999996
0.14154279999999994
0.14362639999999996
0.14360463999999992
0.14198319999999995
0.14182555999999996
0.14274471999999996
0.14287963999999997
0.14278271999999995
0.14404991999999994
0.14453895999999997
0.14305983999999997
0.14427315999999996
0.14278499999999997
0.14552451999999996
0.14463423999999997
0.14699372
0.14634835999999996
0.14585567999999996
0.14522612
0.14656223999999995
0.14606295999999994
0.14497955999999998
0.14971471999999994
0.14756175999999996
0.14941899999999994
0.14915131999999995
0.14880399999999996
0.15065027999999997
0.14949256
0.14980103999999997
0.14754443999999997
0.14863324
0.15103176
0.15146512
0.14997727999999996
0.15101119999999998
0.14931408
0.14946204
0.15317195999999997
0.15082131999999998
0.15359095999999994
0.15517483999999993
0.15390707999999997
0.15479759999999998
0.15311132
0.1525938
0.15481163999999997
0.15643039999999994
0.15411
0.15356412
0.15467527999999997
0.15500195999999997
0.15382927999999998
0.15531899999999996
0.15361612
0.15416412
0.15597039999999995
0.15420412
0.15389915999999998
0.15196575999999998
0.15418155999999994
0.15412531999999995
0.15584111999999997
0.15447595999999997
0.15395563999999995
0.15359703999999996
0.15351172
0.15517303999999993
0.15282551999999996
0.15593935999999994
0.15771923999999996
0.15833875999999997
0.15761843999999994
0.15717343999999994
0.15630883999999995
0.15738139999999995
0.15678219999999995
0.15870191999999997
0.15941843999999997
0.15941939999999996
0.15912011999999995
0.16014627999999997
0.15934832
0.15940588
0.15980351999999998
0.15978536
0.1598566
0.1593006
0.16144587999999999
0.15873552
0.15931863999999998
0.15890587999999997
0.15986587999999996
0.15927576
0.1615236
0.15821587999999998
0.15755692
0.16084408
0.16059963999999996
0.16129483999999997
0.15982143999999995
0.1614734
0.16058879999999998
0.16043716000000002
0.15920963999999999
0.16081015999999998
0.16296027999999999
0.16164515999999998
0.15949895999999997
0.16006852
0.16129459999999998
0.16193848000000002
0.15995428
0.1601802
0.16194983999999998
0.16035719999999998
0.16259295999999998
0.16146287999999998
0.1603124
0.15942968
0.16262612
0.16115503999999997
0.16286035999999998
0.16349360000000002
0.16433400000000004
0.16378808
0.16340508
0.16219376
0.16359512
0.16589116000000004
0.16564684000000005
0.16441860000000003
0.16461979999999998
0.16268488
0.16471068
0.16571784
0.16270700000000002
0.16363216000000003
0.16446600000000008
0.16350996
0.1657682
0.16513676
0.16492716000000002
0.16419087999999998
0.16469668
0.16733248
0.16486500000000004
0.16556616000000002
0.16675128000000006
0.16513792000000002
0.16480888
0.16378748
0.1666666
0.165604
0.16362052000000002
0.16559952
0.16517800000000002
0.16582708000000002
0.16602420000000007
0.16608500000000004
0.16607196000000002
0.16555048
0.16769615999999996
0.16497156000000002
0.16783076000000008
0.16539299999999998
0.16497280000000003
0.16515652
0.16446492000000001
0.16599443999999994
0.165474
0.16663340000000001
0.16641696
0.16705304
0.16587143999999998
0.16639916000000002
0.16530704
0.16707204
0.167292
0.16566456000000002
0.16786864
0.16685636000000004
0.16673731999999997
0.1680176
0.16463004
0.16540656
0.16747308000000005
0.16774048
0.16771308000000001
0.16681384
0.1674002
0.1675228
0.16753444
0.16817435999999997
0.16852348000000003
0.16766448
0.16908092
0.16893004
0.1703414
0.17002528000000003
0.17023172000000003
0.17279976000000002
0.17117752000000003
0.17257139999999999
0.17163491999999994
0.17217020000000002
0.17365975999999994
0.17336239999999992
0.17406
0.17431699999999994
0.17468335999999993
0.17513256
0.17288411999999997
0.17258623999999995
0.17287319999999998
0.17572847999999996
0.17336879999999993
0.17500575999999995
0.17607675999999994
0.17468071999999993
0.17430295999999987
0.17441419999999994
0.1746574399999999
0.17474251999999993
0.17374031999999992
0.17515599999999992
0.1751971999999999
0.17331043999999993
0.1756898799999999
0.17735787999999988
0.17538323999999988
0.17623743999999994
0.17623379999999994
0.1785929199999999
0.17542787999999995
0.1771473199999999
0.17907115999999992
0.17656555999999984
0.17603675999999996
0.1762893199999999
0.1787696799999999
0.17884867999999993
0.18050819999999984
0.1794301199999999
0.1792746799999999
0.17727707999999986
0.17895483999999992
0.1807329999999999
0.1802489199999999
0.17836935999999987
0.17746599999999987
0.17763787999999983
0.18090623999999983
0.18344359999999987
0.18083391999999987
0.17995119999999992
0.18152115999999993
0.18063131999999985
0.18123259999999988
0.1805942399999999
0.17970751999999987
0.1788531599999999
0.18019143999999987
0.17943123999999988
0.18065059999999988
0.17973583999999987
0.1795464399999998
0.1805434399999999
0.18117031999999988
0.1807592399999999
0.18070823999999988
0.17972635999999986
0.17925747999999989
0.18190751999999988
0.18057371999999985
0.18339463999999986
0.18011555999999987
0.17891395999999987
0.18100279999999988
0.18170023999999987
0.1805126399999998
0.18036439999999992
0.18065847999999987
0.1811925599999999
0.1807912399999999
0.18135691999999984
0.1816445199999999
0.17928995999999986
0.18223691999999989
0.18063715999999988
0.18145251999999992
0.17982267999999985
0.18210551999999983
0.18206627999999983
0.18254699999999993
0.1818317999999999
0.1804599999999999
0.18087923999999986
0.18072163999999988
0.17958939999999982
0.18133687999999984
0.18113071999999988
0.18151655999999988
0.18097219999999986
0.1802381199999999
0.18232019999999985
0.1814368399999999
0.17999099999999987
0.18251651999999993
0.18090039999999988
0.18042051999999992
0.18175775999999985
0.18126903999999985
0.18184223999999985
0.18186759999999985
0.18088167999999985
0.18224923999999984
0.18326843999999995
0.18181063999999988
0.1813494399999999
0.1815471599999999
0.18246547999999987
0.1811055199999999
0.1814229599999999
0.18208647999999988
0.18314699999999992
0.18286695999999988
0.1822717599999999
0.18237723999999989
0.17985755999999992
0.18186487999999992
0.1816092799999999
0.18121379999999992
0.18285235999999988
0.1805384399999999
0.18246663999999987
0.1824389999999999
0.18303147999999986
0.18312463999999987
0.18214475999999988
0.18134863999999992
0.18274443999999992
0.1816983599999999
0.18206235999999998
0.18247467999999992
0.1818357999999999
0.18215875999999986
0.18137111999999994
0.1826086399999999
0.1825035599999999
0.1831871999999999
0.1835663599999999
0.1831821599999999
0.18191343999999993
0.1813527999999999
0.18221871999999992
0.18372295999999988
0.1819868799999999
0.18297179999999993
0.18257991999999987
0.18299391999999984
0.18168179999999992
0.18307875999999992
0.1829637599999999
0.1849506799999999
0.18410211999999995
0.1825715999999999
0.1830146399999999
0.18383527999999993
0.1821018399999999
0.18186455999999995
0.18362919999999996
0.18267875999999994
0.18169355999999992
0.18261847999999994
0.1829521599999999
0.18273259999999994
0.18260131999999987
0.1842949599999999
0.18223367999999987
0.18381851999999987
0.18335535999999986
0.18508507999999985
0.18156127999999988
0.18335783999999997
0.18288411999999987
0.18264411999999994
0.1809456399999999
0.18218575999999992
0.1838373199999999
0.1834740399999999
0.1834143599999999
0.18419935999999995
0.18300723999999985
0.1826927999999999
0.1834354799999999
0.1840199999999999
0.1831271199999999
0.18362179999999984
0.1800705599999999
0.18460939999999987
0.18411127999999988
0.18238271999999991
0.18327287999999992
0.1823640399999999
0.18232779999999987
0.1845891599999999
0.1830995999999999
0.1839645999999999
0.18089983999999987
0.1832691999999999
0.1838032799999999
0.1821943199999999
0.1841604399999999
0.1837343199999999
0.18290571999999986
0.1841537999999999
0.1819923999999999
0.18364875999999988
0.18619663999999989
0.18406963999999987
0.1825767999999999
0.1842675599999999
0.18369023999999992
0.18446811999999987
0.1845661599999999
0.18258651999999986
0.18350495999999988
0.18300579999999994
0.1821275599999999
0.1829639199999999
0.18234795999999992
0.18246607999999992
0.18345639999999994
0.18480355999999987
0.18177227999999993
0.18341067999999994
0.18536611999999988
0.18431519999999987
0.18435243999999987
0.18309055999999987
0.18168327999999992
0.18433871999999993
0.18326191999999986
0.18359643999999986
0.18355011999999987
0.18242731999999992
0.18126523999999986
0.18074527999999987
0.1832161199999999
0.1841305199999999
0.18387319999999996
0.18364139999999993
0.18371531999999988
0.1843267199999999
0.18428255999999987
0.18221395999999992
0.18273939999999989
0.1828802799999999
0.18483387999999984
0.18316979999999985
0.18446647999999988
0.1832717599999999
0.18331699999999987
0.18414087999999992
0.1842733999999999
0.18254767999999988
0.18287991999999992
0.1842583599999999
0.1835732799999999
0.18417167999999987
0.18317475999999988
0.18342099999999995
0.18485843999999985
0.18384211999999991
0.1846925999999999
0.18419783999999986
0.18509643999999986
0.18361003999999992
0.18427663999999994
0.1809775999999999
0.18269763999999988
0.1860461999999999
0.18417467999999984
0.18393407999999994
0.1838259199999999
0.1856417199999999
0.1833733999999999
0.18639375999999988
0.1851048799999999
0.18415831999999988
0.18348871999999994
0.1842625199999999
0.18375063999999988
0.18586971999999993
0.18380963999999989
0.18376183999999987
0.18443659999999987
0.1829865199999999
0.18137347999999992
0.18334183999999987
0.18521135999999988
0.1833833999999999
0.1851504799999999
0.18513699999999988
0.1833889199999999
0.18479919999999994
0.18400371999999987
0.18380423999999984
0.18477351999999989
0.1849326799999999
0.18357635999999988
0.18541955999999993
0.18445503999999993
0.18423111999999991
0.18247739999999993
0.18437671999999997
0.18212747999999995
0.18435467999999997
0.18336307999999993
0.18499287999999986
0.18322171999999992
0.18407679999999987
0.18619151999999986
0.18484159999999988
0.1855254399999999
0.1843211199999999
0.1847070399999999
0.18506271999999985
0.1838328799999999
0.18585043999999987
0.1849315199999999
0.18343479999999993
0.1839542399999999
0.18640911999999987
0.18336019999999995
0.18248163999999992
0.18410983999999989
0.18385287999999989
0.18324215999999993
0.18473491999999983
0.1842916399999999
0.18544903999999987
0.18378627999999989
0.18563235999999989
0.18483139999999984
0.18436359999999982
0.18347027999999987
0.18394255999999992
0.18413791999999987
0.18553711999999986
0.1846484799999999
0.1846627199999999
0.18475283999999983
0.18520727999999986
0.18520731999999984
0.18559575999999986
0.18512527999999986
0.1858840399999999
0.18504919999999989
0.1842189599999999
0.18612911999999995
0.18444127999999987
0.18415103999999993
0.18417443999999986
0.18571895999999988
0.1846554399999999
0.18446419999999988
0.18391463999999988
0.18555331999999988
0.18395471999999985
0.18426643999999986
0.1847306799999999
0.18459951999999982
0.18363027999999992
0.18623763999999987
0.18524803999999992
0.18490607999999992
0.18502843999999988
0.1850725199999999
0.18582495999999984
0.18448555999999985
0.1844510399999999
0.18603203999999984
0.18471975999999987
0.1835778799999999
0.18635867999999992
0.18722987999999988
0.18357123999999989
0.18403899999999987
0.18572755999999987
0.1848381599999999
0.18676227999999986
0.18517983999999987
0.18513191999999992
0.1872021999999999
0.18784343999999986
0.18672683999999987
0.18583395999999985
0.18477295999999985
0.18802411999999985
0.18650475999999988
0.1867079599999998
0.1861880799999998
0.18591355999999987
0.18877519999999987
0.1876590799999999
0.18700743999999986
0.18777067999999988
0.18678559999999986
0.18518827999999987
0.1863986399999999
0.18623819999999988
0.18607111999999987
0.18634259999999986
0.18570847999999995
0.1860618799999999
0.18676455999999983
0.18714551999999987
0.18779371999999983
0.18607423999999986
0.18870703999999988
0.1863994799999999
0.18660147999999988
0.18829615999999988
0.18785375999999984
0.18692651999999985
0.18665247999999987
0.18711843999999986
0.18841399999999986
0.18828603999999988
0.1869928399999999
0.1880833599999999
0.18872827999999983
0.18865535999999988
0.18801539999999992
0.18949875999999982
0.18723455999999988
0.18763719999999984
0.1884832799999998
0.18768507999999987
0.18782919999999984
0.18781931999999987
0.18997639999999985
0.18850867999999985
0.1892681599999999
0.18941427999999985
0.18883215999999986
0.18877263999999985
0.18792159999999988
0.18645135999999984
0.1889335599999999
0.18542079999999989
0.18851123999999986
0.18841159999999987
0.18730455999999981
0.18898403999999988
0.1883733999999999
0.18831775999999983
0.19023039999999983
0.18860015999999988
0.1878694799999999
0.18763711999999988
0.18920575999999983
0.18825339999999988
0.18924803999999987
0.18919219999999992
0.18891039999999987
0.19177787999999985
0.18958891999999988
0.1887348799999999
0.18999311999999985
0.1894164399999999
0.18932075999999987
0.1906253999999999
0.19228639999999986
0.19086787999999985
0.19142599999999985
0.18993511999999985
0.18827431999999988
0.19136079999999986
0.19086567999999984
0.1886689199999999
0.18969807999999985
0.18849491999999987
0.18876631999999988
0.18833919999999987
0.1917305999999998
0.19004607999999987
0.1900782399999999
0.19096763999999988
0.1909572399999999
0.18893347999999988
0.19063895999999983
0.18967719999999985
0.1896607599999999
0.18946623999999987
0.19034811999999993
0.1883399199999998
0.1907655599999999
0.18957247999999993
0.1891929999999999
0.18971891999999982
0.19021463999999988
0.19095807999999984
0.19110527999999985
0.19237483999999988
0.18976487999999986
0.19253375999999986
0.19043919999999986
0.1928373599999999
0.18997947999999987
0.19138975999999985
0.1891759199999998
0.19073247999999984
0.18951799999999985
0.19185083999999983
0.19029811999999985
0.19075343999999983
0.18952731999999986
0.19119243999999985
0.19065791999999984
0.19184271999999988
0.19192983999999985
0.19115463999999982
0.19029543999999984
0.19145623999999986
0.19080275999999985
0.19005111999999985
0.19100375999999983
0.1892256799999998
0.19101687999999986
0.19189147999999986
0.19181967999999983
0.19005291999999988
0.1908709599999999
0.19122051999999987
0.19262371999999986
0.19016155999999987
0.18952663999999989
0.1918749599999998
0.1904356399999998
0.1911361999999999
0.19249143999999987
0.19145535999999988
0.19097419999999984
0.19012747999999985
0.1898140399999999
0.19093715999999986
0.19145139999999988
0.19199879999999986
0.18977527999999988
0.19074083999999988
0.19133415999999984
0.1900444799999999
0.19116323999999985
0.19029495999999987
0.19052059999999987
0.19116939999999985
0.19430047999999986
0.19100491999999977
0.19146399999999986
0.19183107999999988
0.19129179999999987
0.19141727999999986
0.19091631999999986
0.19039935999999988
0.19243875999999985
0.19289763999999984
0.1917059199999998
0.19228427999999984
0.19258747999999984
0.19314091999999985
0.19509247999999982
0.19141827999999986
0.19111563999999984
0.1934118799999998
0.1906870399999999
0.19203963999999993
0.19265867999999983
0.1911970799999999
0.19307079999999988
0.19156383999999985
0.19092811999999984
0.19016699999999986
0.19154191999999984
0.19350283999999987
0.19372183999999978
0.19152127999999988
0.19388811999999983
0.19148483999999982
0.19165195999999987
0.19184555999999986
0.19018507999999987
0.1911717199999999
0.1900962399999999
0.19061087999999984
0.19145683999999985
0.19079011999999987
0.19051999999999983
0.1925052799999999
0.19180859999999988
0.19397119999999984
0.19280879999999986
0.1908742799999999
0.19331355999999986
0.1942144799999998
0.19324955999999985
0.18980875999999988
0.19293183999999983
0.19337491999999987
0.19225751999999982
0.19317267999999982
0.19293187999999986
0.19314195999999983
0.19171699999999986
0.1921251599999999
0.18981443999999986
0.19194955999999982
0.19143083999999988
0.19208639999999985
0.19268383999999983
0.18953119999999984
0.19264887999999986
0.1927698799999999
0.1930511199999998
0.19298547999999982
0.19417611999999987
0.19230843999999983
0.19220883999999988
0.1914357599999999
0.19235843999999985
0.19446935999999979
0.19365915999999983
0.19156591999999986
0.19528011999999983
0.19286683999999985
0.19208459999999988
0.19288083999999983
0.19386383999999984
0.19396095999999985
0.19131187999999988
0.19238015999999983
0.19294363999999986
0.19214527999999984
0.1928074799999999
0.19307687999999984
0.1951974799999999
0.19286475999999986
0.19365379999999985
0.1927528399999999
0.19319251999999987
0.19150727999999984
0.19370247999999987
0.19412759999999987
0.19457083999999988
0.19370991999999987
0.19335919999999987
0.1930329199999998
0.19351411999999985
0.19367563999999984
0.19273467999999988
0.19351367999999985
0.19257991999999988
0.1929653999999998
0.19428119999999982
0.19235863999999986
0.1954222799999998
0.19358763999999987
0.19388687999999987
0.19214531999999984
0.1947211199999999
0.19264875999999986
0.19310527999999982
0.19396363999999985
0.19555291999999988
0.19264743999999986
0.19356195999999984
0.19356179999999984
0.19332879999999983
0.19240643999999985
0.1943167199999998
0.19357839999999985
0.19549167999999983
0.19331063999999987
0.19322435999999982
0.19493747999999983
0.19319023999999987
0.19446867999999987
0.19410367999999983
0.19232371999999984
0.19305643999999986
0.19234275999999986
0.19312023999999986
0.19286323999999982
0.1945713599999999
0.19339455999999985
0.19486919999999988
0.19414959999999984
0.19325215999999984
0.19258875999999986
0.19418079999999982
0.19376919999999984
0.19543051999999986
0.19339855999999983
0.19536235999999985
0.19456867999999986
0.19281207999999983
0.19566103999999984
0.19357795999999983
0.19471839999999982
0.19247915999999987
0.19467855999999983
0.19538111999999985
0.19223719999999986
0.19559363999999976
0.1942638399999998
0.19394343999999986
0.19472175999999983
0.19317819999999986
0.19249287999999987
0.19399495999999986
0.19296319999999986
0.19354263999999988
0.19364559999999983
0.19214111999999983
0.19591659999999983
0.19316047999999986
0.19394811999999984
0.1957940799999998
0.19438727999999983
0.19554167999999986
0.19344283999999984
0.19287975999999982
0.1950097599999998
0.19342711999999987
0.19471075999999987
0.19361883999999982
0.1940274799999998
0.19374359999999985
0.19266299999999986
0.1942489599999998
0.19240359999999984
0.19209015999999987
0.19430107999999988
0.1945311999999998
0.19223951999999986
0.19491755999999985
0.19245335999999985
0.1921178799999998
0.19357139999999987
0.1950794399999998
0.19374931999999986
0.1935142399999998
0.19496191999999982
0.19399151999999983
0.19457315999999986
0.19504743999999982
0.1929661199999998
0.19528715999999982
0.19411847999999984
0.19522191999999974
0.19365015999999982
0.19470343999999984
0.19459763999999982
0.1932763199999998
0.19353999999999985
0.19362567999999986
0.1960496799999998
0.19426363999999985
0.19362727999999982
0.19446719999999984
0.19502563999999978
0.1957094799999998
0.1947178399999998
0.1961871999999998
0.19488051999999978
0.19423219999999985
0.19354095999999985
0.19574431999999983
0.1954540799999998
0.1958112799999998
0.19509411999999984
0.19425195999999986
0.19417011999999986
0.19470115999999982
0.19557887999999984
0.19481727999999982
0.19688067999999984
0.19596219999999984
0.19469627999999983
0.19772003999999982
0.19417287999999988
0.19551743999999982
0.19646795999999983
0.19568567999999986
0.19697511999999986
0.19812767999999978
0.19532739999999987
0.1943061999999998
0.19654227999999982
0.19597503999999977
0.1971622399999998
0.1956781599999998
0.19692879999999985
0.1946815999999998
0.19644807999999983
0.19713379999999983
0.1965622799999998
0.19624167999999984
0.1968862799999998
0.19690067999999983
0.19614935999999983
0.19444075999999982
0.19766151999999987
0.19619119999999982
0.1968246799999999
0.1960934399999998
0.1973478399999998
0.19565043999999981
0.1984400799999998
0.19568647999999983
0.19859923999999984
0.19795995999999985
0.19627955999999983
0.1965729999999998
0.19487031999999985
0.19639355999999977
0.19740547999999983
0.1953639599999998
0.19669255999999982
0.1954749599999998
0.1966977599999998
0.19726903999999978
0.19582075999999987
0.19721755999999982
0.1958165999999998
0.19770967999999983
0.19581171999999986
0.19697275999999977
0.19771027999999977
0.1963377999999998
0.19745211999999981
0.1970378799999998
0.19713039999999973
0.19767639999999984
0.19582891999999982
0.19716287999999985
0.19697139999999982
0.1975261199999998
0.19780375999999983
0.1970649999999998
0.1985409199999998
0.19780083999999984
0.19767115999999985
0.1964446799999998
0.1981250799999998
0.1991767199999998
0.1979310399999998
0.19769883999999976
0.1968501599999998
0.19782707999999982
0.19745055999999972
0.1973775999999998
0.19684347999999974
0.19865391999999982
0.19836911999999982
0.19802859999999975
0.1968601599999998
0.1967937599999998
0.19877227999999977
0.19711863999999982
0.19679619999999978
0.19870375999999979
0.1972799999999998
0.1993467199999998
0.1969375599999998
0.1967635599999998
0.19753115999999982
0.1977753599999998
0.19784367999999983
0.19780347999999978
0.1992020399999998
0.19783591999999983
0.19799175999999982
0.19833151999999984
0.1978103599999998
0.19597131999999978
0.19849507999999982
0.19911943999999984
0.19945299999999977
0.20076671999999982
0.19833991999999978
0.1957765199999998
0.1969270399999998
0.19757847999999975
0.19669807999999978
0.19714163999999978
0.1956380399999998
0.19793495999999972
0.19830167999999979
0.19631839999999984
0.19699903999999982
0.19766619999999974
0.1987718399999998
0.19634223999999978
0.1969221199999998
0.19648207999999984
0.19547987999999983
0.1979376399999998
0.19722247999999976
0.1990693199999998
0.19671139999999984
0.19611367999999982
0.19810847999999978
0.1977250799999998
0.19771603999999982
0.19810995999999978
0.1974462399999998
0.1972577199999998
0.1973580399999998
0.19622175999999983
0.19677631999999978
0.19731267999999982
0.1987320399999998
0.19564051999999982
0.1960224399999998
0.19838471999999982
0.1980647199999998
0.1974105599999998
0.1976508399999998
0.1965506799999998
0.19615295999999982
0.19801347999999977
0.19471575999999977
0.1970338799999998
0.19842347999999976
0.19728791999999978
0.19821879999999983
0.19638687999999982
0.1971014399999998
0.1968048399999998
0.19753579999999982
0.1983147999999998
0.1972139999999998
0.1961747999999998
0.19629287999999978
0.2004299999999998
0.19769407999999977
0.19710323999999982
0.19725607999999972
0.1940274399999998
0.19740747999999977
0.19714971999999978
0.19866035999999979
0.19816203999999982
0.1984812799999998
0.1962694399999998
0.1976984799999998
0.19710155999999976
0.19758911999999978
0.19645775999999981
0.1967762799999998
0.19756779999999977
0.19884007999999984
0.19649347999999983
0.19869955999999978
0.19725919999999977
0.19773427999999982
0.1963098799999998
0.19894983999999977
0.19776655999999979
0.1981092399999998
0.19747103999999982
0.1974934799999998
0.1977313999999998
0.19691919999999982
0.1969515599999998
0.1974195199999998
0.19608003999999984
0.1974106399999998
0.1977542799999998
0.19471039999999978
0.19641739999999977
0.1971414399999998
0.19559255999999983
0.19631787999999978
0.1980892799999998
0.19843455999999982
0.1958155999999998
0.19941639999999977
0.1968856399999998
0.19735607999999977
0.19533159999999977
0.19576451999999978
0.19711019999999976
0.19783091999999974
0.19894895999999979
0.19618507999999973
0.19760175999999985
0.19773103999999983
0.19930311999999983
0.19944979999999976
0.19768567999999978
0.1971777999999998
0.1981709199999998
0.19772771999999986
0.19715635999999978
0.19719951999999977
0.19912315999999983
0.19743271999999984
0.19713911999999986
0.1982919199999998
0.1995226799999998
0.19819767999999982
0.19616475999999977
0.1973938399999998
0.19782399999999975
0.19708935999999974
0.19856971999999978
0.19919327999999978
0.19815735999999984
0.19697163999999978
0.1962961999999998
0.1979576399999998
0.19688395999999975
0.19684295999999982
0.19908135999999976
0.19780927999999978
0.19779931999999978
0.19638447999999983
0.1993738399999998
0.19636027999999978
0.19964787999999978
0.19523343999999976
0.19798983999999972
0.19719091999999974
0.19709287999999975
0.1987557599999998
0.19898855999999981
0.19850447999999987
0.19698883999999978
0.19794507999999975
0.1991536399999998
0.19738959999999978
0.19856547999999982
0.19721631999999978
0.1967420399999998
0.19902163999999978
0.1956353999999998
0.19796015999999977
0.19963067999999978
0.19856923999999979
0.19749219999999984
0.1985467999999998
0.19677815999999979
0.1990105999999998
0.19859699999999975
0.1977997599999998
0.19563819999999982
0.19939787999999975
0.19827931999999976
0.1989012399999998
0.19873347999999974
0.19940771999999982
0.19812763999999983
0.1971759599999998
0.1977690399999998
0.19843559999999982
0.19521111999999982
0.19698963999999983
0.19866459999999977
0.19681119999999974
0.1983097599999998
0.19761159999999983
0.1967776399999998
0.1984883599999998
0.1989063999999998
0.1971190399999998
0.1981779599999998
0.19858967999999977
0.1983589199999998
0.19920039999999983
0.1975631999999998
0.19758911999999978
0.19860567999999978
0.1985584399999998
0.1981681199999998
0.1958513999999998
0.19763923999999977
0.19930979999999976
0.1983738399999998
0.19895335999999983
0.19704567999999978
0.1966645999999998
0.19990955999999976
0.1967445199999998
0.1994585999999998
0.19716987999999977
0.19883183999999982
0.19860295999999977
0.1968833999999998
0.19760239999999973
0.19786271999999974
0.1966905999999998
0.1975422799999998
0.19723523999999976
0.1969923599999998
0.19847195999999984
0.19771963999999975
0.1979384799999998
0.19662659999999982
0.19878703999999978
0.19792643999999981
0.19893511999999977
0.19825479999999981
0.19875807999999975
0.1961964399999998
0.1986644799999998
0.19854915999999978
0.1995721199999998
0.1974563599999998
0.19827035999999978
0.19766583999999982
0.19839939999999973
0.19869811999999978
0.1976700399999998
0.1980023199999998
0.1984512399999998
0.1982567599999998
0.1977202799999998
0.19967663999999974
0.19966543999999975
0.19776763999999974
0.19767583999999974
0.1991535199999998
0.19777615999999976
0.20015391999999976
0.19853235999999974
0.1995014799999998
0.19962459999999976
0.1999169199999998
0.19787387999999984
0.19847599999999982
0.19788867999999968
0.19821975999999977
0.19929319999999975
0.1995344799999998
0.1991197199999998
0.1977799199999998
0.20019171999999982
0.1962453999999998
0.1997978799999998
0.19984159999999979
0.19862015999999977
0.19841899999999973
0.1972969999999998
0.19878727999999984
0.19819351999999976
0.19551027999999984
0.19799695999999975
0.1994331999999998
0.19800103999999982
0.19836883999999977
0.1977631199999998
0.1988291199999998
0.1984573599999998
0.19879959999999983
0.19801703999999978
0.1972435599999998
0.1989287599999998
0.19984691999999982
0.19720791999999981
0.1990117999999998
0.19700539999999978
0.19951091999999981
0.19819791999999978
0.19809343999999973
0.19843575999999977
0.1985788399999998
0.19728667999999983
0.1990821599999998
0.1981679999999998
0.19909019999999983
0.19931867999999983
0.19863475999999974
0.1990689999999998
0.19810255999999982
0.1999613999999998
0.19809375999999979
0.1989992799999998
0.1991651199999998
0.19835931999999978
0.1998439199999998
0.2015057999999998
0.1982189599999998
0.19760307999999985
0.19910379999999975
0.19966687999999977
0.1997457199999998
0.19969031999999984
0.1990499999999998
0.19837683999999978
0.2001072399999998
0.19836539999999978
0.2000894799999998
0.1997027599999998
0.19877551999999984
0.1982659199999998
0.19877319999999976
0.1993218399999998
0.19747243999999978
0.19960703999999982
0.19912339999999978
0.1983331999999998
0.1987251599999998
0.19768643999999985
0.19788299999999978
0.1978572399999998
0.19758043999999983
0.1968954399999998
0.1981151999999998
0.19907239999999982
0.19805451999999982
0.1984992799999998
0.19860399999999984
0.19855635999999982
0.19935367999999978
0.1997827199999998
0.19779831999999978
0.19825799999999977
0.1983285199999998
0.19999675999999983
0.19930547999999984
0.19807983999999984
0.20121867999999982
0.1972515599999998
0.19852415999999976
0.19694543999999986
0.1981965999999998
0.19727675999999986
0.19850623999999986
0.19778515999999982
0.19893719999999981
0.1988977999999998
0.19787763999999983
0.19769271999999982
0.19934651999999978
0.1993704799999999
0.1985297199999998
0.1971304399999998
0.20004147999999983
0.19814847999999985
0.1974965999999998
0.19956671999999984
0.19778319999999985
0.1980896399999998
0.1982503999999998
0.20112495999999982
0.1996255999999998
0.1998247999999998
0.1984611599999998
0.1993580799999998
0.1999649199999998
0.1983603599999998
0.19969479999999976
0.1992383599999998
0.20085667999999976
0.2006636799999998
0.1981320799999998
0.19841843999999983
0.19979775999999982
0.19941391999999983
0.1994217599999998
0.19952519999999982
0.20062471999999976
0.19976275999999982
0.2006420399999998
0.1986635599999998
0.1984140399999998
0.1980811199999998
0.20091599999999982
0.19990319999999973
0.1997009999999998
0.19956443999999987
0.19873187999999986
0.19887459999999982
0.19864835999999983
0.19830843999999978
0.19999871999999982
0.1992382399999998
0.1991107999999998
0.20014243999999984
0.19944331999999984
0.1995745599999998
0.2016590399999998
0.19889795999999982
0.1988921999999998
0.19952959999999983
0.2020213599999998
0.19950399999999985
0.20035003999999984
0.19937959999999982
0.2003745999999998
0.1996283599999998
0.2012595599999998
0.1974343599999998
0.2004376399999998
0.1998348399999998
0.20046887999999982
0.19811027999999978
0.1995250799999998
0.20164823999999976
0.19919611999999978
0.20062523999999984
0.20037423999999987
0.19937023999999984
0.19866915999999984
0.1998427199999998
0.20098323999999984
0.19901979999999977
0.19888787999999985
0.20049387999999982
0.2004703199999998
0.1998943599999998
0.19990031999999983
0.20118551999999984
0.19865235999999978
0.19918287999999984
0.19943491999999982
0.20154527999999985
0.19934315999999982
0.20051511999999982
0.19952135999999981
0.2013608399999998
0.1994603599999998
0.1985964799999998
0.19932135999999978
0.19942683999999983
0.20206563999999982
0.19962575999999982
0.20101251999999983
0.1991549999999998
0.19845495999999982
0.2008387599999998
0.19737319999999983
0.19919067999999984
0.2000718799999998
0.2013331599999998
0.19957027999999982
0.2016364399999998
0.19993603999999976
0.20029467999999984
0.20087263999999982
0.19930555999999977
0.2008622799999998
0.1986412399999998
0.20009783999999983
0.1998087599999998
0.19830747999999981
0.2026045599999998
0.2001839999999998
0.20086383999999982
0.19879747999999986
0.20010163999999983
0.19817015999999982
0.19929611999999985
0.20039355999999978
0.19910531999999978
0.2005782799999998
0.20001983999999978
0.20089187999999986
0.20020343999999976
0.20046507999999982
0.2016863999999998
0.20163207999999977
0.19990395999999983
0.19993911999999983
0.19975811999999984
0.20213555999999985
0.20058155999999983
0.20177999999999982
0.19994995999999982
0.20024863999999984
0.20120747999999986
0.19896587999999985
0.19994715999999982
0.2008688799999998
0.20021523999999985
0.19989399999999982
0.20041815999999982
0.20091515999999984
0.20129791999999985
0.1999542399999998
0.1998777999999998
0.1985131199999998
0.2002808799999998
0.20119775999999984
0.19942111999999987
0.20035383999999978
0.2007523999999998
0.1991500399999998
0.20055195999999978
0.20078251999999977
0.2020612799999998
0.20086223999999978
0.2026213199999998
0.20227151999999982
0.20073887999999981
0.20035887999999982
0.2012627999999998
0.2019507199999998
0.20118011999999982
0.20122959999999984
0.2014422799999998
0.2012822799999998
0.19960159999999985
0.20251167999999983
0.20153471999999983
0.20046347999999983
0.1993766799999998
0.20238695999999984
0.19939987999999978
0.2002526799999998
0.2008116399999998
0.20224583999999987
0.20012791999999988
0.19935191999999982
0.20098327999999976
0.2011635599999998
0.2030876799999998
0.2015384799999998
0.2041034399999998
0.2026871199999998
0.2031832399999998
0.20163367999999984
0.20337299999999986
0.20192875999999982
0.20187215999999983
0.20006671999999984
0.2015489199999998
0.2019576399999998
0.2012223199999998
0.2027756399999998
0.20207555999999982
0.20207039999999982
0.20266007999999985
0.2022582399999998
0.20183175999999978
0.2019078799999998
0.20157983999999982
0.20102935999999982
0.2017553999999998
0.20216879999999982
0.20189915999999983
0.2043978799999998
0.20520275999999982
0.20170835999999984
0.20264379999999982
0.2035607199999998
0.2025688399999998
0.20157479999999983
0.2033465599999998
0.20389787999999978
0.20176691999999977
0.20227071999999985
0.2005679199999998
0.2017467999999998
0.20185471999999982
0.20258135999999982
0.20363603999999985
0.2006065999999998
0.20223235999999983
0.2028597599999998
0.20193963999999984
0.20189347999999985
0.2012608399999998
0.20348639999999982
0.20211259999999978
0.20144911999999984
0.2058151199999998
0.2038441599999998
0.2023427599999998
0.20284791999999988
0.20354131999999986
0.20219507999999983
0.20294263999999984
0.20287071999999984
0.20192895999999982
0.20328159999999987
0.2020107199999998
0.20383191999999975
0.2032594799999998
0.20288699999999985
0.20217691999999982
0.20114771999999984
0.20385003999999987
0.20406879999999983
0.20411415999999985
0.20195651999999986
0.20240787999999987
0.20286903999999983
0.20220363999999982
0.20203659999999982
0.20178751999999978
0.2024682399999998
0.20285315999999987
0.20312135999999983
0.20175247999999982
0.20437835999999987
0.20289231999999985
0.20226419999999978
0.20138639999999977
0.20253539999999975
0.2031598799999998
0.20227003999999982
0.20411139999999983
0.2032171599999998
0.20290083999999978
0.20205207999999977
0.20383163999999984
0.20406859999999977
0.2025911199999998
0.20175283999999982
0.2033131999999998
0.2025059599999998
0.20521307999999983
0.20183503999999983
0.20594323999999986
0.20310435999999982
0.2024271599999998
0.20336791999999979
0.20351463999999977
0.20438259999999986
0.20224759999999978
0.20330483999999985
0.20154879999999983
0.2052117199999998
0.2019871599999998
0.20335439999999985
0.20237551999999984
0.20298343999999985
0.20386135999999985
0.20231391999999984
0.20414271999999983
0.20280799999999982
0.20356271999999978
0.20332855999999985
0.2031798799999998
0.2025957599999998
0.20350035999999982
0.20286879999999982
0.20316679999999981
0.20548311999999985
0.2040658399999998
0.20098559999999985
0.20324771999999977
0.20374923999999983
0.20229939999999982
0.20217039999999986
0.20273911999999988
0.20175579999999985
0.2021807999999998
0.20244311999999987
0.2019523999999998
0.20375827999999988
0.20352727999999978
0.20068535999999984
0.2022076799999998
0.2033199999999998
0.2041475999999998
0.2046726399999998
0.20374283999999981
0.20316475999999978
0.20204247999999983
0.20362847999999986
0.20291079999999984
0.2036921599999998
0.20376191999999982
0.20315783999999978
0.20297711999999982
0.20398007999999987
0.20486003999999983
0.20508723999999984
0.20471395999999983
0.20526103999999987
0.2030679999999998
0.20444679999999982
0.20474967999999977
0.20668799999999976
0.2034434799999998
0.20342379999999985
0.20273527999999977
0.20356915999999978
0.20488039999999977
0.20358479999999982
0.20273663999999983
0.2039125199999998
0.20374251999999982
0.20375335999999986
0.2047116399999998
0.2027689199999998
0.2049209199999998
0.20300179999999984
0.20294275999999986
0.2035975599999998
0.20230815999999982
0.20489511999999976
0.2046229199999998
0.20410371999999977
0.20361707999999987
0.2050655599999998
0.20408327999999984
0.20474743999999986
0.20543031999999983
0.2059189199999998
0.20314071999999977
0.20468923999999983
0.2042651199999998
0.2045706399999998
0.20577319999999982
0.20555463999999987
0.2051829599999998
0.20583855999999986
0.2039198399999998
0.20614711999999982
0.20471787999999985
0.2057723199999998
0.2047796799999998
0.20790119999999984
0.20379991999999983
0.2054695599999998
0.20411023999999983
0.20459739999999982
0.20503303999999983
0.20772291999999978
0.20496847999999987
0.2044911999999998
0.20472327999999984
0.20795083999999978
0.20877519999999983
0.20498291999999985
0.20568023999999985
0.20701195999999986
0.20728071999999984
0.20742947999999983
0.20501487999999982
0.2052183599999999
0.20647043999999984
0.20689315999999988
0.20809143999999985
0.20622879999999985
0.20629091999999985
0.20476555999999987
0.20611947999999988
0.20624479999999984
0.2064666399999999
0.20588699999999985
0.20503895999999983
0.20562099999999986
0.20553019999999983
0.20731095999999988
0.20549115999999984
0.20767299999999989
0.20753087999999983
0.20694195999999987
0.20712663999999986
0.20752419999999983
0.20783339999999983
0.2065882799999999
0.20708463999999985
0.20709255999999981
0.20679079999999986
0.20587911999999986
0.20699827999999987
0.20566171999999988
0.20704011999999986
0.2077616799999998
0.20639199999999985
0.20786463999999982
0.20681163999999985
0.20772755999999984
0.20780279999999984
0.20789323999999984
0.20733223999999983
0.20637863999999984
0.20761647999999988
0.20776179999999983
0.20774839999999986
0.2071571599999999
0.20733587999999992
0.20770787999999984
0.2058658399999998
0.20666355999999986
0.20933795999999988
0.20819687999999986
0.20757979999999981
0.20643995999999984
0.20722151999999983
0.20793011999999986
0.20823003999999978
0.20712887999999982
0.20834707999999982
0.20816283999999985
0.20551487999999984
0.2069445599999999
0.20831855999999982
0.20629895999999984
0.20825899999999983
0.20610903999999983
0.2055566799999998
0.20699619999999985
0.20775507999999984
0.20665775999999983
0.20820715999999984
