0.044359999999999976
0.06530000000000005
0.08402400000000002
0.08987999999999996
0.096264
0.09708399999999992
0.09940799999999998
0.09940799999999998
0.10543600000000002
0.10543600000000002
0.10973199999999995
0.10973199999999995
0.11769199999999994
0.12160800000000004
0.12160800000000004
0.12160800000000004
0.1269960000000001
0.1269960000000001
0.1269960000000001
0.1269960000000001
0.1269960000000001
0.12910399999999994
0.12910399999999994
0.13240400000000008
0.13240400000000008
0.13396000000000008
0.13396000000000008
0.13396000000000008
0.13396000000000008
0.13396000000000008
0.13396000000000008
0.13396000000000008
0.136492
0.136492
0.136492
0.14299599999999996
0.14299599999999996
0.14299599999999996
0.14615599999999992
0.14760399999999985
0.1510359999999999
0.1510359999999999
0.1510359999999999
0.1510359999999999
0.1510359999999999
0.1524759999999999
0.15561599999999998
0.1583839999999999
0.1583839999999999
0.1583839999999999
0.1583839999999999
0.1583839999999999
0.1583839999999999
0.1583839999999999
0.1583839999999999
0.1583839999999999
0.1583839999999999
0.1583839999999999
0.1583839999999999
0.1583839999999999
0.1583839999999999
0.158736
0.158736
0.158736
0.158736
0.15976399999999993
0.16057599999999989
0.16057599999999989
0.16057599999999989
0.16057599999999989
0.16057599999999989
0.16057599999999989
0.16057599999999989
0.16163200000000003
0.162784
0.1680240000000001
0.1680240000000001
0.1680240000000001
0.1680240000000001
0.1680240000000001
0.1680240000000001
0.1680240000000001
0.1680240000000001
0.1680240000000001
0.1680240000000001
0.1680240000000001
0.1706919999999999
0.1706919999999999
0.1706919999999999
0.1706919999999999
0.1706919999999999
0.1706919999999999
0.1706919999999999
0.1706919999999999
0.1706919999999999
0.1706919999999999
0.1706919999999999
0.1706919999999999
0.1706919999999999
0.1706919999999999
0.1706919999999999
0.1706919999999999
0.1706919999999999
0.1706919999999999
0.1706919999999999
0.1706919999999999
0.1706919999999999
0.1706919999999999
0.17473999999999998
0.17473999999999998
0.17473999999999998
0.17709199999999986
0.17950399999999983
0.17950399999999983
0.17950399999999983
0.17950399999999983
0.17950399999999983
0.17950399999999983
0.17950399999999983
0.17950399999999983
0.17950399999999983
0.17950399999999983
0.17950399999999983
0.17950399999999983
0.17950399999999983
0.17950399999999983
0.17950399999999983
0.184324
0.184324
0.184324
0.184324
0.184324
0.184324
0.184324
0.184324
0.184324
0.184324
0.184324
0.184324
0.184324
0.184324
0.184324
0.184324
0.184324
0.184324
0.184324
0.184324
0.184324
0.184324
0.184324
0.184324
0.184324
0.184324
0.184324
0.184324
0.18949599999999994
0.18949599999999994
0.18949599999999994
0.18949599999999994
0.18949599999999994
0.18949599999999994
0.19795199999999996
0.19795199999999996
0.19795199999999996
0.19795199999999996
0.19795199999999996
0.19795199999999996
0.19795199999999996
0.19795199999999996
0.19795199999999996
0.19795199999999996
0.19795199999999996
0.19795199999999996
0.19795199999999996
0.19795199999999996
0.19795199999999996
0.19795199999999996
0.19795199999999996
0.19795199999999996
0.19795199999999996
0.19795199999999996
0.19795199999999996
0.19795199999999996
0.19795199999999996
0.19795199999999996
0.19795199999999996
0.19795199999999996
0.19795199999999996
0.19795199999999996
0.19795199999999996
0.19795199999999996
0.19795199999999996
0.19795199999999996
0.19795199999999996
0.19795199999999996
0.19795199999999996
0.19795199999999996
0.19795199999999996
0.19795199999999996
0.19795199999999996
0.19795199999999996
0.19795199999999996
0.19795199999999996
0.19795199999999996
0.19795199999999996
0.19795199999999996
0.19795199999999996
0.19795199999999996
0.19795199999999996
0.19795199999999996
0.19795199999999996
0.19795199999999996
0.19795199999999996
0.19795199999999996
0.19795199999999996
0.19795199999999996
0.19795199999999996
0.19795199999999996
0.19795199999999996
0.19795199999999996
0.19795199999999996
0.19795199999999996
0.19795199999999996
0.19795199999999996
0.19795199999999996
0.19795199999999996
0.19795199999999996
0.19795199999999996
0.19795199999999996
0.19795199999999996
0.19795199999999996
0.19795199999999996
0.19795199999999996
0.19795199999999996
0.19795199999999996
0.19795199999999996
0.19795199999999996
0.19795199999999996
0.19795199999999996
0.19795199999999996
0.19795199999999996
0.19795199999999996
0.19795199999999996
0.19795199999999996
0.19795199999999996
0.19795199999999996
0.19795199999999996
0.19795199999999996
0.19795199999999996
0.19795199999999996
0.19795199999999996
0.19795199999999996
0.19795199999999996
0.19795199999999996
0.19795199999999996
0.19795199999999996
0.19795199999999996
0.19795199999999996
0.19795199999999996
0.19795199999999996
0.19795199999999996
0.19795199999999996
0.19795199999999996
0.19795199999999996
0.19795199999999996
0.19795199999999996
0.19795199999999996
0.19795199999999996
0.19795199999999996
0.19795199999999996
0.19795199999999996
0.1983199999999999
0.1983199999999999
0.1983199999999999
0.1983199999999999
0.1983199999999999
0.1983199999999999
0.1983199999999999
0.1983199999999999
0.1983199999999999
0.1983199999999999
0.1983199999999999
0.1983199999999999
0.20162399999999983
0.20162399999999983
0.20162399999999983
0.20162399999999983
0.20162399999999983
0.20162399999999983
0.20162399999999983
0.20162399999999983
0.20162399999999983
0.20170399999999988
0.20170399999999988
0.20170399999999988
0.20170399999999988
0.20170399999999988
0.20170399999999988
0.20170399999999988
0.20170399999999988
0.20170399999999988
0.20170399999999988
0.20170399999999988
0.20170399999999988
0.20170399999999988
0.20170399999999988
0.20170399999999988
0.20170399999999988
0.20170399999999988
0.20170399999999988
0.20170399999999988
0.20170399999999988
0.20170399999999988
0.20170399999999988
0.2035719999999997
0.2097959999999998
0.2097959999999998
0.2097959999999998
0.2097959999999998
0.2097959999999998
0.2097959999999998
0.2097959999999998
0.2097959999999998
0.2097959999999998
0.2097959999999998
0.2162159999999999
0.2162159999999999
0.2162159999999999
0.2162159999999999
0.2162159999999999
0.2162159999999999
0.2162159999999999
0.2162159999999999
0.2162159999999999
0.2162159999999999
0.2162159999999999
0.2162159999999999
0.2162159999999999
0.2162159999999999
0.2162159999999999
0.2162159999999999
0.2162159999999999
0.2162159999999999
0.2162159999999999
0.2162159999999999
0.2162159999999999
0.2162159999999999
0.2162159999999999
0.2162159999999999
0.2162159999999999
0.2162159999999999
0.2162159999999999
0.2162159999999999
0.2162159999999999
0.2162159999999999
0.2162159999999999
0.2162159999999999
0.2162159999999999
0.2162159999999999
0.2162159999999999
0.2162159999999999
0.2162159999999999
0.2162159999999999
0.2162159999999999
0.2162159999999999
0.2162159999999999
0.2162159999999999
0.2162159999999999
0.2162159999999999
0.2162159999999999
0.2162159999999999
0.2162159999999999
0.2162159999999999
0.2162159999999999
0.2162159999999999
0.2162159999999999
0.2162159999999999
0.2162159999999999
0.2162159999999999
0.2162159999999999
0.2162159999999999
0.2162159999999999
0.2162159999999999
0.2162159999999999
0.2162159999999999
0.2162159999999999
0.2162159999999999
0.2162159999999999
0.2162159999999999
0.2162159999999999
0.2162159999999999
0.2162159999999999
0.2162159999999999
0.2162159999999999
0.2162159999999999
0.2162159999999999
0.2162159999999999
0.2162159999999999
0.2162159999999999
0.2162159999999999
0.2162159999999999
0.2162159999999999
0.2162159999999999
0.2162159999999999
0.2162159999999999
0.2162159999999999
0.2162159999999999
0.2162159999999999
0.2162159999999999
0.2162159999999999
0.2162159999999999
0.2162159999999999
0.2162159999999999
0.2162159999999999
0.2162159999999999
0.2162159999999999
0.2162159999999999
0.2162159999999999
0.2162159999999999
0.2162159999999999
0.2162159999999999
0.2162159999999999
0.2162159999999999
0.2162159999999999
0.2162159999999999
0.2162159999999999
0.2162159999999999
0.2162159999999999
0.2162159999999999
0.22117999999999996
0.22117999999999996
0.22117999999999996
0.22117999999999996
0.22117999999999996
0.22117999999999996
0.22117999999999996
0.22117999999999996
0.22117999999999996
0.22117999999999996
0.22117999999999996
0.22117999999999996
0.22117999999999996
0.22117999999999996
0.22117999999999996
0.22117999999999996
0.22117999999999996
0.22117999999999996
0.22117999999999996
0.22117999999999996
0.22117999999999996
0.22117999999999996
0.22117999999999996
0.22117999999999996
0.22117999999999996
0.22117999999999996
0.22117999999999996
0.22117999999999996
0.22117999999999996
0.22117999999999996
0.22117999999999996
0.22117999999999996
0.22117999999999996
0.22117999999999996
0.22117999999999996
0.22117999999999996
0.22117999999999996
0.22117999999999996
0.22117999999999996
0.22117999999999996
0.22117999999999996
0.22117999999999996
0.22117999999999996
0.22117999999999996
0.22117999999999996
0.22117999999999996
0.22117999999999996
0.22117999999999996
0.22117999999999996
0.22117999999999996
0.22117999999999996
0.22117999999999996
0.22117999999999996
0.22117999999999996
0.22117999999999996
0.22117999999999996
0.22117999999999996
0.22117999999999996
0.22117999999999996
0.22117999999999996
0.22117999999999996
0.22117999999999996
0.22117999999999996
0.22117999999999996
0.22117999999999996
0.22117999999999996
0.22117999999999996
0.22117999999999996
0.22117999999999996
0.22117999999999996
0.22117999999999996
0.22117999999999996
0.22117999999999996
0.22117999999999996
0.22117999999999996
0.22117999999999996
0.22117999999999996
0.22117999999999996
0.22117999999999996
0.22117999999999996
0.22117999999999996
0.22117999999999996
0.22117999999999996
0.22117999999999996
0.22117999999999996
0.22117999999999996
0.22117999999999996
0.22117999999999996
0.22117999999999996
0.22117999999999996
0.22117999999999996
0.22117999999999996
0.22117999999999996
0.22117999999999996
0.22117999999999996
0.22117999999999996
0.22117999999999996
0.22117999999999996
0.22117999999999996
0.22117999999999996
0.22117999999999996
0.22117999999999996
0.22117999999999996
0.22117999999999996
0.22117999999999996
0.22117999999999996
0.22117999999999996
0.22117999999999996
0.22117999999999996
0.22117999999999996
0.22117999999999996
0.22117999999999996
0.22117999999999996
0.22117999999999996
0.22117999999999996
0.22117999999999996
0.22117999999999996
0.22117999999999996
0.22117999999999996
0.22117999999999996
0.22117999999999996
0.22117999999999996
0.22117999999999996
0.22117999999999996
0.22117999999999996
0.22117999999999996
0.22117999999999996
0.22117999999999996
0.22117999999999996
0.22117999999999996
0.22117999999999996
0.22117999999999996
0.22117999999999996
0.22117999999999996
0.22117999999999996
0.22117999999999996
0.22117999999999996
0.22117999999999996
0.22117999999999996
0.22117999999999996
0.22117999999999996
0.22117999999999996
0.22117999999999996
0.22117999999999996
0.22117999999999996
0.22117999999999996
0.22117999999999996
0.22117999999999996
0.22117999999999996
0.22117999999999996
0.22117999999999996
0.22117999999999996
0.22117999999999996
0.22117999999999996
0.22117999999999996
0.22117999999999996
0.22117999999999996
0.22117999999999996
0.22117999999999996
0.22117999999999996
0.22117999999999996
0.22117999999999996
0.22117999999999996
0.22117999999999996
0.22117999999999996
0.22117999999999996
0.22117999999999996
0.22117999999999996
0.22117999999999996
0.22117999999999996
0.22117999999999996
0.22117999999999996
0.22117999999999996
0.22117999999999996
0.22117999999999996
0.22117999999999996
0.22117999999999996
0.22117999999999996
0.22117999999999996
0.22117999999999996
0.22117999999999996
0.22117999999999996
0.22117999999999996
0.22117999999999996
0.22117999999999996
0.22117999999999996
0.22117999999999996
0.22117999999999996
0.22117999999999996
0.22117999999999996
0.22117999999999996
0.22117999999999996
0.22117999999999996
0.22117999999999996
0.22117999999999996
0.22117999999999996
0.22117999999999996
0.22117999999999996
0.22117999999999996
0.22117999999999996
0.22117999999999996
0.22117999999999996
0.22117999999999996
0.22117999999999996
0.22117999999999996
0.22117999999999996
0.22117999999999996
0.22117999999999996
0.22117999999999996
0.22117999999999996
0.22117999999999996
0.22117999999999996
0.22117999999999996
0.22117999999999996
0.22117999999999996
0.22117999999999996
0.22117999999999996
0.22117999999999996
0.22117999999999996
0.22117999999999996
0.22117999999999996
0.22117999999999996
0.22117999999999996
0.22117999999999996
0.22117999999999996
0.22117999999999996
0.22117999999999996
0.22117999999999996
0.22117999999999996
0.22117999999999996
0.22117999999999996
0.22117999999999996
0.22117999999999996
0.22117999999999996
0.22117999999999996
0.22117999999999996
0.22117999999999996
0.22117999999999996
0.22117999999999996
0.22117999999999996
0.22117999999999996
0.22117999999999996
0.22117999999999996
0.22117999999999996
0.22117999999999996
0.22117999999999996
0.22117999999999996
0.22117999999999996
0.22117999999999996
0.22117999999999996
0.22172399999999967
0.22172399999999967
0.22172399999999967
0.22172399999999967
0.22172399999999967
0.22172399999999967
0.22172399999999967
0.22246799999999972
0.22246799999999972
0.22246799999999972
0.22246799999999972
0.22246799999999972
0.22246799999999972
0.22246799999999972
0.22246799999999972
0.22246799999999972
0.22246799999999972
0.22246799999999972
0.22246799999999972
0.22246799999999972
0.22246799999999972
0.22246799999999972
0.22246799999999972
0.22246799999999972
0.22246799999999972
0.22246799999999972
0.22246799999999972
0.22246799999999972
0.22246799999999972
0.22246799999999972
0.22246799999999972
0.22246799999999972
0.22246799999999972
0.22246799999999972
0.22246799999999972
0.22246799999999972
0.22246799999999972
0.22246799999999972
0.22246799999999972
0.22246799999999972
0.22246799999999972
0.22246799999999972
0.22246799999999972
0.22246799999999972
0.22246799999999972
0.22246799999999972
0.22246799999999972
0.22246799999999972
0.22246799999999972
0.22246799999999972
0.22246799999999972
0.22246799999999972
0.22246799999999972
0.22246799999999972
0.22441599999999975
0.22441599999999975
0.22441599999999975
0.22441599999999975
0.22441599999999975
0.22441599999999975
0.22441599999999975
0.22441599999999975
0.22441599999999975
0.22441599999999975
0.22441599999999975
0.22441599999999975
0.22441599999999975
0.22441599999999975
0.22441599999999975
0.22441599999999975
0.22441599999999975
0.22441599999999975
0.22441599999999975
0.22441599999999975
0.22441599999999975
0.22441599999999975
0.22441599999999975
0.22441599999999975
0.22441599999999975
0.22441599999999975
0.22441599999999975
0.22441599999999975
0.22441599999999975
0.22441599999999975
0.22441599999999975
0.22441599999999975
0.22441599999999975
0.22441599999999975
0.22441599999999975
0.22441599999999975
0.22441599999999975
0.22441599999999975
0.22441599999999975
0.22441599999999975
0.22441599999999975
0.22441599999999975
0.22441599999999975
0.22441599999999975
0.22441599999999975
0.22441599999999975
0.22441599999999975
0.22441599999999975
0.22441599999999975
0.22441599999999975
0.22441599999999975
0.22441599999999975
0.22441599999999975
0.22441599999999975
0.22441599999999975
0.22441599999999975
0.22441599999999975
0.22441599999999975
0.22441599999999975
0.22441599999999975
0.22441599999999975
0.22441599999999975
0.22441599999999975
0.22441599999999975
0.22441599999999975
0.22441599999999975
0.22441599999999975
0.22441599999999975
0.22441599999999975
0.22441599999999975
0.22441599999999975
0.22441599999999975
0.22441599999999975
0.22441599999999975
0.22441599999999975
0.22441599999999975
0.22441599999999975
0.22441599999999975
0.22441599999999975
0.22441599999999975
0.22441599999999975
0.22441599999999975
0.22441599999999975
0.22441599999999975
0.22441599999999975
0.22441599999999975
0.22441599999999975
0.22441599999999975
0.22441599999999975
0.22441599999999975
0.22441599999999975
0.22441599999999975
0.22441599999999975
0.22441599999999975
0.22441599999999975
0.22441599999999975
0.22441599999999975
0.22441599999999975
0.22441599999999975
0.22441599999999975
0.22441599999999975
0.22441599999999975
0.22441599999999975
0.22441599999999975
0.22441599999999975
0.22441599999999975
0.22441599999999975
0.22441599999999975
0.22441599999999975
0.22441599999999975
0.22441599999999975
0.22441599999999975
0.2271199999999997
0.2271199999999997
0.2271199999999997
0.2271199999999997
0.2271199999999997
0.2271199999999997
0.2271199999999997
0.2271199999999997
0.2271199999999997
0.2271199999999997
0.2271199999999997
0.2271199999999997
0.2271199999999997
0.2271199999999997
0.2271199999999997
0.2271199999999997
0.2271199999999997
0.2271199999999997
0.2271199999999997
0.2271199999999997
0.2271199999999997
0.2271199999999997
0.2271199999999997
0.2271199999999997
0.2271199999999997
0.2271199999999997
0.2271199999999997
0.2271199999999997
0.2271199999999997
0.2271199999999997
0.2271199999999997
0.2271199999999997
0.2271199999999997
0.2271199999999997
0.2271199999999997
0.2271199999999997
0.2271199999999997
0.2271199999999997
0.2271199999999997
0.2271199999999997
0.2271199999999997
0.2271199999999997
0.2271199999999997
0.2271199999999997
0.2271199999999997
0.2271199999999997
0.2271199999999997
0.2271199999999997
0.2271199999999997
0.2271199999999997
0.2271199999999997
0.2271199999999997
0.2271199999999997
0.2271199999999997
0.2271199999999997
0.2271199999999997
0.2271199999999997
0.2271199999999997
0.2271199999999997
0.2271199999999997
0.2271199999999997
0.2271199999999997
0.2271199999999997
0.2271199999999997
0.2271199999999997
0.2271199999999997
0.2271199999999997
0.2271199999999997
0.2271199999999997
0.2271199999999997
0.2271199999999997
0.2271199999999997
0.2271199999999997
0.2271199999999997
0.2271199999999997
0.2271199999999997
0.2271199999999997
0.2271199999999997
0.2271199999999997
0.2271199999999997
0.2271199999999997
0.2271199999999997
0.2271199999999997
0.2271199999999997
0.2271199999999997
0.2271199999999997
0.2271199999999997
0.2271199999999997
0.2271199999999997
0.2271199999999997
0.2271199999999997
0.2271199999999997
0.2271199999999997
0.2271199999999997
0.2271199999999997
0.2271199999999997
0.2271199999999997
0.2271199999999997
0.2271199999999997
0.2271199999999997
0.2271199999999997
0.2271199999999997
0.2271199999999997
0.2271199999999997
0.2271199999999997
0.2271199999999997
0.2271199999999997
0.2271199999999997
0.2271199999999997
0.2271199999999997
0.2271199999999997
0.2271199999999997
0.2271199999999997
0.2271199999999997
0.2271199999999997
0.2271199999999997
0.2271199999999997
0.2271199999999997
0.2271199999999997
0.2271199999999997
0.2271199999999997
0.2271199999999997
0.2271199999999997
0.2271199999999997
0.2271199999999997
0.2271199999999997
0.2271199999999997
0.2271199999999997
0.2271199999999997
0.2271199999999997
0.2271199999999997
0.2271199999999997
0.2271199999999997
0.2271199999999997
0.2271199999999997
0.2271199999999997
0.2271199999999997
0.2271199999999997
0.2271199999999997
0.2271199999999997
0.2271199999999997
0.2271199999999997
0.2271199999999997
0.2271199999999997
0.2271199999999997
0.2271199999999997
0.2271199999999997
0.2271199999999997
0.2271199999999997
0.2271199999999997
0.2271199999999997
0.2271199999999997
0.2271199999999997
0.2271199999999997
0.2271199999999997
0.2271199999999997
0.2271199999999997
0.2271199999999997
0.2271199999999997
0.2271199999999997
0.2271199999999997
0.2271199999999997
0.2271199999999997
0.2271199999999997
0.2271199999999997
0.2271199999999997
0.2271199999999997
0.2271199999999997
0.2271199999999997
0.2271199999999997
0.2271199999999997
0.2271199999999997
0.2271199999999997
0.2271199999999997
0.2271199999999997
0.2271199999999997
0.2271199999999997
0.2271199999999997
0.2271199999999997
0.2271199999999997
0.2271199999999997
0.2271199999999997
0.2271199999999997
0.2271199999999997
0.2271199999999997
0.2271199999999997
0.2271199999999997
0.2271199999999997
0.2271199999999997
0.2271199999999997
0.2271199999999997
0.2271199999999997
0.22815199999999977
0.22815199999999977
0.22815199999999977
0.22815199999999977
0.22815199999999977
0.22815199999999977
0.22815199999999977
0.22815199999999977
0.22815199999999977
0.22815199999999977
0.22815199999999977
0.22815199999999977
0.22815199999999977
0.22815199999999977
0.22815199999999977
0.22815199999999977
0.22815199999999977
0.22815199999999977
0.22815199999999977
0.22815199999999977
0.22815199999999977
0.22815199999999977
0.22815199999999977
0.22815199999999977
0.22815199999999977
0.22815199999999977
0.22815199999999977
0.22815199999999977
0.22815199999999977
0.22815199999999977
0.22815199999999977
0.22815199999999977
0.22815199999999977
0.22815199999999977
0.22815199999999977
0.22815199999999977
0.22815199999999977
0.22815199999999977
0.22815199999999977
0.22815199999999977
0.22815199999999977
0.22815199999999977
0.22815199999999977
0.22815199999999977
0.2302439999999997
0.2302439999999997
0.2302439999999997
0.2302439999999997
0.2302439999999997
0.2302439999999997
0.2302439999999997
0.2302439999999997
0.2302439999999997
0.2302439999999997
0.2302439999999997
0.2302439999999997
0.2302439999999997
0.2302439999999997
0.2302439999999997
0.2302439999999997
0.2302439999999997
0.2302439999999997
0.2302439999999997
0.2302439999999997
0.2302439999999997
0.2302439999999997
0.2302439999999997
0.2302439999999997
0.2302439999999997
0.2302439999999997
0.2302439999999997
0.2302439999999997
0.2302439999999997
0.2302439999999997
0.2302439999999997
0.2302439999999997
0.2302439999999997
0.2302439999999997
0.2302439999999997
0.2302439999999997
0.2302439999999997
0.2302439999999997
0.2302439999999997
0.2302439999999997
0.2302439999999997
0.2302439999999997
0.2302439999999997
0.2302439999999997
0.2302439999999997
0.2302439999999997
0.2302439999999997
0.2302439999999997
0.2302439999999997
0.2302439999999997
0.2302439999999997
0.2302439999999997
0.2302439999999997
0.2302439999999997
0.2302439999999997
0.2302439999999997
0.2302439999999997
0.2302439999999997
0.2302439999999997
0.2302439999999997
0.2302439999999997
0.2302439999999997
0.2302439999999997
0.2302439999999997
0.2302439999999997
0.2302439999999997
0.2302439999999997
0.2302439999999997
0.2302439999999997
0.2302439999999997
0.2302439999999997
0.2302439999999997
0.2302439999999997
0.2302439999999997
0.2302439999999997
0.2302439999999997
0.2302439999999997
0.2302439999999997
0.2302439999999997
0.2302439999999997
0.2302439999999997
0.2302439999999997
0.2302439999999997
0.2302439999999997
0.2302439999999997
0.2302439999999997
0.2302439999999997
0.2302439999999997
0.2302439999999997
0.2302439999999997
0.2302439999999997
0.2302439999999997
0.2302439999999997
0.2302439999999997
0.2302439999999997
0.2302439999999997
0.2302439999999997
0.2302439999999997
0.2302439999999997
0.2302439999999997
0.2302439999999997
0.2302439999999997
0.2302439999999997
0.2302439999999997
0.2302439999999997
0.2302439999999997
0.2302439999999997
0.2302439999999997
0.2302439999999997
0.2302439999999997
0.2302439999999997
0.2302439999999997
0.2302439999999997
0.2302439999999997
0.2302439999999997
0.2302439999999997
0.2302439999999997
0.2302439999999997
0.2302439999999997
0.2302439999999997
0.2302439999999997
0.2302439999999997
0.2302439999999997
0.2302439999999997
0.2302439999999997
0.2302439999999997
0.2302439999999997
0.2302439999999997
0.2302439999999997
0.2302439999999997
0.2302439999999997
0.2302439999999997
0.2302439999999997
0.2302439999999997
0.2302439999999997
0.2302439999999997
0.2302439999999997
0.2302439999999997
0.2302439999999997
0.2302439999999997
0.2302439999999997
0.2302439999999997
0.2302439999999997
0.2302439999999997
0.2302439999999997
0.2302439999999997
0.2302439999999997
0.2302439999999997
0.2302439999999997
0.2302439999999997
0.2302439999999997
0.2302439999999997
0.2302439999999997
0.2302439999999997
0.2302439999999997
0.2302439999999997
0.2302439999999997
0.2302439999999997
0.2302439999999997
0.2302439999999997
0.2302439999999997
0.2302439999999997
0.2302439999999997
0.2302439999999997
0.2302439999999997
0.2302439999999997
0.2302439999999997
0.2302439999999997
0.2302439999999997
0.2302439999999997
0.2302439999999997
0.2302439999999997
0.2302439999999997
0.2302439999999997
0.2302439999999997
0.2302439999999997
0.2302439999999997
0.2302439999999997
0.2302439999999997
0.2302439999999997
0.2302439999999997
0.2302439999999997
0.2302439999999997
0.2302439999999997
0.2302439999999997
0.2302439999999997
0.2302439999999997
0.2302439999999997
0.2302439999999997
0.2302439999999997
0.2302439999999997
0.2302439999999997
0.2302439999999997
0.2302439999999997
0.2302439999999997
0.2302439999999997
0.2302439999999997
0.2302439999999997
0.2302439999999997
0.2302439999999997
0.2302439999999997
0.2302439999999997
0.2302439999999997
0.2302439999999997
0.2302439999999997
0.2302439999999997
0.2302439999999997
0.2302439999999997
0.2302439999999997
0.2302439999999997
0.2302439999999997
0.2302439999999997
0.2302439999999997
0.2302439999999997
0.2302439999999997
0.2302439999999997
0.2302439999999997
0.2302439999999997
0.2302439999999997
0.2302439999999997
0.2302439999999997
0.2302439999999997
0.2302439999999997
0.2302439999999997
0.2302439999999997
0.2302439999999997
0.2302439999999997
0.2302439999999997
0.2302439999999997
0.2302439999999997
0.2302439999999997
0.2302439999999997
0.2302439999999997
0.2302439999999997
0.2302439999999997
0.2302439999999997
0.2302439999999997
0.2302439999999997
0.2302439999999997
0.2302439999999997
0.2302439999999997
0.2302439999999997
0.2302439999999997
0.2302439999999997
0.2302439999999997
0.2302439999999997
0.2302439999999997
0.2302439999999997
0.2302439999999997
0.2302439999999997
0.2302439999999997
0.2302439999999997
0.2302439999999997
0.2302439999999997
0.2302439999999997
0.2302439999999997
0.2302439999999997
0.2302439999999997
0.2302439999999997
0.2302439999999997
0.2302439999999997
0.2302439999999997
0.23395599999999978
0.23395599999999978
0.23395599999999978
0.23395599999999978
0.23395599999999978
0.23395599999999978
0.23395599999999978
0.23395599999999978
0.23395599999999978
0.23395599999999978
0.23395599999999978
0.23395599999999978
0.23395599999999978
0.23395599999999978
0.23395599999999978
0.23395599999999978
0.23395599999999978
0.23395599999999978
0.23395599999999978
0.23395599999999978
0.23395599999999978
0.23395599999999978
0.23395599999999978
0.23395599999999978
0.23395599999999978
0.23395599999999978
0.23395599999999978
0.23395599999999978
0.23395599999999978
0.23395599999999978
0.23395599999999978
0.23395599999999978
0.23395599999999978
0.23395599999999978
0.23395599999999978
0.23395599999999978
0.23395599999999978
0.23395599999999978
0.23395599999999978
0.23395599999999978
0.23395599999999978
0.23395599999999978
0.23395599999999978
0.23395599999999978
0.23395599999999978
0.23395599999999978
0.23395599999999978
0.23395599999999978
0.23395599999999978
0.23395599999999978
0.23395599999999978
0.23395599999999978
0.23395599999999978
0.23395599999999978
0.23395599999999978
0.23395599999999978
0.23395599999999978
0.23395599999999978
0.23395599999999978
0.23395599999999978
0.23395599999999978
0.23395599999999978
0.23395599999999978
0.23395599999999978
0.23395599999999978
0.23395599999999978
0.23395599999999978
0.23395599999999978
0.23395599999999978
0.23395599999999978
0.23395599999999978
0.23395599999999978
0.23395599999999978
0.23395599999999978
0.23395599999999978
0.23395599999999978
0.23395599999999978
0.23395599999999978
0.23395599999999978
0.23395599999999978
0.23395599999999978
0.23395599999999978
0.23395599999999978
0.23395599999999978
0.23395599999999978
0.23395599999999978
0.23395599999999978
0.23395599999999978
0.23395599999999978
0.23395599999999978
0.23395599999999978
0.23395599999999978
0.23395599999999978
0.23395599999999978
0.23395599999999978
0.23395599999999978
0.23395599999999978
0.23395599999999978
0.23395599999999978
0.23395599999999978
0.23395599999999978
0.23395599999999978
0.23395599999999978
0.23395599999999978
0.23395599999999978
0.23395599999999978
0.23395599999999978
0.23395599999999978
0.23395599999999978
0.23395599999999978
0.23395599999999978
0.23395599999999978
0.23395599999999978
0.23395599999999978
0.23395599999999978
0.23395599999999978
0.23424799999999976
0.23424799999999976
0.23424799999999976
0.23424799999999976
0.23424799999999976
0.23424799999999976
0.23424799999999976
0.23424799999999976
0.23424799999999976
0.23424799999999976
0.23424799999999976
0.23424799999999976
0.23424799999999976
0.23424799999999976
0.23424799999999976
0.23424799999999976
0.23424799999999976
0.23424799999999976
0.23424799999999976
0.23424799999999976
0.23424799999999976
0.23424799999999976
0.23424799999999976
0.23424799999999976
0.23424799999999976
0.23424799999999976
0.23424799999999976
0.23424799999999976
0.23424799999999976
0.23424799999999976
0.23424799999999976
0.23424799999999976
0.23424799999999976
0.23424799999999976
0.23424799999999976
0.23424799999999976
0.23424799999999976
0.23424799999999976
0.23424799999999976
0.23424799999999976
0.23424799999999976
0.23424799999999976
0.23424799999999976
0.23424799999999976
0.23424799999999976
0.23424799999999976
0.23424799999999976
0.23424799999999976
0.23424799999999976
0.23424799999999976
0.23424799999999976
0.23424799999999976
0.23424799999999976
0.23424799999999976
0.23424799999999976
0.23424799999999976
0.23424799999999976
0.23424799999999976
0.23424799999999976
0.23424799999999976
0.23424799999999976
0.23424799999999976
0.23424799999999976
0.23424799999999976
0.23424799999999976
0.23424799999999976
0.23424799999999976
0.23424799999999976
0.23424799999999976
0.23424799999999976
0.23424799999999976
0.23424799999999976
0.23424799999999976
0.23424799999999976
0.23424799999999976
0.23424799999999976
0.23424799999999976
0.23424799999999976
0.23424799999999976
0.23424799999999976
0.23424799999999976
0.23424799999999976
0.23424799999999976
0.23424799999999976
0.23424799999999976
0.23424799999999976
0.23424799999999976
0.23424799999999976
0.23424799999999976
0.23424799999999976
0.23424799999999976
0.23424799999999976
0.23424799999999976
0.23424799999999976
0.23424799999999976
0.23424799999999976
0.23424799999999976
0.23424799999999976
0.23424799999999976
0.23424799999999976
0.23424799999999976
0.23424799999999976
0.23424799999999976
0.23424799999999976
0.23424799999999976
0.23424799999999976
0.23424799999999976
0.23424799999999976
0.23424799999999976
0.23424799999999976
0.23424799999999976
0.23424799999999976
0.23424799999999976
0.23424799999999976
0.23424799999999976
0.23424799999999976
0.23424799999999976
0.23424799999999976
0.23424799999999976
0.23424799999999976
0.23424799999999976
0.23424799999999976
0.23424799999999976
0.23424799999999976
0.23424799999999976
0.23424799999999976
0.23424799999999976
0.23424799999999976
0.23424799999999976
0.23424799999999976
0.23424799999999976
0.23424799999999976
0.23424799999999976
0.23424799999999976
0.23424799999999976
0.23424799999999976
0.23424799999999976
0.23424799999999976
0.23424799999999976
0.23424799999999976
0.23424799999999976
0.23424799999999976
0.23424799999999976
0.23424799999999976
0.23424799999999976
0.23424799999999976
0.23424799999999976
0.23424799999999976
0.23424799999999976
0.23424799999999976
0.23424799999999976
0.23424799999999976
0.23424799999999976
0.23424799999999976
0.23424799999999976
0.23424799999999976
0.23424799999999976
0.23424799999999976
0.23424799999999976
0.23424799999999976
0.23424799999999976
0.23424799999999976
0.23424799999999976
0.23424799999999976
0.23424799999999976
0.23424799999999976
0.23424799999999976
0.23424799999999976
0.23424799999999976
0.23424799999999976
0.23424799999999976
0.23424799999999976
0.23424799999999976
0.23424799999999976
0.23424799999999976
0.2369959999999999
0.2369959999999999
0.2369959999999999
0.2369959999999999
0.2369959999999999
0.2369959999999999
0.2369959999999999
0.2369959999999999
0.2369959999999999
0.2369959999999999
0.2369959999999999
0.2369959999999999
0.2369959999999999
0.2369959999999999
0.2369959999999999
0.2369959999999999
0.2369959999999999
0.2369959999999999
0.2369959999999999
0.2369959999999999
0.2369959999999999
0.2369959999999999
0.2369959999999999
0.2369959999999999
0.2369959999999999
0.2369959999999999
0.2369959999999999
0.2369959999999999
0.2369959999999999
0.2369959999999999
0.2369959999999999
0.2369959999999999
0.2369959999999999
0.2369959999999999
0.2369959999999999
0.2369959999999999
0.2369959999999999
0.2369959999999999
0.2369959999999999
0.2369959999999999
0.2369959999999999
0.2369959999999999
0.2369959999999999
0.2369959999999999
0.2369959999999999
0.2369959999999999
0.2369959999999999
0.2369959999999999
0.2369959999999999
0.2369959999999999
0.2369959999999999
0.2369959999999999
0.2369959999999999
0.2369959999999999
0.2369959999999999
0.2369959999999999
0.2369959999999999
0.2369959999999999
0.2369959999999999
0.2369959999999999
0.2369959999999999
0.2369959999999999
0.2369959999999999
0.2369959999999999
0.2369959999999999
0.2369959999999999
0.2369959999999999
0.2369959999999999
0.2369959999999999
0.2369959999999999
0.2369959999999999
0.2369959999999999
0.2369959999999999
0.2369959999999999
0.2369959999999999
0.2369959999999999
0.2369959999999999
0.2369959999999999
0.2369959999999999
0.2369959999999999
0.2369959999999999
0.24000399999999963
0.24000399999999963
0.24000399999999963
0.24000399999999963
0.24000399999999963
0.24000399999999963
0.24000399999999963
0.24000399999999963
0.24000399999999963
0.24000399999999963
0.24000399999999963
0.24000399999999963
0.24000399999999963
0.24000399999999963
0.24000399999999963
0.24000399999999963
0.24000399999999963
0.24000399999999963
0.24000399999999963
0.24000399999999963
0.24000399999999963
0.24000399999999963
0.24000399999999963
0.24000399999999963
0.24000399999999963
0.24000399999999963
0.24000399999999963
0.24000399999999963
0.24000399999999963
0.24000399999999963
0.24000399999999963
0.24000399999999963
0.24000399999999963
0.24000399999999963
0.24000399999999963
0.24000399999999963
0.24000399999999963
0.24000399999999963
0.24000399999999963
0.24000399999999963
0.24000399999999963
0.24000399999999963
0.24000399999999963
0.24000399999999963
0.24000399999999963
0.24000399999999963
0.24000399999999963
0.24000399999999963
0.24000399999999963
0.24000399999999963
0.24000399999999963
0.24000399999999963
0.24000399999999963
0.24000399999999963
0.24000399999999963
0.24000399999999963
0.24000399999999963
0.24000399999999963
0.24000399999999963
0.24000399999999963
0.24000399999999963
0.24000399999999963
0.24000399999999963
0.24000399999999963
0.24000399999999963
0.24000399999999963
0.24000399999999963
0.24000399999999963
0.24000399999999963
0.24000399999999963
0.24000399999999963
0.24000399999999963
0.24000399999999963
0.24000399999999963
0.24000399999999963
0.24000399999999963
0.24000399999999963
0.24000399999999963
0.24000399999999963
0.24000399999999963
0.24000399999999963
0.24000399999999963
0.24000399999999963
0.24000399999999963
0.24000399999999963
0.24000399999999963
0.24000399999999963
0.24000399999999963
0.24000399999999963
0.24000399999999963
0.24000399999999963
0.24000399999999963
0.24000399999999963
0.24000399999999963
0.24000399999999963
0.24000399999999963
0.24000399999999963
0.24000399999999963
0.24000399999999963
0.24000399999999963
0.24000399999999963
0.24000399999999963
0.24000399999999963
0.24000399999999963
0.24000399999999963
0.24000399999999963
0.24000399999999963
0.24000399999999963
0.24000399999999963
0.24000399999999963
0.24000399999999963
0.24000399999999963
0.24000399999999963
0.24000399999999963
0.24000399999999963
0.24000399999999963
0.24000399999999963
0.24000399999999963
0.24000399999999963
0.24000399999999963
0.24000399999999963
0.24000399999999963
0.24000399999999963
0.24000399999999963
0.24000399999999963
0.24000399999999963
0.24000399999999963
0.24000399999999963
0.24000399999999963
0.24000399999999963
0.24000399999999963
0.24000399999999963
0.24000399999999963
0.24000399999999963
0.24000399999999963
0.24000399999999963
0.24000399999999963
0.24000399999999963
0.24000399999999963
0.24000399999999963
0.24000399999999963
0.24000399999999963
0.24000399999999963
0.24000399999999963
0.24000399999999963
0.24000399999999963
0.24000399999999963
0.24000399999999963
0.24000399999999963
0.24000399999999963
0.24000399999999963
0.24000399999999963
0.24000399999999963
0.24000399999999963
0.24000399999999963
0.24000399999999963
0.24000399999999963
0.24000399999999963
0.24000399999999963
0.24000399999999963
0.24000399999999963
0.24000399999999963
0.24000399999999963
0.24000399999999963
0.24000399999999963
0.24000399999999963
0.24000399999999963
0.24000399999999963
0.24000399999999963
0.24000399999999963
0.24000399999999963
0.24000399999999963
0.24000399999999963
0.24000399999999963
0.24000399999999963
0.24000399999999963
0.24000399999999963
0.24000399999999963
0.24000399999999963
0.24000399999999963
0.24000399999999963
0.24000399999999963
0.24000399999999963
0.24000399999999963
0.24000399999999963
0.24000399999999963
0.24000399999999963
0.24000399999999963
0.24000399999999963
0.24000399999999963
0.24000399999999963
0.24000399999999963
0.24000399999999963
0.24000399999999963
0.24000399999999963
0.24000399999999963
0.24000399999999963
0.24000399999999963
0.24000399999999963
0.24000399999999963
0.24000399999999963
0.24000399999999963
0.24000399999999963
0.24000399999999963
0.24000399999999963
0.24000399999999963
0.24251199999999995
0.24251199999999995
0.24251199999999995
0.24251199999999995
0.24251199999999995
0.24251199999999995
0.24251199999999995
0.24251199999999995
0.24251199999999995
0.24251199999999995
0.24251199999999995
0.24251199999999995
0.24251199999999995
0.24251199999999995
0.24251199999999995
0.24251199999999995
0.24251199999999995
0.24251199999999995
0.24251199999999995
0.24251199999999995
0.24251199999999995
0.24251199999999995
0.24251199999999995
0.24251199999999995
0.24251199999999995
0.24251199999999995
0.24251199999999995
0.24251199999999995
0.24251199999999995
0.24251199999999995
0.24251199999999995
0.24251199999999995
0.24251199999999995
0.24251199999999995
0.24251199999999995
0.24251199999999995
0.24251199999999995
0.24251199999999995
0.24251199999999995
0.24251199999999995
0.24251199999999995
0.24251199999999995
0.24251199999999995
0.24251199999999995
0.24251199999999995
0.24251199999999995
0.24251199999999995
0.24251199999999995
0.24251199999999995
0.24251199999999995
0.24251199999999995
0.24251199999999995
0.24251199999999995
0.24251199999999995
0.24251199999999995
0.24251199999999995
0.24251199999999995
0.24251199999999995
0.24251199999999995
0.24251199999999995
0.24251199999999995
0.24251199999999995
0.24251199999999995
0.24251199999999995
0.24251199999999995
0.24251199999999995
0.24251199999999995
0.24251199999999995
0.24251199999999995
0.24251199999999995
0.24251199999999995
0.24251199999999995
0.24251199999999995
0.24251199999999995
0.24251199999999995
0.24251199999999995
0.24251199999999995
0.24251199999999995
0.24251199999999995
0.24251199999999995
