-0.031312000000000034
-0.008499999999999999
0.018279999999999987
0.028631999999999984
0.02211600000000001
0.039731999999999955
0.036527999999999984
0.054211999999999955
0.05038000000000001
0.052291999999999964
0.0599760000000001
0.05281200000000001
0.05912000000000003
0.06105200000000001
0.07292000000000004
0.07693999999999994
0.07121999999999994
0.07270000000000003
0.07932
0.07889199999999998
0.06778800000000008
0.0826080000000001
0.07984800000000003
0.073896
0.08348000000000004
0.08345199999999998
0.08996799999999995
0.08771999999999999
0.06925199999999998
0.08174399999999993
0.081016
0.08363600000000004
0.08900400000000001
0.08196399999999993
0.07788399999999993
0.08335999999999978
0.08289600000000001
0.09216000000000008
0.09243199999999997
0.09591599999999986
0.07692799999999997
0.09307599999999992
0.09083600000000004
0.08938399999999987
0.09139199999999995
0.08859199999999993
0.09648799999999982
0.10074799999999987
0.09542399999999991
0.09115599999999993
0.10059199999999993
0.10104799999999994
0.09949599999999997
0.10645599999999997
0.10412799999999993
0.10394
0.10840799999999991
0.09866799999999991
0.08817599999999998
0.09901199999999996
0.09655999999999995
0.10064399999999987
0.08896800000000002
0.08799199999999993
0.10011599999999997
0.10625599999999998
0.10622800000000002
0.09519599999999995
0.10406399999999995
0.10348799999999991
0.1065599999999999
0.09913599999999997
0.10908800000000003
0.09915599999999995
0.10020000000000001
0.1109999999999999
0.11230799999999995
0.11187200000000007
0.11261600000000001
0.10970000000000005
0.11545599999999995
0.10959199999999994
0.10840399999999997
0.11617999999999998
0.11167200000000005
0.11278399999999994
0.11375599999999997
0.11560800000000004
0.11764800000000004
0.1077000000000002
0.11213200000000006
0.10807599999999998
0.10943999999999994
0.10539599999999998
0.11390800000000008
0.11120400000000007
0.11585600000000011
0.110284
0.11121600000000004
0.11796400000000003
0.10819199999999994
0.10264400000000003
0.11422399999999998
0.10771999999999987
0.10345200000000004
0.11713999999999997
0.11538799999999995
0.11066
0.11886400000000001
0.10300000000000002
0.11624400000000003
0.11326400000000007
0.11758800000000004
0.11265599999999995
0.11703600000000002
0.111356
0.1168240000000001
0.11194000000000005
0.11515200000000012
0.119144
0.11614
0.11578400000000001
0.11754000000000003
0.12191199999999999
0.12941199999999994
0.11412
0.11879600000000003
0.11827599999999988
0.11513600000000009
0.11055199999999996
0.12305600000000001
0.12244399999999998
0.12346400000000003
0.13473199999999996
0.12663999999999997
0.12248799999999999
0.1290399999999999
0.13024000000000013
0.12643200000000002
0.12377599999999993
0.11739999999999988
0.11772000000000005
0.1327280000000001
0.12308000000000009
0.12564
0.11879599999999992
0.12000800000000006
0.12394400000000005
0.12331599999999994
0.128208
0.12082799999999999
0.12661199999999997
0.12307200000000011
0.110296
0.11562400000000009
0.12363199999999999
0.13232799999999992
0.127032
0.12160800000000006
0.12155999999999992
0.12132000000000001
0.127532
0.13016399999999997
0.12165999999999996
0.12064399999999993
0.12976799999999986
0.12692000000000003
0.12798800000000002
0.12383600000000003
0.127036
0.12256000000000013
0.12689999999999999
0.12811599999999992
0.1253479999999999
0.13243999999999997
0.12834000000000007
0.11467600000000003
0.13060400000000003
0.12537600000000013
0.12847599999999998
0.12465599999999995
0.1288279999999999
0.12862400000000018
0.13185600000000003
0.13427199999999986
0.13392000000000004
0.12564
0.14006399999999994
0.13098399999999993
0.12236399999999995
0.12696
0.12916399999999992
0.13157200000000002
0.12837200000000007
0.13086399999999995
0.11738799999999996
0.13186800000000004
0.12763600000000005
0.133684
0.13079199999999996
0.126804
0.12821999999999997
0.12249599999999995
0.12838000000000005
0.12867599999999987
0.1286240000000001
0.13311600000000004
0.127372
0.13387599999999997
0.13451600000000008
0.13802799999999996
0.13651999999999984
0.13547200000000012
0.12850799999999987
0.134372
0.130344
0.13086000000000012
0.12871600000000008
0.13613999999999993
0.11545600000000002
0.13798800000000006
0.134484
0.12991200000000003
0.13595600000000005
0.12471999999999996
0.12086000000000006
0.13660799999999995
0.13922
0.13696399999999997
0.13241999999999998
0.13756400000000005
0.13546000000000005
0.14099199999999995
0.1274480000000001
0.1326479999999999
0.132892
0.1309520000000001
0.13481199999999993
0.13640800000000006
0.1344760000000001
0.12879999999999997
0.13628
0.13620800000000005
0.13321999999999992
0.12951199999999993
0.13316400000000006
0.1399200000000001
0.13773999999999997
0.1406639999999999
0.12043200000000001
0.14010000000000006
0.13754799999999995
0.12701600000000002
0.13263200000000003
0.12428000000000006
0.13203200000000007
0.1324879999999998
0.13808399999999985
0.13993599999999998
0.12648
0.12203999999999998
0.13534799999999997
0.12532799999999994
0.11310799999999994
0.13268400000000005
0.13230800000000004
0.13713999999999998
0.13770800000000008
0.13063199999999991
0.13106799999999996
0.13505199999999992
0.13964800000000016
0.1354199999999999
0.13544400000000004
0.138528
0.12629600000000007
0.1409240000000001
0.13380400000000006
0.1231680000000001
0.13080799999999998
0.13375599999999999
0.135124
0.137192
0.130284
0.12965600000000005
0.13897599999999996
0.12664000000000009
0.1405120000000001
0.141692
0.14417999999999992
0.12170000000000002
0.13940000000000005
0.13466400000000012
0.13420400000000007
0.13313200000000003
0.14041599999999996
0.14648799999999995
0.13728800000000008
0.14246000000000003
0.1375600000000001
0.14282000000000003
0.14232000000000003
0.144788
0.14273200000000016
0.14370799999999997
0.14860399999999985
0.12733599999999998
0.1376640000000001
0.14404000000000008
0.14436400000000002
0.13722800000000002
0.1452600000000001
0.14107600000000015
0.13501999999999995
0.14903999999999995
0.14506800000000014
0.14117999999999997
0.14337600000000014
0.14635599999999999
0.146836
0.138972
0.14870799999999995
0.1457759999999998
0.14660800000000002
0.14915600000000004
0.14323200000000003
0.1453039999999998
0.1441679999999999
0.151036
0.14715199999999998
0.1458879999999999
0.15277999999999992
0.141224
0.144832
0.14779999999999988
0.14629999999999987
0.14864
0.148668
0.14648000000000003
0.15121199999999993
0.150004
0.14941199999999993
0.141224
0.143072
0.15359999999999993
0.14479999999999987
0.14440799999999993
0.14891599999999997
0.14559599999999986
0.14840399999999992
0.14791999999999997
0.134436
0.1437439999999999
0.15226399999999993
0.14925200000000002
0.13708799999999985
0.14432799999999985
0.1444439999999999
0.14794399999999988
0.1497879999999999
0.15105600000000002
0.15005999999999997
0.14806799999999976
0.13995999999999992
0.14823600000000012
0.1528119999999998
0.14111600000000002
0.14872399999999997
0.149864
0.15521999999999986
0.14517599999999986
0.1480439999999999
0.14753199999999989
0.14782400000000007
0.15846399999999988
0.14769200000000005
0.1465079999999999
0.15448800000000001
0.15061199999999994
0.1513839999999999
0.14676799999999995
0.15221199999999993
0.14937199999999998
0.15216399999999963
0.14986800000000006
0.1393440000000001
0.13973199999999994
0.14480399999999993
0.144368
0.15160400000000007
0.15203199999999986
0.15385999999999989
0.15196400000000002
0.1404639999999999
0.1547079999999999
0.143404
0.1539439999999999
0.14801999999999985
0.14861600000000016
0.14120400000000005
0.15096400000000018
0.13642799999999997
0.14692000000000002
0.15219199999999994
0.14556400000000005
0.14449599999999996
0.15015599999999998
0.13848800000000006
0.15512799999999996
0.14639600000000003
0.13961200000000007
0.14538800000000004
0.1523079999999999
0.144484
0.14488800000000007
0.15081199999999986
0.1425760000000001
0.14680800000000002
0.15378800000000004
0.148648
0.14832
0.1571239999999999
0.1504439999999999
0.15513200000000002
0.15635600000000005
0.14956800000000003
0.14768
0.1503839999999999
0.14434
0.1556559999999999
0.15560799999999977
0.15378799999999995
0.15088399999999996
0.14540799999999998
0.15172799999999995
0.14907999999999982
0.14666400000000002
0.14938000000000004
0.15370400000000006
0.14813999999999994
0.14829999999999982
0.14667200000000005
0.14755599999999994
0.14968800000000018
0.14942799999999998
0.15216799999999997
0.14603200000000005
0.14957599999999993
0.15265199999999998
0.149864
0.1532960000000001
0.14152399999999996
0.15793200000000007
0.15406399999999992
0.149128
0.1530239999999998
0.14318000000000003
0.14771200000000007
0.14620799999999992
0.15744800000000006
0.14682399999999998
0.1323480000000001
0.147532
0.14305200000000004
0.15193199999999982
0.1478360000000001
0.1528680000000001
0.148316
0.14972800000000006
0.15102399999999994
0.15009599999999998
0.15695199999999992
0.15277600000000008
0.14917199999999994
0.146144
0.14599599999999985
0.14893199999999998
0.15198399999999992
0.14864800000000003
0.140312
0.15342799999999981
0.14593599999999998
0.14524800000000002
0.13714799999999985
0.15453999999999982
0.139632
0.15471999999999989
0.15560799999999994
0.14865199999999998
0.13675199999999987
0.14109199999999997
0.152556
0.15473599999999987
0.143836
0.14825200000000005
0.14566
0.15042000000000003
0.143212
0.14473199999999992
0.14334799999999998
0.155584
0.146868
0.15113199999999996
0.14664000000000005
0.143364
0.15676399999999993
0.14372000000000001
0.15591200000000005
0.147748
0.15511600000000025
0.14981600000000003
0.14536000000000004
0.143376
0.141264
0.148256
0.15411599999999992
0.14718399999999998
0.15173200000000012
0.14978400000000003
0.152364
0.15519599999999978
0.15220399999999992
0.14495200000000005
0.15168799999999988
0.15112400000000004
0.153272
0.1538880000000001
0.14601999999999998
0.14851200000000006
0.15471599999999996
0.15209999999999987
0.152668
0.14517600000000006
0.14517200000000008
0.14633600000000002
0.15081600000000017
0.15383999999999998
0.153192
0.154556
0.150416
0.14566000000000007
0.147916
0.1551119999999999
0.14323199999999994
0.15159999999999998
0.15051599999999987
0.15340799999999996
0.15293199999999976
0.14208800000000013
0.14476
0.15425200000000006
0.155628
0.15753199999999987
0.14609600000000003
0.14650000000000007
0.15318400000000007
0.15103999999999992
0.14375599999999994
0.14632799999999996
0.15522399999999995
0.14910400000000004
0.15615199999999999
0.15672800000000006
0.1520119999999999
0.15255599999999994
0.15034399999999987
0.14572799999999994
0.14748000000000003
0.15377199999999994
0.14761600000000005
0.14587999999999993
0.15456399999999987
0.15623999999999988
0.15223600000000004
0.15678399999999998
0.15453600000000012
0.14903199999999997
0.1482679999999999
0.14834000000000014
0.1557840000000001
0.14296
0.15768800000000002
0.15328399999999992
0.153484
0.15233999999999986
0.14423199999999997
0.15554000000000004
0.15122400000000014
0.14356799999999995
0.15744
0.15648799999999993
0.14903199999999983
0.144888
0.15482399999999974
0.14679999999999988
0.14963600000000005
0.15877999999999992
0.14998400000000012
0.1552319999999999
0.15789199999999995
0.14568400000000006
0.14722800000000008
0.14837200000000011
0.13906800000000005
0.15339199999999992
0.149468
0.15306
0.1433079999999999
0.15357200000000007
0.142236
0.15499999999999994
0.15241599999999997
0.148792
0.1535839999999999
0.15156399999999984
0.15257999999999985
0.1541959999999999
0.15436
0.14984799999999998
0.14928399999999997
0.15610799999999986
0.14643599999999998
0.15053599999999992
0.15690799999999994
0.1445
0.15000399999999997
0.15455199999999986
0.14489999999999992
0.15235999999999994
0.14815199999999998
0.14632799999999996
0.13899600000000004
0.13970399999999994
0.14514399999999994
0.15423199999999992
0.14761599999999994
0.14379599999999998
0.15067199999999986
0.146972
0.15095199999999995
0.15446800000000005
0.15042399999999995
0.15882399999999994
0.14966399999999988
0.15685599999999997
0.15379999999999996
0.14325599999999994
0.14738399999999996
0.14023200000000005
0.15504000000000007
0.1464039999999999
0.14747199999999996
0.15402000000000002
0.154048
0.15261999999999998
0.15194399999999997
0.155164
0.15284800000000004
0.1472319999999999
0.1516119999999998
0.1528199999999999
0.14577599999999985
0.14886000000000002
0.151744
0.14342
0.15929599999999985
0.1534199999999999
0.14983199999999983
0.15610799999999994
0.13910799999999998
0.15053599999999995
0.15214799999999998
0.1528799999999999
0.1556039999999999
0.15079599999999996
0.148488
0.14930800000000008
0.15467999999999996
0.156876
0.14294000000000007
0.15719999999999992
0.15222800000000003
0.14427999999999996
0.145708
0.15023599999999995
0.14985999999999994
0.14716400000000004
0.15490399999999985
0.1524279999999999
0.14444
0.147344
0.15363999999999986
0.153716
0.15685999999999994
0.15573999999999993
0.16382399999999994
0.14699199999999996
0.13734799999999991
0.143996
0.1503959999999999
0.15485199999999982
0.1474039999999999
0.1573639999999998
0.1553320000000001
0.14719199999999996
0.15524799999999986
0.14585200000000004
0.1544559999999999
0.15158000000000005
0.15835199999999985
0.16012399999999988
0.13238400000000006
0.1579119999999999
0.1535439999999999
0.1464599999999999
0.15559199999999995
0.16058799999999995
0.15245199999999998
0.163044
0.1682479999999999
0.16644399999999995
0.15463999999999992
0.15246400000000013
0.15173999999999987
0.15171199999999993
0.15271600000000002
0.15784799999999985
0.15312000000000006
0.14902399999999988
0.14976399999999998
0.15525199999999992
0.1539399999999999
0.15187199999999992
0.15071599999999982
0.1556239999999999
0.15777999999999998
0.1435079999999999
0.14983599999999989
0.15277199999999996
0.1539919999999999
0.15090799999999996
0.15113999999999997
0.15483199999999994
0.1571479999999999
0.15230400000000005
0.15636399999999998
0.15687999999999996
0.15706799999999987
0.15247200000000005
0.153896
0.15919199999999997
0.14278800000000003
0.15954799999999983
0.1575879999999999
0.16144799999999984
0.15802
0.15965199999999982
0.14997199999999986
0.14376799999999995
0.158888
0.15611599999999995
0.16673200000000007
0.16005199999999992
0.16371199999999989
0.16041199999999992
0.15023199999999992
0.16218
0.15874800000000008
0.14801599999999995
0.1517119999999999
0.1602199999999999
0.15626000000000004
0.15502799999999992
0.15969599999999995
0.1601399999999998
0.14284799999999995
0.1609039999999999
0.15189199999999997
0.15834399999999993
0.15904799999999986
0.14455199999999996
0.15467999999999998
0.14765999999999996
0.15669199999999994
0.15436399999999986
0.16035599999999983
0.15923199999999993
0.14716799999999994
0.16032799999999983
0.152724
0.16143199999999994
0.15415999999999996
0.16736399999999976
0.15513199999999994
0.15537199999999984
0.15865199999999993
0.16247199999999995
0.15133200000000002
0.15636400000000003
0.1575839999999999
0.1514079999999999
0.16184399999999988
0.15537999999999993
0.15754799999999988
0.14726399999999984
0.15507999999999994
0.15885199999999977
0.1476399999999999
0.15368400000000002
0.1536079999999999
0.16006400000000004
0.15067999999999987
0.16030399999999992
0.15246799999999994
0.14898400000000003
0.15856799999999993
0.15668800000000002
0.16445199999999996
0.1586359999999998
0.15300400000000006
0.155676
0.15273599999999998
0.15835599999999986
0.165052
0.14970799999999998
0.15236799999999992
0.16055200000000003
0.15406799999999995
0.14952800000000008
0.14698799999999987
0.15068399999999996
0.16504799999999986
0.1588439999999999
0.15713999999999997
0.15861199999999992
0.14952400000000005
0.1624359999999999
0.14309599999999995
0.15752799999999995
0.15837999999999985
0.14692800000000003
0.15940399999999996
0.1446959999999999
0.16349599999999986
0.16175999999999993
0.16478399999999985
0.14832799999999988
0.15519600000000008
0.16104799999999972
0.15427199999999988
0.16212400000000005
0.1544920000000001
0.15463999999999983
0.1568559999999998
0.16147599999999995
0.15358399999999994
0.16309999999999983
0.157452
0.15973199999999987
0.1654999999999999
0.16101999999999986
0.1558399999999999
0.15550000000000005
0.15209199999999998
0.14312399999999995
0.15887999999999994
0.15100799999999995
0.15612399999999993
0.15072399999999975
0.15095599999999998
0.15841999999999978
0.152136
0.1566799999999999
0.15350799999999987
0.14658399999999996
0.1451399999999999
0.153284
0.15622400000000006
0.155952
0.15404799999999993
0.15025999999999992
0.1560279999999999
0.16082799999999994
0.15779999999999986
0.16405199999999986
0.14998399999999998
0.16085600000000003
0.15684
0.16303199999999998
0.153164
0.15002399999999996
0.149888
0.15782799999999994
0.15340800000000002
0.15503200000000003
0.15539199999999986
0.16190399999999994
0.1531359999999998
0.15544399999999997
0.1561
0.15363599999999994
0.15429999999999985
0.15699199999999988
0.1423120000000001
0.15639599999999984
0.1606479999999999
0.15530399999999991
0.15266799999999997
0.15675599999999998
0.16021999999999983
0.1556
0.15763999999999992
0.15934399999999999
0.16361199999999998
0.14168000000000017
0.15963999999999975
0.14613600000000004
0.15775199999999986
0.15997199999999995
0.15925199999999995
0.15644799999999973
0.16186800000000007
0.1647439999999999
0.16211999999999985
0.15758399999999986
0.1550439999999999
0.1557039999999999
0.15727199999999983
0.16206799999999996
0.15783599999999995
0.15072000000000002
0.15811199999999986
0.15765999999999988
0.16169199999999995
0.15490399999999996
0.1589359999999999
0.15927999999999987
0.15996799999999983
0.156832
0.15257199999999999
0.1624
0.15009199999999998
0.16030799999999995
0.15745999999999996
0.1501879999999999
0.15172799999999997
0.16243599999999983
0.1585799999999999
0.15631600000000004
0.15430399999999994
0.1538759999999999
0.15586399999999995
0.16202000000000008
0.155032
0.15505999999999998
0.15896000000000007
0.1624439999999999
0.1681159999999999
0.16001200000000004
0.15223599999999993
0.15888399999999994
0.161904
0.157072
0.16057199999999985
0.15792399999999984
0.15188399999999994
0.16107199999999997
0.15203199999999992
0.1637079999999999
0.166048
0.16496799999999995
0.15625599999999992
0.16503199999999985
0.15951199999999985
0.1576320000000001
0.1599759999999999
0.1582479999999999
0.15993199999999994
0.14444400000000002
0.15914000000000003
0.1621199999999999
0.15688399999999997
0.15577599999999997
0.166552
0.15072799999999986
0.15275600000000003
0.15710799999999983
0.1628319999999999
0.15351599999999987
0.15785999999999994
0.158544
0.164252
0.14850799999999995
0.15188399999999994
0.16689999999999994
0.15165999999999993
0.14598400000000014
0.15653599999999993
0.16574799999999978
0.15213999999999994
0.1587959999999999
0.1621599999999999
0.15514800000000006
0.15637199999999998
0.16043999999999992
0.15795199999999995
0.15412399999999998
0.1609239999999999
0.15484399999999995
0.15895599999999996
0.15687999999999994
0.16143199999999996
0.15517199999999987
0.15752
0.1596959999999999
0.14601199999999998
0.16445599999999982
0.15540799999999994
0.15781599999999987
0.15699999999999995
0.15505599999999994
0.16460799999999992
0.16476399999999997
0.15175599999999984
0.1503399999999999
0.15941999999999987
0.15327199999999994
0.15290799999999996
0.15981599999999993
0.15847199999999986
0.1641759999999999
0.15734799999999988
0.15291199999999994
0.15699599999999997
0.15261599999999986
0.15194000000000007
0.15695999999999985
0.15746799999999986
0.15952399999999983
0.159308
0.16763599999999979
0.15911599999999992
0.1698639999999999
0.16035599999999986
0.16070800000000005
0.163188
0.14899599999999993
0.15635999999999992
0.1561599999999999
0.15577200000000002
0.15313199999999993
0.16223199999999996
0.1557479999999999
0.15559199999999995
0.14423199999999994
0.1566159999999999
0.15568800000000002
0.15817199999999995
0.15778399999999998
0.16337599999999985
0.15192799999999995
0.16248399999999993
0.15125599999999995
0.15440399999999999
0.156188
0.15966799999999992
0.1569639999999999
0.16157599999999983
0.156068
0.15630799999999997
0.15932799999999994
0.158304
0.15598799999999985
0.1576959999999998
0.16623199999999982
0.16737599999999997
0.1519799999999999
0.1605239999999999
0.1471839999999999
0.1590599999999999
0.16221599999999997
0.16105599999999995
0.15926000000000007
0.1609479999999998
0.15855999999999992
0.16069599999999992
0.1578880000000001
0.15864399999999992
0.16637199999999988
0.154136
0.14871599999999988
0.15916799999999992
0.156332
0.15885600000000002
0.1652159999999998
0.16114399999999987
0.16205999999999984
0.1638159999999999
0.1626000000000001
0.15383999999999995
0.1659359999999999
0.16376799999999997
0.16047600000000004
0.16333999999999985
0.1602559999999999
0.16012799999999996
0.15274000000000001
0.15767199999999992
0.16614799999999988
0.1717599999999999
0.15920800000000002
0.16324799999999998
0.165064
0.161324
0.17111199999999988
0.16106799999999988
0.16123599999999985
0.16635599999999998
0.16010399999999989
0.15936799999999982
0.15955199999999992
0.16203599999999974
0.15019599999999997
0.16624399999999992
0.147224
0.15443999999999988
0.16125199999999987
0.15384400000000006
0.156592
0.16461999999999988
0.16159200000000004
0.16553199999999996
0.16712799999999992
0.15222400000000008
0.16016399999999986
0.16355199999999998
0.16199199999999989
0.15098799999999996
0.160976
0.14807600000000007
0.15394799999999992
0.14417999999999992
0.1600959999999999
0.16815999999999987
0.15338800000000002
0.15569599999999995
0.15741999999999995
0.1538599999999999
0.167036
0.16213199999999992
0.16684399999999988
0.15979600000000002
0.16181199999999993
0.16815599999999992
0.1511479999999999
0.15613999999999997
0.160392
0.1598599999999999
0.15811599999999995
0.16837999999999972
0.15897999999999998
0.16745999999999978
0.15603199999999992
0.15842799999999999
0.15859599999999996
0.1688279999999998
0.154384
0.1661159999999999
0.17075599999999994
0.16435999999999998
0.16795199999999985
0.16605599999999987
0.16259200000000004
0.15087999999999993
0.15780000000000002
0.16292399999999993
0.16612799999999994
0.17026799999999975
0.15535199999999996
0.15647599999999987
0.15699599999999989
0.1579359999999999
0.15400399999999984
0.15755199999999994
0.1587079999999999
0.15372399999999992
0.16750399999999982
0.1607159999999999
0.16556000000000007
0.16079599999999994
0.15572799999999995
0.1606279999999999
0.153244
0.1631159999999999
0.15724000000000002
0.1650239999999998
0.1673439999999998
0.17000800000000005
0.1605599999999999
0.15603599999999987
0.1622919999999998
0.15675199999999992
0.16325599999999985
0.16589199999999985
0.15402799999999997
0.15757199999999988
0.15263599999999997
0.15769599999999992
0.15928399999999984
0.15989199999999987
0.17007199999999967
0.16326799999999989
0.16137599999999983
0.1678119999999999
0.16153199999999993
0.16842799999999972
0.16168799999999986
0.1646159999999998
0.1568759999999999
0.15607199999999988
0.16028
0.16930799999999985
0.16433599999999976
0.15556399999999987
0.15426000000000006
0.15221199999999993
0.16667599999999996
0.15732799999999986
0.15815199999999982
0.16259199999999988
0.17066399999999987
0.14741999999999994
0.16470799999999985
0.16699999999999976
0.15684799999999996
0.14622000000000002
0.153452
0.15882000000000002
0.15328400000000006
0.16143599999999997
0.1707319999999999
0.1614359999999999
0.1621639999999999
0.1639719999999999
0.16187999999999989
0.16573599999999988
0.16661999999999988
0.1540239999999999
0.1611079999999999
0.1646639999999999
0.17139599999999974
0.16302799999999992
0.15847199999999978
0.16205599999999973
0.16570799999999986
0.1570559999999999
0.15602399999999994
0.16161599999999982
0.163904
0.1713359999999998
0.16055199999999992
0.16429199999999997
0.1566599999999998
0.1608119999999999
0.15154399999999985
0.16223199999999996
0.16603999999999977
0.16333199999999984
0.16303599999999985
0.16307199999999997
0.16217599999999993
0.16493999999999998
0.15783199999999994
0.16297199999999992
0.1626359999999999
0.14188799999999988
0.16289599999999999
0.16556399999999982
0.15556799999999993
0.16175999999999993
0.15048799999999982
0.15600799999999998
0.15466799999999997
0.1649639999999999
0.15548399999999987
0.16672799999999993
0.15274799999999997
0.16220400000000004
0.1657559999999998
0.16519999999999987
0.16251999999999986
0.1582199999999998
0.164772
0.1569559999999999
0.15931199999999998
0.16684799999999997
0.1638079999999998
0.1613239999999998
0.15568399999999993
0.15476399999999987
0.14836799999999986
0.15674399999999986
0.1626079999999999
0.15802399999999991
0.15842799999999987
0.1618039999999998
0.16024799999999997
0.1552159999999999
0.16001199999999996
0.15993999999999992
0.16827199999999992
0.16115599999999994
0.15853999999999993
0.16843999999999978
0.15970399999999987
0.1652799999999998
0.16651599999999997
0.16555999999999993
0.1590999999999999
0.16630399999999984
0.1543039999999999
0.1489679999999999
0.16229199999999985
0.1670679999999998
0.1654479999999999
0.16271199999999988
0.16369599999999987
0.16493999999999984
0.16437999999999992
0.17221199999999975
0.16335999999999984
0.1604999999999998
0.16762400000000002
0.1658639999999998
0.1632359999999999
0.15858799999999987
0.16379599999999978
0.16601199999999977
0.16664799999999985
0.16896799999999984
0.16710399999999978
0.16852799999999987
0.1617599999999999
0.16877599999999976
0.15905599999999998
0.16991999999999988
0.16903199999999982
0.16636399999999985
0.16849999999999998
0.1597679999999999
0.1626559999999998
0.16398799999999972
0.15336399999999992
0.15629999999999983
0.16788399999999976
0.15782399999999988
0.16449600000000006
0.16932799999999987
0.15507200000000002
0.16629999999999986
0.1608359999999999
0.1689999999999998
0.16564799999999982
0.16774399999999975
0.15886399999999995
0.1620919999999999
0.17073999999999984
0.16978399999999993
0.16863999999999976
0.15451599999999982
0.16548399999999983
0.15556799999999993
0.16043999999999975
0.17069599999999985
0.15356
0.16750799999999988
0.1628959999999999
0.17099199999999998
0.1688799999999998
0.16065199999999985
0.1628559999999998
0.16806799999999986
0.16552799999999976
0.16299599999999984
0.1632919999999998
0.1682559999999999
0.15961199999999987
0.1663719999999998
0.16041999999999995
0.16815199999999977
0.15560399999999996
0.1588519999999999
0.1543479999999999
0.16236799999999985
0.15828799999999982
0.16530799999999987
0.16147999999999985
0.15183199999999994
0.14153600000000002
0.16878799999999994
0.16815999999999984
0.15766799999999975
0.15659599999999976
0.16400799999999982
0.15849199999999974
0.16706799999999988
0.16269999999999996
0.1583999999999999
0.16247599999999982
0.16947199999999982
0.1646839999999998
0.17011999999999974
0.1634799999999998
0.16779599999999983
0.14576399999999995
0.1627199999999998
0.1639239999999999
0.17350399999999988
0.1677239999999998
0.16155599999999987
0.16297199999999992
0.163912
0.17061999999999988
0.1623359999999998
0.16787199999999985
0.1618319999999999
0.1637879999999999
0.16238399999999995
0.1655079999999997
0.16569999999999988
0.15579199999999993
0.1599399999999999
0.15778399999999995
0.16263599999999986
0.16236799999999987
0.17013999999999976
0.1712839999999999
0.14937599999999976
0.16466799999999984
0.1614199999999999
0.1644679999999999
0.16813999999999993
0.16849199999999984
0.16313999999999998
0.16360399999999978
0.16134399999999977
0.16065599999999988
0.16318399999999983
0.15755199999999994
0.16409999999999977
0.16113999999999978
0.1704479999999998
0.16449199999999986
0.15701999999999983
0.1615279999999998
0.16396799999999995
0.16199999999999987
0.16756799999999974
0.16686399999999982
0.16633599999999987
0.16538399999999986
0.15249199999999977
0.17031999999999983
0.1584159999999998
0.1662919999999997
0.16377199999999983
0.17261200000000002
0.16580799999999993
0.15952399999999978
0.16377599999999992
0.16572399999999982
0.15771200000000002
0.16822799999999985
0.16043999999999992
0.1649599999999999
0.16520799999999977
0.1653359999999998
0.1621519999999998
0.1604319999999999
0.15937600000000007
0.17770799999999978
0.1613039999999999
0.16483999999999982
0.16639199999999993
0.16969999999999988
0.1705079999999999
0.16815599999999975
0.1688759999999999
0.16224799999999978
0.15212799999999987
0.1545319999999998
0.16196799999999997
0.16761999999999988
0.17176000000000002
0.16423999999999975
0.1646799999999999
0.15952799999999992
0.1608439999999998
0.1679239999999999
0.16851200000000008
0.16813199999999975
0.16090399999999982
0.1660279999999999
0.1558959999999998
0.17166399999999982
0.16933999999999977
0.16367599999999982
0.1615119999999998
0.16718799999999992
0.16456399999999993
0.16024799999999992
0.15620799999999987
0.16985199999999992
0.16943199999999994
0.16971599999999976
0.16141599999999992
0.16939199999999976
0.1654319999999999
0.16200799999999996
0.16873599999999989
0.1673079999999999
0.16860799999999987
0.17175199999999982
0.16592399999999988
0.16130799999999984
0.16140399999999994
0.16307199999999983
0.16973999999999984
0.16881199999999977
0.17261599999999985
0.17034799999999978
0.1659559999999998
0.16469199999999992
0.1668239999999998
0.16304399999999988
0.164528
0.16436399999999982
0.17172399999999988
0.1675319999999999
0.16523199999999974
0.16647199999999981
0.1624439999999999
0.17046799999999981
0.16265199999999985
0.17389999999999983
0.16909599999999972
0.1665279999999998
0.16308000000000003
0.16737599999999972
0.16113599999999997
0.15942799999999976
0.1713599999999998
0.16811999999999985
0.16547599999999976
0.1706759999999997
0.16884800000000003
0.16617999999999986
0.16439999999999988
0.16775999999999996
0.16725599999999985
0.15951999999999997
0.1586239999999999
0.1700999999999999
0.17495199999999983
0.16639199999999968
0.16477999999999987
0.17112799999999997
0.17145599999999997
0.16902800000000007
0.1529279999999998
0.16289999999999988
0.16395199999999993
0.1671559999999998
0.1669199999999999
0.16464799999999985
0.16299199999999986
0.165172
0.16584399999999988
0.16027599999999986
0.15828
0.16996399999999978
0.17669200000000004
0.16407599999999983
0.17095599999999997
0.1624199999999998
0.1719639999999998
0.1578599999999998
0.16650799999999985
0.17290799999999976
0.16813599999999992
0.1651559999999998
0.17352399999999985
0.16151199999999985
0.17565199999999975
0.1660319999999999
0.17257199999999992
0.1615719999999998
0.16457999999999995
0.1702759999999999
0.15841199999999991
0.1654079999999999
0.1694079999999998
0.16691999999999996
0.16885199999999984
0.17225999999999986
0.16899999999999982
0.16887599999999978
0.16610399999999984
0.1593879999999998
0.1676839999999999
0.1613839999999998
0.16885999999999987
0.17629599999999992
0.16411599999999993
0.16769199999999987
0.1655359999999999
0.15918799999999977
0.17012799999999986
0.16464799999999996
0.16108399999999973
0.16967999999999991
0.16229599999999983
0.16026399999999993
0.16476799999999997
0.1588559999999999
0.16418799999999992
0.16789599999999982
0.16592399999999985
0.16902
0.1638959999999999
0.16862799999999967
0.17050799999999985
0.16239599999999985
0.16723199999999977
0.1595039999999999
0.15691199999999977
0.17270799999999978
0.16458799999999973
0.1611119999999998
0.1645759999999999
0.16171199999999983
0.15899200000000008
0.16433199999999973
0.16448800000000008
0.16037999999999994
0.15918399999999985
0.1668919999999999
0.17113999999999982
0.1689599999999998
0.16583599999999982
0.16795599999999988
0.1664719999999998
0.17018399999999986
0.16773599999999983
0.16769599999999993
0.16391999999999987
0.16125199999999992
0.17152799999999999
0.16053599999999996
0.1622959999999998
0.170468
0.1645199999999999
0.16308799999999996
0.1688479999999997
0.16865999999999992
0.16692799999999983
0.16364399999999987
0.16800400000000001
0.16847599999999996
0.17569999999999988
0.17007599999999987
0.16379199999999977
0.15916799999999984
0.17037599999999983
0.16780399999999993
0.16377999999999976
0.17082000000000003
0.16405599999999979
0.16038799999999975
0.15520799999999993
0.18004399999999987
0.1677879999999999
0.17708399999999969
0.15686799999999987
0.16705599999999973
0.16681999999999986
0.17068799999999973
0.16418799999999975
0.16803999999999983
0.16187199999999988
0.16664399999999996
0.16567999999999988
0.17684399999999983
0.16555199999999978
0.160988
0.1559999999999999
0.16561199999999976
0.15823999999999988
0.17245599999999991
0.17034799999999983
0.1624399999999998
0.1649879999999999
0.17141599999999982
0.16957999999999981
0.16933199999999995
0.1697719999999998
0.16417999999999985
0.17586399999999988
0.16708799999999976
0.1619959999999999
0.16963599999999984
0.16429199999999988
0.16971199999999986
0.1674199999999998
0.1729279999999999
0.16210799999999995
0.17760399999999985
0.17406399999999989
0.17306399999999988
0.17337999999999992
0.17413599999999987
0.16638399999999995
0.17542
0.1735759999999999
0.16854799999999992
0.17036799999999977
0.16795599999999977
0.16171199999999988
0.16643599999999992
0.167612
0.1774519999999999
0.16282399999999983
0.161204
0.15172799999999984
0.1741239999999998
0.1693519999999998
0.16898799999999975
0.16031199999999984
0.1589759999999999
0.1680559999999999
0.15887199999999987
0.17526399999999978
0.17669999999999986
0.16503199999999976
0.16954399999999972
0.172852
0.17015599999999975
0.1646839999999998
0.16435599999999995
0.17740799999999984
0.16282000000000002
0.1754639999999998
0.16041199999999997
0.16484399999999988
0.1654159999999998
0.1696239999999999
0.17138799999999982
0.17232799999999993
0.15963199999999997
0.16961999999999974
0.16422800000000004
0.16942399999999985
0.17016399999999982
0.17306399999999988
0.16899599999999995
0.16468399999999997
0.17033199999999973
0.1699679999999999
0.17575599999999966
0.172104
0.16759999999999983
0.16809999999999992
0.17506399999999997
0.16804399999999986
0.16848399999999997
0.16827599999999984
0.17125999999999977
0.17310799999999987
0.16754399999999983
0.1743119999999998
0.17027200000000003
0.16475599999999999
0.17766399999999985
0.17200799999999986
0.17720799999999984
0.17331999999999992
0.1700959999999998
0.17011199999999993
0.1784999999999998
0.1701999999999999
0.1694879999999998
0.16967999999999994
0.16765999999999986
0.17633199999999988
0.16330799999999981
0.16796800000000003
0.17195199999999994
0.16336
0.17024799999999976
0.17194799999999988
0.16881199999999974
0.16754400000000003
0.177392
0.16530799999999987
0.17286799999999974
0.1707919999999998
0.16527999999999995
0.17850799999999983
0.17119599999999988
0.16164799999999974
0.1678279999999999
0.17030000000000003
0.17316399999999982
0.16879599999999978
0.16829599999999995
0.16619199999999987
0.17058399999999993
0.1610399999999999
0.1711919999999998
0.1708239999999998
0.1645079999999999
0.17366799999999996
0.16726
0.16893999999999987
0.17141199999999987
0.17216399999999982
0.16271200000000002
0.17388399999999973
0.15995599999999985
0.16696000000000003
0.17444799999999994
0.16142799999999985
0.17391599999999982
0.1652199999999998
0.17316399999999993
0.17096399999999978
0.16343999999999986
0.16354799999999986
0.16974799999999993
0.17434799999999995
0.17615999999999998
0.1652999999999998
0.1647519999999999
0.16506799999999971
0.17040399999999978
0.1721959999999999
0.16504
0.1742439999999999
0.14837999999999987
0.17085599999999987
0.159188
0.16929199999999991
0.17052000000000006
0.16331200000000004
0.16357599999999986
0.16471199999999983
0.16695999999999986
0.16724799999999987
0.1737399999999999
0.17697599999999997
0.16862799999999983
0.1619439999999998
0.16873599999999975
0.15939999999999985
0.17246799999999982
0.16523199999999982
0.16977599999999973
0.1714719999999999
0.16622399999999976
0.17527599999999974
0.17042399999999988
0.1711839999999998
0.17299199999999987
0.170656
0.17542799999999972
0.17931599999999975
0.16749599999999992
0.16892399999999988
0.17369999999999985
0.16659999999999986
0.17792399999999983
0.16858399999999985
0.17167199999999994
0.17413999999999974
0.17259599999999997
0.16623599999999963
0.1736799999999999
0.15763599999999997
0.1663439999999999
0.16713999999999984
0.1696239999999999
0.16895199999999994
0.16264399999999984
0.16920399999999994
0.17539999999999986
0.17464799999999997
0.16801200000000002
0.17394399999999993
0.17155199999999998
0.17415999999999995
0.16301599999999986
0.17095199999999983
0.1771119999999999
0.1732959999999998
0.17031200000000005
0.1664359999999999
0.17238799999999987
0.17263599999999998
0.15601200000000007
0.17764399999999986
0.167248
0.16134800000000005
0.16592399999999977
0.16012799999999994
0.16942800000000005
0.17279999999999998
0.17992399999999995
0.16785199999999986
0.1708199999999998
0.16887199999999994
0.1756919999999999
0.1690479999999998
0.1643959999999999
0.17013999999999968
0.1737879999999999
0.18087199999999978
0.17513199999999998
0.16659199999999996
0.1800959999999998
0.17449199999999981
0.16899999999999982
0.17611999999999972
0.167324
0.17129999999999998
0.18006
0.165964
0.17613199999999987
0.1765999999999999
0.16552799999999984
0.17300399999999996
0.175504
0.1747079999999999
0.1694759999999999
0.17497999999999989
0.17115199999999997
0.17242399999999994
0.16949200000000006
0.17762799999999987
0.16948799999999986
0.17397199999999988
0.17318399999999998
0.16508399999999995
0.17827599999999985
0.17930799999999994
0.17390399999999975
0.17324
0.1604519999999997
0.17167999999999994
0.16990799999999998
0.17255999999999966
0.1752319999999999
0.16340399999999983
0.16866799999999993
0.17067999999999978
0.17399599999999982
0.16552799999999981
0.17205999999999985
0.18037599999999981
0.17073999999999986
0.17020799999999991
0.16082399999999986
0.16293599999999994
0.17188799999999993
0.17964799999999984
0.17550799999999994
0.17387999999999984
0.18013999999999994
0.173272
0.17167999999999992
0.1711599999999999
0.17661199999999985
0.16946799999999987
0.17087199999999994
0.1748119999999999
0.1750359999999999
0.17710399999999987
0.17269599999999988
0.17570399999999986
0.1740759999999999
0.16299200000000003
0.17339599999999977
0.17295999999999992
0.17337599999999995
0.17037999999999995
0.1653959999999998
0.17269599999999988
0.17140799999999987
0.17128399999999996
0.1754959999999998
0.17705999999999988
0.17112399999999983
