-0.11995227
-0.11103742999999998
-0.10507687000000004
-0.09953269
-0.09571123999999996
-0.09343241999999999
-0.09148239999999994
-0.09020422999999993
-0.0889339399999999
-0.08738993999999992
-0.08589154999999989
-0.08510990999999986
-0.08479456999999982
-0.08383383999999984
-0.08279685999999982
-0.08291639999999982
-0.08173325999999982
-0.08049335999999988
-0.07982814999999986
-0.07952103999999986
-0.07934458999999987
-0.07861999999999986
-0.07886654999999985
-0.07809606999999986
-0.07803843999999983
-0.07719554999999985
-0.07612049999999983
-0.07576897999999983
-0.07543661999999983
-0.07503127999999984
-0.07400583999999984
-0.07415188999999982
-0.07346059999999982
-0.07291740999999981
-0.0716221199999998
-0.07118029999999984
-0.07061202999999983
-0.07018318999999983
-0.0693126299999998
-0.06851831999999981
-0.06749523999999982
-0.06713069999999983
-0.06575447999999982
-0.06441106999999983
-0.06489516999999985
-0.06448982999999985
-0.06382532999999983
-0.06379938999999986
-0.06301164999999985
-0.06308192999999987
-0.06174190999999988
-0.06143705999999989
-0.06084286999999989
-0.060315189999999894
-0.0600483199999999
-0.05857258999999993
-0.05805203999999994
-0.057658429999999934
-0.057389919999999935
-0.05652566999999996
-0.055687149999999956
-0.05539339999999997
-0.05523037999999999
-0.05509843999999998
-0.05483312999999998
-0.05457874999999998
-0.05391528999999999
-0.05373497000000001
-0.05354955999999999
-0.053377359999999985
-0.05262778
-0.05257664000000001
-0.05287103999999999
-0.05213477999999999
-0.052289199999999994
-0.05239727
-0.051920650000000006
-0.05176984
-0.05164376
-0.05097045000000001
-0.05145962
-0.051017969999999996
-0.05130238
-0.051412820000000005
-0.05087864
-0.05084913
-0.05068150999999999
-0.051217580000000006
-0.05037002999999998
-0.05065551
-0.050593959999999986
-0.04990185
-0.050192890000000004
-0.049751909999999996
-0.050071229999999994
-0.04920648999999999
-0.04916754999999999
-0.049237140000000006
-0.04892332999999999
-0.04885176999999999
-0.04894669999999998
-0.04856704999999997
-0.04845323999999998
-0.04836223999999999
-0.04815991999999999
-0.04793020999999999
-0.04773233999999997
-0.048140389999999984
-0.04816387999999997
-0.04792882999999998
-0.04807037999999999
-0.047567819999999976
-0.04717409999999998
-0.04743550999999997
-0.047137389999999994
-0.047321709999999975
-0.04731748999999998
-0.047228859999999984
-0.04740695999999998
-0.047672479999999996
-0.047130399999999996
-0.04753061
-0.04737231999999999
-0.04694756999999998
-0.047236349999999996
-0.04671513
-0.04594469999999999
-0.046216279999999985
-0.046228149999999996
-0.046098539999999986
-0.04577745999999999
-0.04579224
-0.045810909999999996
-0.04525608999999999
-0.045179549999999985
-0.045489309999999984
-0.044871809999999984
-0.045411279999999984
-0.045301289999999994
-0.045427929999999984
-0.04458374999999999
-0.044973729999999996
-0.04483538999999999
-0.04437263999999999
-0.04484542999999999
-0.044459989999999984
-0.044103949999999996
-0.04375944999999998
-0.04416758999999999
-0.04340343999999999
-0.043501420000000006
-0.04387261999999999
-0.043639359999999995
-0.043211569999999984
-0.043465549999999985
-0.04352544999999999
-0.04267877999999998
-0.04230387999999998
-0.04238973999999999
-0.04216468999999999
-0.04215791999999999
-0.04238256999999998
-0.04217589999999999
-0.04232219999999999
-0.04234495
-0.041350869999999984
-0.04195054000000001
-0.04160378999999999
-0.041212049999999986
-0.041821800000000006
-0.04102754
-0.04146182
-0.04185867
-0.04172068000000001
-0.042009229999999995
-0.04141605
-0.04109581
-0.04102831999999999
-0.041171749999999986
-0.04152527
-0.04120412999999999
-0.041349839999999985
-0.041250209999999995
-0.04140796999999999
-0.04121403999999999
-0.04114168
-0.04110621999999999
-0.04132510999999999
-0.04143164
-0.04155834
-0.041045269999999995
-0.041440959999999985
-0.041380940000000005
-0.04098029999999999
-0.04172692999999999
-0.04130359999999999
-0.04119845
-0.041584839999999984
-0.041336130000000006
-0.04140113999999999
-0.04110888
-0.040494459999999996
-0.04038190999999999
-0.04030440999999998
-0.04047382999999998
-0.039575649999999976
-0.03953756999999998
-0.03940402999999997
-0.039328799999999976
-0.03937766999999998
-0.039098989999999986
-0.03935503999999998
-0.038887779999999976
-0.03919800999999997
-0.03971743999999997
-0.038862749999999974
-0.039554859999999976
-0.03874278999999997
-0.038814959999999975
-0.038921429999999965
-0.038860399999999976
-0.038827769999999984
-0.03930254999999998
-0.03865713999999998
-0.03867259999999998
-0.03848661999999997
-0.03859762999999997
-0.03845047999999998
-0.03878340999999998
-0.038271559999999975
-0.038291729999999975
-0.037775829999999976
-0.03805209999999998
-0.03809032999999997
-0.03841716999999998
-0.03792883999999997
-0.037966269999999976
-0.03757662999999998
-0.03746305999999997
-0.03763971999999999
-0.036984089999999976
-0.03748616999999997
-0.037118849999999974
-0.036280919999999967
-0.03613875999999998
-0.03628977999999998
-0.03534751999999998
-0.03492002999999998
-0.03498904999999999
-0.03427822999999998
-0.03453339999999998
-0.034204679999999994
-0.03368921999999998
-0.03400087999999998
-0.03301598999999999
-0.03351492
-0.03362722
-0.03335483
-0.033725370000000005
-0.033603009999999996
-0.0332612
-0.033662149999999995
-0.0334472
-0.03243379
-0.03267894000000001
-0.033152209999999994
-0.03316921
-0.03340092
-0.03275787
-0.032823820000000004
-0.03294228
-0.03240526
-0.03285712
-0.032464469999999995
-0.03272529
-0.03240197000000001
-0.032818789999999994
-0.032894469999999995
-0.032797360000000005
-0.03271439
-0.03268749
-0.03263597
-0.03231217
-0.03257971000000001
-0.03297592
-0.032736470000000004
-0.03243708
-0.033020429999999996
-0.032756560000000004
-0.03249286
-0.03236246
-0.03250377
-0.032922049999999994
-0.03197554000000001
-0.03288464
-0.032627550000000005
-0.03240693
-0.03299123
-0.03256054
-0.03218982
-0.03184706
-0.03197468000000001
-0.03200391
-0.032197460000000004
-0.03231875000000001
-0.03175047000000001
-0.03175872000000001
-0.03224765
-0.032085329999999995
-0.032014070000000006
-0.03225487999999999
-0.03213543
-0.03174571000000001
-0.03188610000000001
-0.03191838
-0.03156532
-0.03168879
-0.032339709999999994
-0.03191865
-0.03168058
-0.031897230000000006
-0.03180057
-0.03201849
-0.03174775000000001
-0.03238794
-0.03177023
-0.031658900000000004
-0.03126315000000001
-0.031721540000000006
-0.03169405
-0.03122876
-0.03126507000000001
-0.030878560000000013
-0.031140610000000003
-0.03040130000000001
-0.030311210000000005
-0.030223890000000014
-0.029967290000000014
-0.030355820000000016
-0.03009187000000002
-0.029632560000000016
-0.029691280000000014
-0.02985145000000002
-0.029420020000000022
-0.029312560000000015
-0.02961300000000002
-0.02956825000000003
-0.02933698000000002
-0.02877533000000002
-0.02897724000000003
-0.02861430000000003
-0.02858077000000003
-0.027896010000000023
-0.02781403000000003
-0.027770770000000028
-0.027482280000000022
-0.027446290000000036
-0.02745399000000003
-0.027432990000000032
-0.027469240000000027
-0.02784057000000003
-0.027057700000000028
-0.026879520000000028
-0.026590360000000014
-0.02686898000000003
-0.02609304000000003
-0.026391750000000033
-0.026270910000000022
-0.026205390000000026
-0.025965850000000023
-0.025831920000000022
-0.026134490000000028
-0.026087630000000018
-0.026074370000000027
-0.025676310000000025
-0.02603174000000002
-0.02573795000000002
-0.02539771000000002
-0.02514916000000002
-0.02502288000000002
-0.02549706000000002
-0.02516892000000002
-0.024689210000000027
-0.02479262000000003
-0.025224430000000023
-0.023993120000000027
-0.024628700000000017
-0.02394575000000002
-0.02408334000000002
-0.023875880000000026
-0.02355893000000002
-0.023814080000000022
-0.02287549000000003
-0.02293303000000003
-0.023295010000000026
-0.02269593000000002
-0.022727520000000022
-0.022634470000000028
-0.022791310000000026
-0.022193680000000025
-0.023257380000000025
-0.022749940000000028
-0.023105710000000026
-0.02243920000000002
-0.022901680000000025
-0.022802430000000026
-0.022401510000000024
-0.022107330000000026
-0.021879960000000018
-0.022117290000000022
-0.021562560000000026
-0.02182794000000002
-0.02138417000000002
-0.021662180000000017
-0.02155137000000002
-0.02163556000000002
-0.021463390000000023
-0.021860530000000024
-0.021354140000000018
-0.02164455000000002
-0.02157303000000002
-0.021437290000000025
-0.02142052000000002
-0.022045430000000022
-0.02148660000000002
-0.02151751000000002
-0.021482400000000023
-0.02138934000000002
-0.021070240000000014
-0.021372840000000018
-0.021067060000000023
-0.021002350000000017
-0.02095873000000002
-0.021041950000000018
-0.021019260000000026
-0.02140881000000002
-0.021075090000000022
-0.021339910000000017
-0.021740290000000023
-0.021069940000000013
-0.021459270000000027
-0.021171340000000018
-0.021041600000000025
-0.020931280000000024
-0.02097003000000002
-0.02096268000000002
-0.021006760000000013
-0.021110190000000018
-0.020948120000000018
-0.02096397000000002
-0.02120622000000002
-0.021446210000000025
-0.02072894000000002
-0.02092829000000002
-0.020831020000000016
-0.02063712000000002
-0.020757640000000018
-0.020901920000000015
-0.02120071000000001
-0.02090851000000002
-0.02092550000000001
-0.020861960000000016
-0.02103468000000002
-0.020899820000000013
-0.021043220000000012
-0.020996570000000013
-0.020577420000000016
-0.020817370000000016
-0.02061445000000001
-0.020891040000000017
-0.020827630000000014
-0.02041898000000002
-0.020663090000000023
-0.020269920000000018
-0.02004718000000001
-0.020672320000000015
-0.020088540000000012
-0.020405690000000018
-0.02050489000000001
-0.020238440000000014
-0.020371670000000012
-0.020679660000000016
-0.02076726000000002
-0.020237620000000015
-0.020250350000000018
-0.020787710000000018
-0.020177450000000013
-0.020597350000000018
-0.02045354000000002
-0.02039067000000002
-0.02039550000000002
-0.02075493000000002
-0.020199460000000016
-0.02076983000000002
-0.020520850000000014
-0.019978500000000017
-0.02062677000000002
-0.020203800000000015
-0.020526530000000022
-0.020210400000000014
-0.020466160000000014
-0.02040144000000002
-0.020419060000000013
-0.020246480000000018
-0.020594700000000018
-0.02043825000000002
-0.019799670000000016
-0.02011254000000002
-0.019893770000000012
-0.019649970000000013
-0.019513190000000017
-0.019565690000000014
-0.01976626000000001
-0.019468970000000013
-0.019851690000000016
-0.018811090000000013
-0.01896012000000001
-0.01942472000000001
-0.018819870000000013
-0.018355240000000016
-0.018692920000000012
-0.018599170000000012
-0.018922590000000013
-0.018835640000000015
-0.018967920000000017
-0.018825650000000013
-0.018901660000000015
-0.019034320000000014
-0.018742030000000014
-0.018810960000000012
-0.018527220000000007
-0.018697810000000013
-0.018708540000000013
-0.01817373000000001
-0.01854551000000001
-0.018412210000000012
-0.01829078000000001
-0.01769788000000001
-0.018104270000000013
-0.01870932000000002
-0.01820412000000001
-0.01833144000000001
-0.018512560000000008
-0.018122280000000008
-0.017564260000000012
-0.01731531000000001
-0.018127080000000014
-0.018112840000000012
-0.017864380000000013
-0.01724740000000001
-0.01793513000000001
-0.017324890000000013
-0.018377170000000012
-0.017410140000000015
-0.017730990000000012
-0.018046690000000015
-0.01750689000000001
-0.017511400000000014
-0.017710340000000012
-0.017474390000000013
-0.01769991000000001
-0.01724888000000001
-0.017258520000000013
-0.017534060000000008
-0.01720882000000001
-0.017679540000000007
-0.017188930000000005
-0.017562770000000012
-0.01732541000000001
-0.01715653000000001
-0.017521240000000004
-0.01717959000000001
-0.01697639000000001
-0.017132580000000012
-0.017015350000000012
-0.017272230000000013
-0.016842260000000008
-0.01645533000000001
-0.016902680000000014
-0.016234460000000006
-0.016702870000000012
-0.017099870000000014
-0.01667989000000001
-0.016821230000000013
-0.016494310000000012
-0.01644299000000001
-0.01680431000000001
-0.017003980000000016
-0.01679145000000001
-0.016789410000000008
-0.017048820000000013
-0.01675343000000001
-0.01706628000000001
-0.016462750000000005
-0.016722370000000007
-0.016610610000000012
-0.016730250000000012
-0.016194210000000007
-0.01681115000000001
-0.016464010000000008
-0.016505250000000013
-0.015910760000000006
-0.016196180000000008
-0.01592325000000001
-0.016011020000000008
-0.015944900000000012
-0.01590013000000001
-0.015915780000000004
-0.015325360000000005
-0.016566880000000013
-0.016307840000000007
-0.01646434000000001
-0.01632734000000001
-0.016126170000000006
-0.01632770000000001
-0.016144550000000008
-0.01650372000000001
-0.016259050000000008
-0.016229270000000014
-0.01653450000000001
-0.01591521000000001
-0.016604730000000005
-0.01618536000000001
-0.016033810000000013
-0.01599164000000001
-0.015851070000000005
-0.015983120000000014
-0.015894680000000008
-0.01600493000000001
-0.016097000000000014
-0.016051580000000013
-0.01590412000000001
-0.01577173000000001
-0.01586114000000001
-0.01578192000000001
-0.016192220000000007
-0.015775800000000013
-0.015834000000000008
-0.01532741000000001
-0.01563893000000001
-0.01603727000000001
-0.01561012000000001
-0.015358860000000007
-0.015639430000000013
-0.014797000000000012
-0.015290930000000013
-0.015392700000000013
-0.015351680000000008
-0.014746390000000009
-0.014954920000000012
-0.014965470000000014
-0.015826120000000013
-0.014204180000000012
-0.01431308000000001
-0.013532260000000011
-0.013598610000000013
-0.01320147000000001
-0.013154050000000013
-0.012594140000000009
-0.012386250000000012
-0.011966410000000009
-0.01267311000000001
-0.012649640000000009
-0.012344170000000005
-0.011426110000000005
-0.011470840000000005
-0.011088120000000005
-0.010745250000000005
-0.010883310000000002
-0.010334500000000003
-0.009600080000000002
-0.009461230000000003
-0.009484900000000003
-0.009870690000000001
-0.009231620000000003
-0.00945494
-0.009917630000000005
-0.009506940000000002
-0.009309460000000002
-0.010024350000000001
-0.00969499
-0.009110250000000002
-0.009351840000000002
-0.009831810000000003
-0.010139680000000005
-0.009853360000000004
-0.009486930000000006
-0.009053200000000004
-0.009097240000000005
-0.008914460000000004
-0.008578670000000004
-0.008612820000000004
-0.008337400000000005
-0.008409780000000004
-0.008469250000000005
-0.008420300000000006
-0.008921560000000002
-0.008748690000000005
-0.007967480000000002
-0.007784950000000004
-0.007927420000000004
-0.007537080000000005
-0.007833510000000005
-0.007530450000000006
-0.008037860000000006
-0.007935150000000004
-0.007176660000000006
-0.007659300000000004
-0.007177440000000006
-0.007065920000000006
-0.007278250000000009
-0.007015200000000006
-0.006231680000000004
-0.005784070000000005
-0.006377890000000006
-0.006735900000000006
-0.006401320000000005
-0.006297170000000006
-0.006254850000000005
-0.006047780000000005
-0.005551410000000004
-0.005908140000000007
-0.005474660000000005
-0.006304920000000005
-0.006195970000000006
-0.006112940000000004
-0.006159580000000005
-0.005660020000000004
-0.005699110000000005
-0.005653630000000005
-0.005280440000000004
-0.005771930000000005
-0.004894830000000005
-0.005685440000000006
-0.005015340000000004
-0.005057030000000006
-0.004790620000000004
-0.004945580000000005
-0.004772410000000006
-0.004284830000000005
-0.004716440000000005
-0.005152810000000005
-0.005078910000000005
-0.0050468800000000045
-0.004386150000000005
-0.0042193400000000054
-0.004482560000000007
-0.004590050000000008
-0.0041953800000000055
-0.003905860000000006
-0.004642620000000008
-0.0048067400000000055
-0.004288060000000007
-0.005003580000000008
-0.0045246600000000085
-0.0041556200000000066
-0.004996630000000007
-0.004181980000000006
-0.004523030000000008
-0.004474360000000008
-0.004606790000000008
-0.0044803400000000045
-0.004699870000000007
-0.004601620000000007
-0.004367510000000006
-0.004549470000000008
-0.004655390000000007
-0.004246440000000007
-0.0043476800000000065
-0.004713470000000007
-0.004419450000000007
-0.004541230000000006
-0.0043982300000000064
-0.004917420000000005
-0.004405450000000008
-0.004239590000000007
-0.004761210000000005
-0.004684640000000006
-0.004431600000000005
-0.004271390000000005
-0.004157400000000007
-0.004474950000000007
-0.004127240000000008
-0.004616410000000007
-0.004549620000000005
-0.004353320000000005
-0.004564680000000005
-0.004696880000000006
-0.0047192500000000056
-0.004614240000000005
-0.004433700000000006
-0.004417930000000007
-0.003893550000000007
-0.003877610000000004
-0.004078120000000006
-0.004253160000000007
-0.0041501200000000045
-0.004044910000000004
-0.004307430000000006
-0.004556550000000006
-0.0038530100000000044
-0.004167560000000005
-0.004408200000000007
-0.0036569100000000054
-0.004278850000000006
-0.0040716800000000055
-0.0041488100000000045
-0.0037983800000000057
-0.003941710000000006
-0.004032360000000006
-0.004091770000000005
-0.003724810000000005
-0.003886440000000006
-0.0036957400000000064
-0.003857810000000005
-0.0038078100000000065
-0.004107150000000005
-0.003893630000000005
-0.0035195200000000056
-0.004206500000000006
-0.003786870000000003
-0.002965480000000003
-0.0033328800000000038
-0.003033160000000005
-0.0032188200000000046
-0.0035322100000000035
-0.0036197700000000057
-0.003228750000000005
-0.0031705400000000047
-0.0033001000000000046
-0.0032254400000000056
-0.003234950000000004
-0.003631930000000004
-0.003212020000000004
-0.003489310000000004
-0.0037725000000000033
-0.0033294100000000044
-0.003021040000000004
-0.0032585500000000046
-0.003363620000000004
-0.0028323200000000045
-0.003661080000000005
-0.0031930400000000046
-0.0025553100000000038
-0.0026251800000000034
-0.0027465300000000035
-0.002959550000000003
-0.002888880000000004
-0.003048600000000004
-0.0027096000000000047
-0.003247480000000003
-0.002760690000000004
-0.002839180000000003
-0.0027967300000000046
-0.002843510000000003
-0.0028722800000000027
-0.0031809500000000044
-0.0029562800000000043
-0.0025575900000000037
-0.0023420300000000036
-0.0024812600000000034
-0.002775690000000004
-0.0024538300000000023
-0.0026236100000000028
-0.0027809200000000027
-0.002739670000000004
-0.0028867200000000036
-0.002843680000000004
-0.002496590000000004
-0.0026297200000000034
-0.0024539600000000037
-0.0030883700000000013
-0.002444270000000004
-0.002406640000000003
-0.002676300000000004
-0.002235850000000003
-0.0021217100000000023
-0.002214100000000004
-0.0026243300000000024
-0.0021276400000000027
-0.0024161800000000043
-0.0023577900000000037
-0.002605080000000006
-0.0027576400000000043
-0.0024904800000000032
-0.0024333300000000035
-0.0018631800000000027
-0.0023294800000000036
-0.0023917300000000034
-0.002117260000000003
-0.002037760000000002
-0.001815080000000002
-0.002246970000000003
-0.0020443100000000023
-0.001991750000000004
-0.002135920000000003
-0.001794750000000002
-0.0016096000000000027
-0.002466630000000005
-0.002026160000000003
-0.0021602000000000036
-0.0015416400000000045
-0.0016534700000000035
-0.0020376200000000026
-0.0020464900000000045
-0.002057600000000003
-0.0021557400000000036
-0.002129310000000001
-0.0019236000000000034
-0.0018993600000000027
-0.0020997000000000043
-0.0018761600000000039
-0.001954770000000004
-0.0024040000000000034
-0.0018748500000000026
-0.0018252400000000031
-0.0015046100000000013
-0.001740990000000003
-0.001620500000000002
-0.0012647700000000043
-0.001804800000000002
-0.001981580000000003
-0.002287860000000003
-0.0023355600000000043
-0.0019491100000000026
-0.0020096300000000027
-0.0010179200000000012
-0.0017442800000000028
-0.0015593700000000035
-0.0018048500000000043
-0.0018868800000000033
-0.0012119300000000039
-0.0017016600000000033
-0.0017361100000000038
-0.001552500000000003
-0.0012856900000000023
-0.0011982400000000034
-0.0015923400000000035
-0.0012486300000000027
-0.000938120000000003
-0.0010169100000000045
-0.0007630700000000043
-0.001732000000000005
-0.000896680000000003
-0.00031830000000000416
-0.0004990300000000047
-0.0005395800000000026
-0.0010338000000000025
-0.00048594000000000415
-0.0009663300000000044
-0.0011442700000000047
-0.0012807100000000033
-0.0007158100000000028
-0.0009187900000000032
-0.0006432700000000043
-0.0011723600000000027
-0.0009539900000000036
-0.000941270000000004
-0.001222480000000004
-0.0009361800000000031
-0.0011977300000000025
-0.0010029700000000032
-0.0006280600000000028
-0.0007949000000000031
-0.0007936700000000036
-0.0009872400000000038
-0.0004330000000000039
-0.0006626700000000031
-0.0011383500000000035
-0.0007134600000000035
-0.000981640000000003
-0.0007582300000000024
-0.0008628700000000035
-0.0007507100000000033
-0.0012273700000000028
-0.0008854300000000045
-0.000803970000000003
-0.0008377700000000041
-0.001339470000000004
-0.0008240400000000032
-0.001005010000000003
-0.000697140000000003
-0.0008233000000000035
-0.0005329800000000032
-0.0010119700000000027
-0.0010311600000000023
-0.001269750000000004
-0.0013294700000000034
-0.0012707300000000018
-0.0013793900000000025
-0.0011376900000000024
-0.0011704900000000015
-0.0011131100000000044
-0.0010755900000000034
-0.0015536700000000033
-0.0014472000000000035
-0.001256240000000004
-0.0014414900000000023
-0.0010773200000000036
-0.0013311400000000028
-0.0006213800000000033
-0.0010315600000000034
-0.0010056100000000044
-0.0009234200000000042
-0.0012215100000000027
-0.0011674900000000034
-0.0014560800000000024
-0.0008895600000000031
-0.0009930000000000034
-0.0012921500000000036
-0.0014352700000000035
-0.0013261700000000048
-0.0011512200000000031
-0.0008028300000000039
-0.0010604400000000034
-0.001006790000000004
-0.0007070100000000028
-0.001150640000000004
-0.0008396600000000039
-0.0010611100000000038
-0.0011830300000000035
-0.0008471600000000045
-0.001507340000000004
-0.0010517100000000039
-0.001285150000000004
-0.0013022300000000043
-0.0013555200000000037
-0.0009789200000000038
-0.0012007300000000027
-0.0014529400000000015
-0.0011855100000000031
-0.001520380000000004
-0.0010986700000000045
-0.001602390000000004
-0.001226160000000003
-0.0014577600000000024
-0.0009110600000000037
-0.0016907400000000033
-0.001403850000000003
-0.0009140300000000033
-0.001258820000000003
-0.0015485400000000038
-0.0011441100000000029
-0.0009716900000000028
-0.0011875100000000025
-0.0015481400000000036
-0.001315450000000004
-0.0010777500000000032
-0.0008580000000000033
-0.0011791500000000038
-0.0011044600000000046
-0.0011208200000000035
-0.0008855000000000033
-0.0017860600000000027
-0.001024800000000003
-0.0011125900000000034
-0.0014129700000000034
-0.0017041700000000031
-0.000956650000000003
-0.0014234900000000025
-0.0013865100000000036
-0.0012707300000000025
-0.0009151800000000032
-0.0011399600000000047
-0.001796630000000003
-0.0008024100000000029
-0.001172560000000003
-0.0008195600000000036
-0.0016441000000000027
-0.0012387400000000038
-0.001003500000000004
-0.0013085400000000021
-0.0008124700000000027
-0.0015545300000000025
-0.001380070000000004
-0.000888180000000003
-0.0014299000000000035
-0.0009741300000000037
-0.0008980700000000022
-0.0010635000000000037
-0.0012045400000000026
-0.0012853900000000015
-0.0006644500000000024
-0.0011468100000000027
-0.0012520000000000033
-0.001174680000000004
-0.001070670000000003
-0.001013140000000002
-0.0006422100000000025
-0.0005058800000000033
-0.0009056200000000035
-0.0007830800000000025
-0.0005942000000000025
-0.0005460900000000023
-0.0008628500000000034
-0.0004734200000000036
-0.0006174200000000021
-0.0007909300000000042
-0.0007177100000000037
-0.0008089300000000022
-0.000397850000000003
3.1499999999974084e-06
-0.0006179500000000015
-0.0009917800000000024
-0.0008901800000000028
-0.0004513800000000047
-0.0007000600000000038
-0.0009456400000000027
-0.00016361000000000267
-0.0007257800000000027
-0.0006838400000000032
-5.252000000000323e-05
-0.0002530500000000041
-0.00043104000000000216
-0.0003933400000000034
0.0005003699999999966
7.725999999999707e-05
5.022999999999647e-05
-0.0003686700000000027
-0.0001446500000000029
-0.0003708100000000025
-0.0005296500000000031
1.572999999999737e-05
-0.00013002000000000247
0.0005918299999999953
-0.00012112000000000407
0.0002427099999999968
0.0002928099999999967
0.000214339999999996
0.00023665999999999678
0.0003698599999999964
-0.00015427000000000317
0.00026102999999999684
0.00045306999999999666
0.0006295799999999962
0.0008242699999999959
0.00014168999999999754
0.0011066899999999972
0.001027909999999997
0.000722879999999998
0.0003042599999999972
0.0005378799999999959
0.0005386899999999958
0.0009575099999999956
0.0009599499999999967
0.0007268799999999957
0.0012180599999999967
0.0011048899999999973
0.0010655099999999974
0.001023269999999996
0.0010543499999999969
0.0013718299999999966
0.001156939999999996
0.0009502499999999963
0.0008324099999999965
0.0015764799999999962
0.000982589999999995
0.0006014599999999963
0.0012604599999999958
0.0012553399999999974
0.0017006699999999966
0.0008596899999999959
0.001649509999999997
0.0014425699999999955
0.0017125299999999962
0.000998479999999996
0.001413379999999996
0.0010079299999999943
0.0013253499999999962
0.0014663399999999963
0.0015048699999999973
0.0011437399999999962
0.0012633499999999973
0.0008666699999999961
0.0012709999999999976
0.0015788699999999963
0.001419239999999997
0.0013240599999999963
0.0012615199999999969
0.0012092099999999972
0.0012348199999999967
0.0012208599999999974
0.0012803499999999976
0.0014274999999999976
0.001365579999999996
0.0014052699999999973
0.0013202599999999967
0.0019557799999999977
0.0008264099999999967
0.0013505499999999957
0.0011168999999999968
0.0008502699999999972
0.0015467099999999958
0.0008894599999999958
0.0012819299999999964
0.001106689999999997
0.0010843199999999971
0.001115459999999996
0.0012447499999999967
0.0013094199999999967
0.0019144399999999962
0.0014238799999999963
0.0013560399999999959
0.0010645099999999962
0.0010082599999999972
0.0017453799999999975
0.001833849999999997
0.001261059999999997
0.0013292999999999964
0.0012698099999999973
0.0012366799999999956
0.0014053499999999953
0.0014045099999999955
0.0011468599999999965
0.0018150899999999964
0.0014717099999999944
0.0014927099999999954
0.0011725799999999964
0.0014168199999999953
0.0015398799999999948
0.0017151999999999968
0.0019574499999999943
0.0017873199999999952
0.0015341099999999943
0.0013710599999999936
0.001320159999999995
0.002055339999999994
0.0012514899999999938
0.0015680099999999945
0.0019928099999999963
0.0020884299999999944
0.0018793099999999965
0.0015327099999999957
0.0015741199999999961
0.001400569999999995
0.0014481499999999953
0.0015139799999999944
0.0011359099999999958
0.0013740999999999949
0.0014232999999999935
0.0013554999999999956
0.0019751599999999953
0.0012988899999999957
0.0016643499999999967
0.0014574099999999934
0.0013920699999999961
0.0012699999999999955
0.0016002899999999955
0.0015150699999999955
0.0019389499999999961
0.0014559999999999948
0.0015667999999999943
0.001374549999999995
0.001579029999999995
0.001246289999999995
0.001624689999999994
0.001725889999999995
0.001903609999999995
0.0022090499999999967
0.0015062799999999957
0.0015653199999999961
0.0017619399999999963
0.001397799999999996
0.0019492999999999963
0.0017041099999999937
0.0015903499999999945
0.0010938399999999968
0.0012200199999999957
0.0013971999999999969
0.0017881799999999951
0.0019768499999999944
0.0017273799999999958
0.001406589999999995
0.0016686499999999955
0.0014808699999999961
0.0011394099999999954
0.0020798399999999947
0.0014858799999999948
0.0018714599999999962
0.0011283499999999958
0.0013325899999999963
0.0012656899999999958
0.0012956199999999952
0.0013910999999999952
0.0010982499999999942
0.0012868399999999942
0.0014531599999999952
0.001521249999999995
0.0013845299999999951
0.0013987699999999958
0.0013623299999999956
0.001228389999999995
0.001847619999999997
0.002068179999999996
0.0008338999999999954
0.001335009999999995
0.0015901899999999942
0.0017758499999999948
0.0016304899999999946
0.0016486299999999956
0.0016973599999999941
0.0013838599999999959
0.001823459999999995
0.0012071099999999947
0.0011382199999999953
0.001167619999999995
0.0015313599999999957
0.0014901299999999953
0.0016501399999999961
0.0018111999999999959
0.0016516899999999947
0.0015239899999999948
0.0021117799999999954
0.0014152999999999952
0.002291809999999995
0.002174159999999995
0.001469739999999996
0.0021909999999999937
0.001955599999999996
0.0017543899999999952
0.0018780899999999952
0.001295049999999995
0.002093949999999996
0.001528169999999996
0.001983649999999997
0.0016620199999999952
0.0017697799999999949
0.0019610199999999956
0.0017352599999999945
0.0020227899999999952
0.0013697599999999963
0.001804199999999995
0.002327479999999995
0.0022161499999999944
0.0017702499999999951
0.001993669999999995
0.002344879999999995
0.0013072099999999944
0.0021476799999999947
0.001967999999999995
0.002114139999999996
0.002037599999999994
0.0018575999999999953
0.0018906699999999953
0.001608139999999995
0.002243299999999995
0.0023902799999999938
0.0022977999999999944
0.0020634399999999945
0.002151989999999993
0.0011604399999999946
0.002562139999999994
0.001866639999999993
0.0017030399999999946
0.002171939999999993
0.0018233699999999947
0.0016318199999999941
0.0019707199999999944
0.0018750299999999937
0.0023493999999999932
0.001888049999999994
0.002039669999999993
0.0018757499999999935
0.0018223799999999932
0.0024735799999999926
0.0019456099999999928
0.0023456199999999923
0.002065889999999993
0.0018168699999999921
0.0022055999999999933
0.0020158399999999923
0.0018967799999999935
0.001916329999999993
0.0022302699999999925
0.0024215599999999923
0.002176449999999993
0.0018052199999999926
0.0022211899999999914
0.002573549999999994
0.0018610399999999915
0.0020313899999999914
0.002619849999999993
0.0021363799999999915
0.0026458699999999933
0.0018788699999999928
0.002341409999999992
0.002271849999999992
0.0019210499999999914
0.0023177099999999932
0.002135079999999994
0.0024154299999999945
0.002077549999999994
0.002230039999999992
0.0018040599999999923
0.0020047299999999928
0.0022125399999999933
0.001919559999999992
0.0022304999999999933
0.002436599999999993
0.002418099999999993
0.0024758999999999944
0.002521829999999994
0.0015837399999999926
0.002884749999999992
0.0017650599999999928
0.002784449999999994
0.002583389999999993
0.0020427099999999914
0.002359389999999993
0.0023530399999999924
0.002098729999999993
0.0025295599999999923
0.002376499999999994
0.002044119999999994
0.002330579999999993
0.002350969999999993
0.0031716099999999935
0.0021411799999999943
0.0027819399999999923
0.002642519999999994
0.0022043399999999934
0.0027209499999999937
0.0024531999999999944
0.002496739999999993
0.0023392499999999932
0.0026274199999999936
0.002545929999999993
0.002669379999999993
0.002943659999999993
0.002318209999999993
0.002469889999999993
0.002952579999999994
0.0023363799999999942
0.002356269999999995
0.0026608399999999933
0.0026869599999999917
0.002693719999999994
0.002517199999999993
0.0021933299999999946
0.002710739999999993
0.002072179999999994
0.002255549999999993
0.0023198599999999926
0.0020820599999999924
0.0025072599999999916
0.0026663999999999937
0.002591199999999992
0.002817499999999993
0.002549409999999992
0.0026512299999999944
0.002453339999999993
0.0029762699999999914
0.0025598399999999934
0.002595379999999994
0.0021524899999999926
0.0027920499999999943
0.0028377299999999927
0.003441489999999991
0.0028088399999999926
0.0026150599999999907
0.0028726499999999922
0.001991259999999992
0.003236999999999991
0.002523209999999992
0.0024968099999999934
0.002438349999999993
0.002591929999999991
0.0028045199999999905
0.00279618999999999
0.002427979999999992
0.0025400499999999925
0.0026034499999999915
0.0023597799999999928
0.002281059999999991
0.002941919999999991
0.0023238399999999924
0.0024349599999999934
0.002479259999999992
0.0025213999999999914
0.0030347799999999926
0.002745379999999992
0.0028890299999999912
0.002351139999999993
0.0031178999999999916
0.002428359999999992
0.0024101199999999913
0.0027689199999999907
0.002598809999999991
0.0029273399999999927
0.0026450099999999906
0.0024510399999999894
0.003152669999999992
0.0033353399999999887
0.003045039999999989
0.0029398799999999915
0.0026784599999999897
0.0025083999999999896
0.0031942599999999926
0.002664249999999989
0.00315920999999999
0.0027521499999999914
0.0027795099999999903
0.0026693699999999904
0.002644569999999991
0.00334858999999999
0.0027509799999999906
0.00307858999999999
0.0030057899999999917
0.0029195599999999895
0.002672229999999991
0.003126529999999992
0.00311797999999999
0.0027987999999999884
0.0025626699999999904
0.002682979999999992
0.002874049999999993
0.0030762899999999898
0.002954089999999989
0.0029239499999999894
0.0030328699999999905
0.00304178999999999
0.0031492699999999896
0.0028721399999999887
0.0034474799999999876
0.00317509999999999
0.00281881999999999
0.0030292299999999913
0.00310321999999999
0.002877309999999988
0.002824439999999989
0.0031403099999999908
0.003290809999999989
0.0035644799999999884
0.0036039599999999877
0.0033051199999999895
0.003226049999999988
0.0036877399999999906
0.003341169999999989
0.003983219999999987
0.0030870399999999897
0.003573239999999989
0.0032895999999999863
0.0032360499999999847
0.0034707599999999877
0.0037872399999999873
0.003477559999999989
0.003966939999999987
0.003561149999999989
0.003505319999999989
0.0037421099999999895
0.003539959999999987
0.0038850099999999882
0.0034770699999999892
0.0038500699999999884
0.0036879699999999888
0.0034250799999999883
0.0033081399999999876
0.0035474199999999895
0.004070989999999988
0.0033943699999999877
0.0038312999999999876
0.0040121499999999895
0.0035742999999999873
0.003764899999999991
0.0034148099999999886
0.003908619999999989
0.004095479999999988
0.003977029999999987
0.003938819999999989
0.004252379999999986
0.0038078899999999887
0.003385109999999988
0.0037432699999999874
0.003737239999999989
0.0036667699999999854
0.0035283799999999864
0.003702419999999988
0.003148439999999988
0.0037608799999999877
0.00380263999999999
0.0038298399999999884
0.003330699999999988
0.0040507499999999875
0.0033375499999999904
0.003527299999999985
0.0038543899999999875
0.003938139999999987
0.003874999999999986
0.004030539999999986
0.0040632299999999845
0.004303679999999986
0.004158419999999985
0.0041979199999999835
0.004047039999999985
0.004189119999999985
0.004606159999999982
0.003675919999999985
0.003863529999999985
0.0038192699999999875
0.004017189999999984
0.003982589999999987
0.003785549999999986
0.004239139999999985
0.0038571999999999847
0.004282359999999984
0.003909749999999986
0.003558919999999986
0.0037061499999999858
0.003831809999999985
0.004210829999999986
0.004212629999999985
0.004242709999999984
0.004157689999999987
0.004277109999999986
0.003955809999999985
0.0036393599999999865
0.004092709999999987
0.0040347899999999895
0.004090019999999984
0.004339319999999986
0.0037629799999999852
0.004331119999999985
0.004090829999999986
0.003718909999999986
0.003847919999999985
0.004174179999999985
0.003809129999999984
0.0037727699999999826
0.004444799999999987
0.004006219999999984
0.004092369999999986
0.003949479999999988
0.004260449999999986
0.004557379999999987
0.004171159999999983
0.004083579999999986
0.004519269999999983
0.004192109999999984
0.0041911899999999835
0.0040282899999999865
0.004500149999999987
0.003856419999999986
0.003868429999999988
0.003931879999999984
0.0042956199999999835
0.004287729999999987
0.004359349999999983
0.0048976099999999845
0.004420169999999984
0.004490119999999983
0.005107089999999983
0.004358539999999984
0.0051028199999999775
0.00495044999999998
0.004931249999999981
0.004396689999999984
0.004410669999999986
0.004810349999999982
0.0049292099999999825
0.004493399999999984
0.0052007999999999785
0.00514901999999998
0.005152159999999981
0.005243459999999982
0.004999639999999985
0.005405109999999982
0.005374739999999981
0.00538571999999998
0.005178349999999982
0.004895929999999983
0.004964159999999982
0.005216119999999982
0.00523823999999998
0.005532329999999978
0.005782719999999979
0.0052100999999999805
0.004954749999999983
0.004987669999999982
0.0054937499999999796
0.005287659999999984
0.004832819999999985
0.0054290099999999815
0.005528879999999982
0.005184799999999981
0.004573829999999984
0.005197229999999981
0.005041329999999979
0.005405569999999982
0.005482219999999979
0.005019539999999982
0.005056819999999982
0.004956459999999981
0.005163949999999983
0.004980649999999984
0.005622319999999979
0.004888719999999983
0.0052907099999999815
0.0053910499999999814
0.005133949999999983
0.005021569999999982
0.005358339999999984
0.005518379999999981
0.005293069999999984
0.005231269999999983
0.00533191999999998
0.005216279999999978
0.00562931999999998
0.0053511699999999815
0.005610259999999982
0.0053259299999999865
0.005368959999999981
0.005626419999999983
0.0056541899999999826
0.005683309999999986
0.005505099999999986
0.0059055299999999835
0.005971789999999982
0.005692719999999984
0.005824759999999982
0.00559471999999998
0.005773669999999978
0.0059033699999999825
0.0059222799999999794
0.005395549999999983
0.0058968299999999805
0.0058900999999999815
0.005516089999999981
0.005603319999999986
0.005728539999999981
0.005788829999999983
0.00612368999999998
0.005596909999999982
0.006016319999999983
0.0058937399999999815
0.00630607999999998
0.0058183799999999815
0.00584788999999998
0.00593208999999998
0.006105469999999981
0.006007869999999979
0.006186899999999982
0.006074009999999982
0.006312579999999977
0.006228149999999977
0.006081949999999978
0.00574386999999998
0.00606716999999998
0.006025069999999979
0.006037469999999984
0.005954219999999979
0.005818839999999975
0.006082089999999981
0.0062972399999999765
0.005996089999999981
0.005665469999999979
0.006291539999999976
0.0064846699999999745
0.006098319999999978
0.006132799999999982
0.006409029999999975
0.00676782999999997
0.006675239999999975
0.006156909999999976
0.006327979999999979
0.006356589999999978
0.0060963499999999735
0.0064659599999999755
0.00602625999999998
0.006240279999999979
0.006016879999999979
0.005893269999999981
0.006488809999999977
0.0065239199999999765
0.006394589999999975
0.006218749999999978
0.006678299999999975
0.006181489999999977
0.006346339999999977
0.005948079999999979
0.006429239999999972
0.006125429999999976
0.006186979999999977
0.006436369999999973
0.006149909999999977
0.006503729999999974
0.005795529999999982
0.006445489999999977
0.006234139999999974
0.006106809999999979
0.006648249999999978
0.006735909999999973
0.00677092999999997
0.006459369999999975
0.006501859999999973
0.006951629999999971
0.006892519999999975
0.006746929999999976
0.006534359999999978
0.006300999999999974
0.006242889999999976
0.0061289299999999726
0.006831999999999973
0.006914889999999972
0.007209639999999973
0.007083109999999969
0.006684309999999974
0.007204369999999967
0.0072850999999999715
0.007278999999999971
0.007216419999999969
0.007163459999999971
0.007145159999999967
0.007201929999999967
0.006895399999999977
0.00721326999999997
0.007186719999999972
0.007253719999999972
0.006923129999999971
0.0072269699999999715
0.006513049999999973
0.0073334199999999725
0.006840269999999973
0.006648629999999977
0.006925039999999973
0.00711377999999997
0.007045169999999972
0.007042199999999971
0.00727506999999997
0.007201009999999971
0.0070212799999999735
0.007441729999999971
0.006800219999999973
0.00717467999999997
0.0071860899999999705
0.0070796299999999705
0.0065534599999999745
0.0070838499999999706
0.006947869999999972
0.0068402299999999715
0.006600209999999972
0.006566979999999977
0.007283239999999971
0.007394059999999968
0.007356369999999971
0.006841799999999973
0.0072400799999999665
0.00752097999999997
0.006819749999999971
0.007894929999999961
0.007033089999999972
0.007002429999999972
0.007617159999999968
0.007321079999999969
0.0075880199999999705
0.007484319999999968
0.007451979999999967
0.007693649999999969
0.007130649999999973
0.007489459999999971
0.0073301399999999685
0.007816619999999967
0.007585589999999962
0.0075286399999999675
0.006953159999999973
0.006965679999999967
0.007243889999999971
0.007067299999999973
0.00773092999999997
0.007619119999999968
0.006942919999999975
0.007065779999999976
0.007311889999999975
0.006954179999999976
0.007555849999999971
0.006772279999999974
0.007614409999999971
0.007521329999999972
0.007276289999999976
0.00746321999999997
0.007163429999999974
0.00718473999999997
0.007299529999999971
0.007235029999999972
0.007405819999999972
0.00725165999999997
0.006875219999999972
0.007259599999999972
0.00728767999999997
0.0075891599999999716
0.007170589999999969
0.007175369999999972
0.007237309999999969
0.007324339999999967
0.007214409999999969
0.0069985799999999695
0.007618959999999967
0.00685360999999997
0.007129239999999973
0.007328229999999969
0.007013309999999975
0.007324629999999967
0.007369419999999967
0.007003939999999971
0.007554369999999968
0.006960199999999969
0.007505189999999971
0.007285749999999968
0.007489719999999965
0.007114929999999972
0.007145559999999968
0.0074019899999999686
0.006803259999999971
0.007086189999999968
0.007322269999999968
0.0073964599999999684
0.007231459999999968
0.007175319999999969
0.007191379999999967
0.007184339999999969
0.007312629999999966
0.007144619999999967
0.006896859999999972
0.006898419999999971
0.00700695999999997
0.00730256999999997
0.006933179999999972
0.007560929999999967
0.006958129999999968
0.007249379999999968
0.00677779999999997
0.007495549999999966
0.00719423999999997
0.007034589999999971
0.007559079999999968
0.007546279999999971
0.00706371999999997
0.007283979999999968
0.006922359999999972
0.007065789999999968
0.006735849999999975
0.00694830999999997
0.007138669999999969
0.0071372799999999716
0.007221209999999966
0.007320209999999971
0.007255539999999967
0.007205969999999971
0.007356269999999967
0.007367329999999966
0.007126409999999972
0.007198029999999971
0.007533569999999967
0.0074551599999999685
0.007015089999999974
0.00713302999999997
0.007307339999999969
0.007288199999999968
0.007620689999999966
0.007403609999999969
0.007653609999999966
0.007477939999999965
0.007690529999999969
0.007309189999999972
0.007383449999999971
0.007247849999999969
0.006924799999999977
0.007302059999999968
0.007304569999999968
0.0074347299999999675
0.007372239999999971
0.007058619999999973
0.0073419499999999695
0.007026799999999972
0.007228859999999969
0.007220449999999972
0.007391159999999968
0.0074519899999999665
0.008088989999999964
0.007782189999999966
0.007455979999999968
0.007060119999999967
0.007479559999999966
0.007000749999999973
0.006870749999999971
0.007299829999999971
0.007540559999999966
0.007294289999999971
0.007649539999999966
0.007426499999999971
0.007358009999999967
0.007332369999999972
0.007396929999999966
0.0077389899999999665
0.007534719999999971
0.00722410999999997
0.007674509999999969
0.007498899999999965
0.0075675299999999664
0.007807559999999967
0.007483729999999965
0.007446809999999967
