-0.10572000000000008
-0.10109099999999994
-0.09434099999999991
-0.08771700000000002
-0.08771700000000002
-0.08762799999999997
-0.08604699999999993
-0.08158799999999987
-0.08158799999999987
-0.07973199999999987
-0.07973199999999987
-0.07973199999999987
-0.07973199999999987
-0.0760979999999998
-0.0760979999999998
-0.0750019999999999
-0.0750019999999999
-0.0750019999999999
-0.0750019999999999
-0.07251999999999988
-0.07251999999999988
-0.07251999999999988
-0.07187899999999983
-0.07131599999999985
-0.07129299999999979
-0.07129299999999979
-0.06765199999999985
-0.06765199999999985
-0.06765199999999985
-0.06765199999999985
-0.06764699999999983
-0.06764699999999983
-0.06741999999999976
-0.06480099999999989
-0.06480099999999989
-0.06480099999999989
-0.06475699999999969
-0.06427099999999986
-0.06267999999999987
-0.06086399999999984
-0.06034199999999984
-0.060097999999999784
-0.0596119999999999
-0.059098999999999874
-0.059098999999999874
-0.05699899999999993
-0.05699899999999993
-0.05596999999999989
-0.05596999999999989
-0.05596999999999989
-0.05306000000000002
-0.05306000000000002
-0.05306000000000002
-0.05306000000000002
-0.05306000000000002
-0.051015
-0.051015
-0.051015
-0.04871899999999997
-0.04871899999999997
-0.04775099999999999
-0.04775099999999999
-0.04775099999999999
-0.047525000000000026
-0.047525000000000026
-0.04552400000000001
-0.04552400000000001
-0.04552400000000001
-0.04552400000000001
-0.04552400000000001
-0.04552400000000001
-0.04552400000000001
-0.045396999999999986
-0.045092999999999994
-0.045092999999999994
-0.045092999999999994
-0.045092999999999994
-0.045092999999999994
-0.045092999999999994
-0.042355999999999984
-0.042355999999999984
-0.042355999999999984
-0.042355999999999984
-0.042355999999999984
-0.042355999999999984
-0.042355999999999984
-0.042355999999999984
-0.042355999999999984
-0.042355999999999984
-0.042355999999999984
-0.042355999999999984
-0.042355999999999984
-0.042355999999999984
-0.042355999999999984
-0.042355999999999984
-0.042355999999999984
-0.042355999999999984
-0.042355999999999984
-0.04211199999999998
-0.04211199999999998
-0.04129899999999996
-0.04129899999999996
-0.04129899999999996
-0.039519
-0.039519
-0.039519
-0.039519
-0.039519
-0.039519
-0.039519
-0.039519
-0.039519
-0.039519
-0.039519
-0.039519
-0.039130999999999985
-0.039130999999999985
-0.039130999999999985
-0.039130999999999985
-0.039130999999999985
-0.039130999999999985
-0.039130999999999985
-0.039130999999999985
-0.039130999999999985
-0.039130999999999985
-0.03876
-0.03876
-0.03876
-0.03876
-0.03876
-0.03876
-0.03876
-0.03876
-0.03876
-0.037633999999999994
-0.037633999999999994
-0.03743099999999999
-0.03743099999999999
-0.03743099999999999
-0.03743099999999999
-0.03743099999999999
-0.03743099999999999
-0.03743099999999999
-0.03743099999999999
-0.03743099999999999
-0.03730199999999997
-0.03730199999999997
-0.03730199999999997
-0.03730199999999997
-0.03730199999999997
-0.03730199999999997
-0.03730199999999997
-0.03687999999999998
-0.03611300000000001
-0.03611300000000001
-0.03611300000000001
-0.035615999999999995
-0.03523600000000001
-0.03523600000000001
-0.03523600000000001
-0.03445399999999999
-0.03445399999999999
-0.03445399999999999
-0.03445399999999999
-0.03445399999999999
-0.03445399999999999
-0.03445399999999999
-0.03445399999999999
-0.03445399999999999
-0.03445399999999999
-0.03445399999999999
-0.03445399999999999
-0.03445399999999999
-0.03333200000000001
-0.03333200000000001
-0.03333200000000001
-0.03333200000000001
-0.03333200000000001
-0.03333200000000001
-0.03333200000000001
-0.03333200000000001
-0.03333200000000001
-0.03333200000000001
-0.03333200000000001
-0.03333200000000001
-0.03333200000000001
-0.03333200000000001
-0.03333200000000001
-0.03333200000000001
-0.03333200000000001
-0.03333200000000001
-0.03333200000000001
-0.03333200000000001
-0.032393000000000026
-0.032393000000000026
-0.032393000000000026
-0.032393000000000026
-0.032393000000000026
-0.032393000000000026
-0.032393000000000026
-0.032393000000000026
-0.032393000000000026
-0.03223800000000003
-0.03223800000000003
-0.03223800000000003
-0.03223800000000003
-0.03223800000000003
-0.03223800000000003
-0.03223800000000003
-0.03223800000000003
-0.03223800000000003
-0.03223800000000003
-0.03223800000000003
-0.03213099999999997
-0.03211399999999997
-0.03173700000000001
-0.03173700000000001
-0.03173700000000001
-0.03173700000000001
-0.03173700000000001
-0.03097600000000002
-0.03097600000000002
-0.03097600000000002
-0.03097600000000002
-0.03097600000000002
-0.029835000000000018
-0.029835000000000018
-0.029835000000000018
-0.029835000000000018
-0.029822000000000026
-0.029822000000000026
-0.029822000000000026
-0.029822000000000026
-0.029822000000000026
-0.029822000000000026
-0.029822000000000026
-0.029822000000000026
-0.029822000000000026
-0.029822000000000026
-0.029822000000000026
-0.029822000000000026
-0.02975800000000003
-0.02975800000000003
-0.02975800000000003
-0.02975800000000003
-0.028507000000000015
-0.028507000000000015
-0.028507000000000015
-0.027085000000000026
-0.027085000000000026
-0.026757000000000034
-0.026757000000000034
-0.026757000000000034
-0.026757000000000034
-0.026757000000000034
-0.02573900000000005
-0.02573900000000005
-0.02573900000000005
-0.02573900000000005
-0.024213000000000023
-0.024213000000000023
-0.024213000000000023
-0.024213000000000023
-0.024213000000000023
-0.024213000000000023
-0.024213000000000023
-0.024213000000000023
-0.024213000000000023
-0.024213000000000023
-0.024213000000000023
-0.024213000000000023
-0.024213000000000023
-0.024213000000000023
-0.024213000000000023
-0.024213000000000023
-0.024213000000000023
-0.024213000000000023
-0.024213000000000023
-0.024213000000000023
-0.024213000000000023
-0.024213000000000023
-0.024213000000000023
-0.024213000000000023
-0.024213000000000023
-0.024213000000000023
-0.024213000000000023
-0.024213000000000023
-0.024213000000000023
-0.024213000000000023
-0.024213000000000023
-0.024213000000000023
-0.024213000000000023
-0.024213000000000023
-0.024213000000000023
-0.024213000000000023
-0.024213000000000023
-0.024213000000000023
-0.024213000000000023
-0.024213000000000023
-0.024213000000000023
-0.024213000000000023
-0.024213000000000023
-0.024213000000000023
-0.024213000000000023
-0.024213000000000023
-0.024213000000000023
-0.02398200000000003
-0.02398200000000003
-0.02398200000000003
-0.02398200000000003
-0.02398200000000003
-0.02398200000000003
-0.02398200000000003
-0.02398200000000003
-0.02398200000000003
-0.02398200000000003
-0.02398200000000003
-0.02398200000000003
-0.02398200000000003
-0.02398200000000003
-0.02398200000000003
-0.02398200000000003
-0.02398200000000003
-0.02398200000000003
-0.02398200000000003
-0.02398200000000003
-0.02398200000000003
-0.02398200000000003
-0.02398200000000003
-0.02398200000000003
-0.02398200000000003
-0.02398200000000003
-0.02398200000000003
-0.023181000000000025
-0.023181000000000025
-0.023181000000000025
-0.02197800000000003
-0.02197800000000003
-0.02197800000000003
-0.02197800000000003
-0.02197800000000003
-0.02197800000000003
-0.02197800000000003
-0.02197800000000003
-0.02029300000000002
-0.02029300000000002
-0.02029300000000002
-0.02029300000000002
-0.02029300000000002
-0.02029300000000002
-0.02000000000000002
-0.02000000000000002
-0.02000000000000002
-0.02000000000000002
-0.02000000000000002
-0.017248000000000013
-0.017248000000000013
-0.017248000000000013
-0.017248000000000013
-0.017248000000000013
-0.017248000000000013
-0.017248000000000013
-0.017248000000000013
-0.017248000000000013
-0.017248000000000013
-0.017248000000000013
-0.017248000000000013
-0.017248000000000013
-0.017248000000000013
-0.017248000000000013
-0.017248000000000013
-0.017248000000000013
-0.017248000000000013
-0.017248000000000013
-0.017248000000000013
-0.017248000000000013
-0.017248000000000013
-0.017248000000000013
-0.017248000000000013
-0.017248000000000013
-0.017248000000000013
-0.017248000000000013
-0.017248000000000013
-0.017248000000000013
-0.017248000000000013
-0.017248000000000013
-0.017248000000000013
-0.017248000000000013
-0.017248000000000013
-0.01637199999999999
-0.01637199999999999
-0.01637199999999999
-0.01602800000000001
-0.01602800000000001
-0.01602800000000001
-0.01602800000000001
-0.01602800000000001
-0.01602800000000001
-0.01602800000000001
-0.01602800000000001
-0.01602800000000001
-0.01602800000000001
-0.01602800000000001
-0.015635999999999997
-0.015096000000000007
-0.015096000000000007
-0.015096000000000007
-0.015096000000000007
-0.015096000000000007
-0.015096000000000007
-0.015096000000000007
-0.014744000000000002
-0.014744000000000002
-0.014744000000000002
-0.014744000000000002
-0.014744000000000002
-0.014744000000000002
-0.014744000000000002
-0.014744000000000002
-0.014744000000000002
-0.014744000000000002
-0.014744000000000002
-0.014744000000000002
-0.014744000000000002
-0.013447000000000006
-0.013447000000000006
-0.013447000000000006
-0.013447000000000006
-0.013447000000000006
-0.013447000000000006
-0.013447000000000006
-0.013447000000000006
-0.013447000000000006
-0.013447000000000006
-0.013447000000000006
-0.013447000000000006
-0.013447000000000006
-0.013447000000000006
-0.013447000000000006
-0.013447000000000006
-0.013447000000000006
-0.013447000000000006
-0.013447000000000006
-0.013447000000000006
-0.013447000000000006
-0.013447000000000006
-0.013447000000000006
-0.013447000000000006
-0.013447000000000006
-0.013447000000000006
-0.013447000000000006
-0.013447000000000006
-0.013447000000000006
-0.013447000000000006
-0.013447000000000006
-0.013447000000000006
-0.013447000000000006
-0.013447000000000006
-0.013447000000000006
-0.013447000000000006
-0.013447000000000006
-0.013447000000000006
-0.013447000000000006
-0.013447000000000006
-0.013447000000000006
-0.013447000000000006
-0.013447000000000006
-0.013447000000000006
-0.013447000000000006
-0.013447000000000006
-0.013073000000000005
-0.013073000000000005
-0.013073000000000005
-0.013073000000000005
-0.013073000000000005
-0.013073000000000005
-0.013073000000000005
-0.013073000000000005
-0.013073000000000005
-0.013073000000000005
-0.013073000000000005
-0.013073000000000005
-0.013073000000000005
-0.013073000000000005
-0.012756000000000028
-0.012756000000000028
-0.012756000000000028
-0.012756000000000028
-0.012756000000000028
-0.012756000000000028
-0.012756000000000028
-0.012756000000000028
-0.012756000000000028
-0.012756000000000028
-0.012756000000000028
-0.012756000000000028
-0.012756000000000028
-0.012756000000000028
-0.012756000000000028
-0.012756000000000028
-0.012756000000000028
-0.012756000000000028
-0.012756000000000028
-0.012756000000000028
-0.012756000000000028
-0.012756000000000028
-0.012756000000000028
-0.012756000000000028
-0.012756000000000028
-0.012756000000000028
-0.012756000000000028
-0.012756000000000028
-0.012756000000000028
-0.012756000000000028
-0.012756000000000028
-0.012756000000000028
-0.01198200000000001
-0.011570000000000007
-0.011570000000000007
-0.011570000000000007
-0.011570000000000007
-0.011570000000000007
-0.011570000000000007
-0.011570000000000007
-0.011570000000000007
-0.011570000000000007
-0.011570000000000007
-0.011570000000000007
-0.011570000000000007
-0.011570000000000007
-0.011570000000000007
-0.011570000000000007
-0.011570000000000007
-0.011570000000000007
-0.011520000000000002
-0.011520000000000002
-0.011520000000000002
-0.011520000000000002
-0.011520000000000002
-0.011520000000000002
-0.011520000000000002
-0.011520000000000002
-0.011520000000000002
-0.010747000000000013
-0.010747000000000013
-0.010747000000000013
-0.010747000000000013
-0.010747000000000013
-0.010747000000000013
-0.010747000000000013
-0.010747000000000013
-0.010747000000000013
-0.010747000000000013
-0.010747000000000013
-0.010747000000000013
-0.010747000000000013
-0.010747000000000013
-0.010747000000000013
-0.010696000000000018
-0.010243000000000004
-0.010243000000000004
-0.010243000000000004
-0.010243000000000004
-0.010243000000000004
-0.010243000000000004
-0.010243000000000004
-0.010243000000000004
-0.010243000000000004
-0.009962000000000014
-0.009809000000000007
-0.009809000000000007
-0.009809000000000007
-0.009809000000000007
-0.009809000000000007
-0.009809000000000007
-0.009809000000000007
-0.009809000000000007
-0.009809000000000007
-0.009809000000000007
-0.009809000000000007
-0.009809000000000007
-0.009809000000000007
-0.009809000000000007
-0.009809000000000007
-0.009809000000000007
-0.009809000000000007
-0.009809000000000007
-0.009809000000000007
-0.009809000000000007
-0.009809000000000007
-0.009809000000000007
-0.009809000000000007
-0.009809000000000007
-0.009809000000000007
-0.009809000000000007
-0.009809000000000007
-0.009809000000000007
-0.009370000000000014
-0.009370000000000014
-0.009370000000000014
-0.009370000000000014
-0.009370000000000014
-0.009370000000000014
-0.009370000000000014
-0.009370000000000014
-0.009370000000000014
-0.009370000000000014
-0.009370000000000014
-0.009370000000000014
-0.009370000000000014
-0.009370000000000014
-0.009370000000000014
-0.009370000000000014
-0.009370000000000014
-0.009370000000000014
-0.009370000000000014
-0.009370000000000014
-0.009370000000000014
-0.009370000000000014
-0.009370000000000014
-0.009370000000000014
-0.009370000000000014
-0.009370000000000014
-0.009370000000000014
-0.009370000000000014
-0.009370000000000014
-0.009370000000000014
-0.009370000000000014
-0.009370000000000014
-0.009151000000000017
-0.009151000000000017
-0.009151000000000017
-0.009151000000000017
-0.009151000000000017
-0.009151000000000017
-0.008769000000000013
-0.008769000000000013
-0.008769000000000013
-0.008769000000000013
-0.008769000000000013
-0.008769000000000013
-0.008769000000000013
-0.008769000000000013
-0.00870100000000001
-0.00870100000000001
-0.00870100000000001
-0.00870100000000001
-0.00870100000000001
-0.00870100000000001
-0.007352999999999994
-0.007352999999999994
-0.007352999999999994
-0.007352999999999994
-0.005862999999999995
-0.005862999999999995
-0.005675999999999997
-0.005675999999999997
-0.005675999999999997
-0.005675999999999997
-0.005675999999999997
-0.005675999999999997
-0.005675999999999997
-0.005675999999999997
-0.004701999999999989
-0.004463
-0.004463
-0.003343999999999989
-0.003343999999999989
-0.003343999999999989
-0.003343999999999989
-0.0027939999999999953
-0.0027939999999999953
-0.0027939999999999953
-0.0027939999999999953
-0.0027939999999999953
-0.0009010000000000112
-0.0009010000000000112
-0.0009010000000000112
-0.0009010000000000112
-0.0009010000000000112
-0.0009010000000000112
-0.0009010000000000112
-0.0009010000000000112
-0.0009010000000000112
-0.0009010000000000112
-0.0009010000000000112
-0.0009010000000000112
-0.0009010000000000112
-0.0009010000000000112
-0.0009010000000000112
-0.0009010000000000112
-0.0009010000000000112
-0.0009010000000000112
-0.0009010000000000112
-0.0009010000000000112
0.00048500000000001726
0.00048500000000001726
0.00048500000000001726
0.00048500000000001726
0.00048500000000001726
0.00048500000000001726
0.00048500000000001726
0.00048500000000001726
0.00048500000000001726
0.00048500000000001726
0.00048500000000001726
0.00048500000000001726
0.00048500000000001726
0.00048500000000001726
0.00048500000000001726
0.00048500000000001726
0.00048500000000001726
0.00048500000000001726
0.00048500000000001726
0.00048500000000001726
0.00048500000000001726
0.0006929999999999935
0.0006929999999999935
0.0006929999999999935
0.0006929999999999935
0.0006929999999999935
0.0006929999999999935
0.0006929999999999935
0.001562999999999988
0.001562999999999988
0.001562999999999988
0.001562999999999988
0.001562999999999988
0.001562999999999988
0.001562999999999988
0.001562999999999988
0.001562999999999988
0.001562999999999988
0.001562999999999988
0.001784999999999998
0.0019339999999999833
0.0019339999999999833
0.00274399999999999
0.00274399999999999
0.00274399999999999
0.00274399999999999
0.00274399999999999
0.00274399999999999
0.00274399999999999
0.003456000000000008
0.003456000000000008
0.003456000000000008
0.003456000000000008
0.003456000000000008
0.003456000000000008
0.003456000000000008
0.003456000000000008
0.003456000000000008
0.003456000000000008
0.003456000000000008
0.003456000000000008
0.003456000000000008
0.003456000000000008
0.003456000000000008
0.003456000000000008
0.003456000000000008
0.003456000000000008
0.003456000000000008
0.003456000000000008
0.003456000000000008
0.003456000000000008
0.003456000000000008
0.003635999999999991
0.003635999999999991
0.003635999999999991
0.003635999999999991
0.003635999999999991
0.003635999999999991
0.003635999999999991
0.003635999999999991
0.003635999999999991
0.003635999999999991
0.003635999999999991
0.003635999999999991
0.003635999999999991
0.003635999999999991
0.003635999999999991
0.003635999999999991
0.003635999999999991
0.003635999999999991
0.003635999999999991
0.003635999999999991
0.003635999999999991
0.003635999999999991
0.003635999999999991
0.004904000000000011
0.004904000000000011
0.004904000000000011
0.004904000000000011
0.004904000000000011
0.004904000000000011
0.004904000000000011
0.004904000000000011
0.004904000000000011
0.004904000000000011
0.004904000000000011
0.004904000000000011
0.004904000000000011
0.004904000000000011
0.004904000000000011
0.004904000000000011
0.004904000000000011
0.004904000000000011
0.004904000000000011
0.004904000000000011
0.004904000000000011
0.004904000000000011
0.004904000000000011
0.004904000000000011
0.004904000000000011
0.004904000000000011
0.004904000000000011
0.004904000000000011
0.004904000000000011
0.004904000000000011
0.004904000000000011
0.004904000000000011
0.004904000000000011
0.004904000000000011
0.004904000000000011
0.004904000000000011
0.004904000000000011
0.004904000000000011
0.004904000000000011
0.004904000000000011
0.004904000000000011
0.004904000000000011
0.004904000000000011
0.004904000000000011
0.004904000000000011
0.004904000000000011
0.004904000000000011
0.004904000000000011
0.004904000000000011
0.004904000000000011
0.004904000000000011
0.004904000000000011
0.004904000000000011
0.004904000000000011
0.004904000000000011
0.004904000000000011
0.004904000000000011
0.004904000000000011
0.004904000000000011
0.004904000000000011
0.004904000000000011
0.004904000000000011
0.004904000000000011
0.004904000000000011
0.004904000000000011
0.004904000000000011
0.004904000000000011
0.004904000000000011
0.004904000000000011
0.004904000000000011
0.004904000000000011
0.004904000000000011
0.004904000000000011
0.004904000000000011
0.004904000000000011
0.004904000000000011
0.004904000000000011
0.004904000000000011
0.004904000000000011
0.0054039999999999895
0.0054039999999999895
0.0054039999999999895
0.0054039999999999895
0.0054039999999999895
0.0054039999999999895
0.006182000000000005
0.006182000000000005
0.006182000000000005
0.006182000000000005
0.006182000000000005
0.006182000000000005
0.006182000000000005
0.006182000000000005
0.006182000000000005
0.006182000000000005
0.006182000000000005
0.006182000000000005
0.006182000000000005
0.006182000000000005
0.006182000000000005
0.006182000000000005
0.006182000000000005
0.006182000000000005
0.006182000000000005
0.006182000000000005
0.006182000000000005
0.006182000000000005
0.006182000000000005
0.006182000000000005
0.006182000000000005
0.006182000000000005
0.006182000000000005
0.006182000000000005
0.006182000000000005
0.006182000000000005
0.006182000000000005
0.006182000000000005
0.006182000000000005
0.006182000000000005
0.006182000000000005
0.006182000000000005
0.006182000000000005
0.006182000000000005
0.006182000000000005
0.006182000000000005
0.006182000000000005
0.006182000000000005
0.006182000000000005
0.006182000000000005
0.006182000000000005
0.006182000000000005
0.006182000000000005
0.006182000000000005
0.006182000000000005
0.006182000000000005
0.006182000000000005
0.006182000000000005
0.006182000000000005
0.006182000000000005
0.006182000000000005
0.006182000000000005
0.006182000000000005
0.006182000000000005
0.006182000000000005
0.00686399999999999
0.00686399999999999
0.00686399999999999
0.00686399999999999
0.010277999999999966
0.010277999999999966
0.010277999999999966
0.010277999999999966
0.010277999999999966
0.010277999999999966
0.010277999999999966
0.010277999999999966
0.010277999999999966
0.010277999999999966
0.010277999999999966
0.010277999999999966
0.010277999999999966
0.010277999999999966
0.010277999999999966
0.010277999999999966
0.010277999999999966
0.010277999999999966
0.010277999999999966
0.010277999999999966
0.010277999999999966
0.010277999999999966
0.010277999999999966
0.010277999999999966
0.010277999999999966
0.010277999999999966
0.010277999999999966
0.010277999999999966
0.010277999999999966
0.010277999999999966
0.010277999999999966
0.010277999999999966
0.010277999999999966
0.010277999999999966
0.010277999999999966
0.010277999999999966
0.010277999999999966
0.010277999999999966
0.010277999999999966
0.010277999999999966
0.010277999999999966
0.010277999999999966
0.010277999999999966
0.010277999999999966
0.010277999999999966
0.010277999999999966
0.010277999999999966
0.010277999999999966
0.010277999999999966
0.010277999999999966
0.010277999999999966
0.010277999999999966
0.010277999999999966
0.010277999999999966
0.010277999999999966
0.010277999999999966
0.010277999999999966
0.010277999999999966
0.010277999999999966
0.010277999999999966
0.010277999999999966
0.010277999999999966
0.010277999999999966
0.010277999999999966
0.010277999999999966
0.010277999999999966
0.010277999999999966
0.010277999999999966
0.010277999999999966
0.010277999999999966
0.010277999999999966
0.010277999999999966
0.010277999999999966
0.010277999999999966
0.010277999999999966
0.010277999999999966
0.010277999999999966
0.010277999999999966
0.010277999999999966
0.010277999999999966
0.010277999999999966
0.010277999999999966
0.010277999999999966
0.010277999999999966
0.010277999999999966
0.010277999999999966
0.010277999999999966
0.010277999999999966
0.010277999999999966
0.010277999999999966
0.010277999999999966
0.010277999999999966
0.010277999999999966
0.010277999999999966
0.010277999999999966
0.010277999999999966
0.010277999999999966
0.010277999999999966
0.010277999999999966
0.010277999999999966
0.010277999999999966
0.010277999999999966
0.010277999999999966
0.010277999999999966
0.010277999999999966
0.010277999999999966
0.010277999999999966
0.010277999999999966
0.010277999999999966
0.010277999999999966
0.010277999999999966
0.010277999999999966
0.010277999999999966
0.010277999999999966
0.010277999999999966
0.010277999999999966
0.010277999999999966
0.010277999999999966
0.010277999999999966
0.010277999999999966
0.010277999999999966
0.010277999999999966
0.010277999999999966
0.010277999999999966
0.010277999999999966
0.010277999999999966
0.010277999999999966
0.010277999999999966
0.010277999999999966
0.010277999999999966
0.010277999999999966
0.010277999999999966
0.010277999999999966
0.010277999999999966
0.010277999999999966
0.010277999999999966
0.010277999999999966
0.010277999999999966
0.010277999999999966
0.010277999999999966
0.010277999999999966
0.010277999999999966
0.010277999999999966
0.010277999999999966
0.010277999999999966
0.010277999999999966
0.010277999999999966
0.010277999999999966
0.010277999999999966
0.010277999999999966
0.010277999999999966
0.010277999999999966
0.010277999999999966
0.010277999999999966
0.010277999999999966
0.010277999999999966
0.010277999999999966
0.010277999999999966
0.010277999999999966
0.010277999999999966
0.010277999999999966
0.010277999999999966
0.010277999999999966
0.010277999999999966
0.010277999999999966
0.010277999999999966
0.010277999999999966
0.010277999999999966
0.010277999999999966
0.010277999999999966
0.010277999999999966
0.010277999999999966
0.010277999999999966
0.010277999999999966
0.010277999999999966
0.010277999999999966
0.010277999999999966
0.010277999999999966
0.010277999999999966
0.010277999999999966
0.010277999999999966
0.010277999999999966
0.010277999999999966
0.010277999999999966
0.010277999999999966
0.010277999999999966
0.010277999999999966
0.010277999999999966
0.010277999999999966
0.010277999999999966
0.010277999999999966
0.010277999999999966
0.010277999999999966
0.010277999999999966
0.010277999999999966
0.010277999999999966
0.010277999999999966
0.010277999999999966
0.010277999999999966
0.010277999999999966
0.010277999999999966
0.010277999999999966
0.010277999999999966
0.010277999999999966
0.010277999999999966
0.010277999999999966
0.010277999999999966
0.010277999999999966
0.010277999999999966
0.010277999999999966
0.010277999999999966
0.010277999999999966
0.010277999999999966
0.010277999999999966
0.010277999999999966
0.010277999999999966
0.010277999999999966
0.010277999999999966
0.010277999999999966
0.010277999999999966
0.010277999999999966
0.010277999999999966
0.010277999999999966
0.010277999999999966
0.010277999999999966
0.010277999999999966
0.010277999999999966
0.010277999999999966
0.010277999999999966
0.010277999999999966
0.010277999999999966
0.010277999999999966
0.010277999999999966
0.010277999999999966
0.010277999999999966
0.010277999999999966
0.010277999999999966
0.010277999999999966
0.010277999999999966
0.010277999999999966
0.010277999999999966
0.010277999999999966
0.010277999999999966
0.010277999999999966
0.010277999999999966
0.010277999999999966
0.010277999999999966
0.010277999999999966
0.010277999999999966
0.010277999999999966
0.010277999999999966
0.010277999999999966
0.010277999999999966
0.010277999999999966
0.010277999999999966
0.010277999999999966
0.010277999999999966
0.010277999999999966
0.010277999999999966
0.010277999999999966
0.010277999999999966
0.010277999999999966
0.010277999999999966
0.010277999999999966
0.010277999999999966
0.010277999999999966
0.010277999999999966
0.010277999999999966
0.010277999999999966
0.010277999999999966
0.010277999999999966
0.010277999999999966
0.010277999999999966
0.010277999999999966
0.010277999999999966
0.010277999999999966
0.010277999999999966
0.010277999999999966
0.010277999999999966
0.010277999999999966
0.010277999999999966
0.010277999999999966
0.010277999999999966
0.010277999999999966
0.010277999999999966
0.010277999999999966
0.010277999999999966
0.010277999999999966
0.010277999999999966
0.010277999999999966
0.010277999999999966
0.010277999999999966
0.010277999999999966
0.010277999999999966
0.010277999999999966
0.010277999999999966
0.010277999999999966
0.010277999999999966
0.010277999999999966
0.010277999999999966
0.010277999999999966
0.010277999999999966
0.010277999999999966
0.010277999999999966
0.010277999999999966
0.010277999999999966
0.010277999999999966
0.010277999999999966
0.010277999999999966
0.010277999999999966
0.010277999999999966
0.010277999999999966
0.010277999999999966
0.010277999999999966
0.010277999999999966
0.010277999999999966
0.010277999999999966
0.010277999999999966
0.010277999999999966
0.010277999999999966
0.010277999999999966
0.010277999999999966
0.010277999999999966
0.010277999999999966
0.010277999999999966
0.010277999999999966
0.010277999999999966
0.010277999999999966
0.010277999999999966
0.010277999999999966
0.010277999999999966
0.010277999999999966
0.010277999999999966
0.010277999999999966
0.010277999999999966
0.010277999999999966
0.010277999999999966
0.010480999999999968
0.010480999999999968
0.010480999999999968
0.010480999999999968
0.010480999999999968
0.010480999999999968
0.010480999999999968
0.010480999999999968
0.010480999999999968
0.010480999999999968
0.010480999999999968
0.010480999999999968
0.010480999999999968
0.010480999999999968
0.010480999999999968
0.010480999999999968
0.010480999999999968
0.010480999999999968
0.010480999999999968
0.010480999999999968
0.010480999999999968
0.010480999999999968
0.010480999999999968
0.010480999999999968
0.010480999999999968
0.010480999999999968
0.010480999999999968
0.010480999999999968
0.010480999999999968
0.010480999999999968
0.010480999999999968
0.010480999999999968
0.010480999999999968
0.010480999999999968
0.010480999999999968
0.010480999999999968
0.010480999999999968
0.010480999999999968
0.010480999999999968
0.010485999999999973
0.010485999999999973
0.010485999999999973
0.010485999999999973
0.010485999999999973
0.010485999999999973
0.010485999999999973
0.010485999999999973
0.010485999999999973
0.010485999999999973
0.010485999999999973
0.010485999999999973
0.010485999999999973
0.010485999999999973
0.010485999999999973
0.010485999999999973
0.010485999999999973
0.010485999999999973
0.010485999999999973
0.010485999999999973
0.010485999999999973
0.010485999999999973
0.010485999999999973
0.010485999999999973
0.010485999999999973
0.010485999999999973
0.010485999999999973
0.010485999999999973
0.010485999999999973
0.010485999999999973
0.010485999999999973
0.010485999999999973
0.010485999999999973
0.010485999999999973
0.010485999999999973
0.010485999999999973
0.010485999999999973
0.010485999999999973
0.010485999999999973
0.010485999999999973
0.010485999999999973
0.010485999999999973
0.010485999999999973
0.010485999999999973
0.010485999999999973
0.010485999999999973
0.010485999999999973
0.010485999999999973
0.010485999999999973
0.010485999999999973
0.010485999999999973
0.010485999999999973
0.010485999999999973
0.010485999999999973
0.010485999999999973
0.010485999999999973
0.010485999999999973
0.010485999999999973
0.010485999999999973
0.010485999999999973
0.010485999999999973
0.010485999999999973
0.010485999999999973
0.010485999999999973
0.010485999999999973
0.010485999999999973
0.010485999999999973
0.010485999999999973
0.010485999999999973
0.010485999999999973
0.010485999999999973
0.010485999999999973
0.010485999999999973
0.010485999999999973
0.010485999999999973
0.010485999999999973
0.010485999999999973
0.010485999999999973
0.010485999999999973
0.010485999999999973
0.010485999999999973
0.010485999999999973
0.010485999999999973
0.010485999999999973
0.010485999999999973
0.010485999999999973
0.010485999999999973
0.010485999999999973
0.010485999999999973
0.010485999999999973
0.010485999999999973
0.010485999999999973
0.010485999999999973
0.010485999999999973
0.010485999999999973
0.010485999999999973
0.010485999999999973
0.010485999999999973
0.010485999999999973
0.010485999999999973
0.010485999999999973
0.010485999999999973
0.010485999999999973
0.010485999999999973
0.010485999999999973
0.010485999999999973
0.010485999999999973
0.010485999999999973
0.010485999999999973
0.010485999999999973
0.010485999999999973
0.010485999999999973
0.010485999999999973
0.010485999999999973
0.010485999999999973
0.010485999999999973
0.010485999999999973
0.010485999999999973
0.010485999999999973
0.010485999999999973
0.010485999999999973
0.010485999999999973
0.010485999999999973
0.010485999999999973
0.010485999999999973
0.010485999999999973
0.010485999999999973
0.010485999999999973
0.010485999999999973
0.010485999999999973
0.010485999999999973
0.010485999999999973
0.010485999999999973
0.010485999999999973
0.010485999999999973
0.010485999999999973
0.010485999999999973
0.010485999999999973
0.010485999999999973
0.010485999999999973
0.010485999999999973
0.010485999999999973
0.010485999999999973
0.010485999999999973
0.010485999999999973
0.010605999999999977
0.010605999999999977
0.010605999999999977
0.010605999999999977
0.010605999999999977
0.010605999999999977
0.010605999999999977
0.010605999999999977
0.010605999999999977
0.010605999999999977
0.010605999999999977
0.010605999999999977
0.010605999999999977
0.010605999999999977
0.010605999999999977
0.010605999999999977
0.010605999999999977
0.010605999999999977
0.010605999999999977
0.010605999999999977
0.010605999999999977
0.010605999999999977
0.010605999999999977
0.010605999999999977
0.010605999999999977
0.010605999999999977
0.010605999999999977
0.010605999999999977
0.010605999999999977
0.010605999999999977
0.010605999999999977
0.010605999999999977
0.010605999999999977
0.010605999999999977
0.010605999999999977
0.010605999999999977
0.010605999999999977
0.010605999999999977
0.010605999999999977
0.010605999999999977
0.010605999999999977
0.010605999999999977
0.010605999999999977
0.010605999999999977
0.010605999999999977
0.010605999999999977
0.010605999999999977
0.010605999999999977
0.010605999999999977
0.010605999999999977
0.010605999999999977
0.010605999999999977
0.010605999999999977
0.010605999999999977
0.010605999999999977
0.010605999999999977
0.010605999999999977
0.010794999999999954
0.010794999999999954
0.010794999999999954
0.010794999999999954
0.010794999999999954
0.010794999999999954
0.010794999999999954
0.010794999999999954
0.010794999999999954
0.010794999999999954
0.010794999999999954
0.010794999999999954
0.010794999999999954
0.01132499999999995
0.01132499999999995
0.01132499999999995
0.011837999999999951
0.011837999999999951
0.011837999999999951
0.011837999999999951
0.011837999999999951
0.011837999999999951
0.011837999999999951
0.011837999999999951
0.011837999999999951
0.011837999999999951
0.011837999999999951
0.011837999999999951
0.011837999999999951
0.011837999999999951
0.011837999999999951
0.011837999999999951
0.011837999999999951
0.011837999999999951
0.011837999999999951
0.011837999999999951
0.011837999999999951
0.011837999999999951
0.011837999999999951
0.011837999999999951
0.011837999999999951
0.011837999999999951
0.011837999999999951
0.011837999999999951
0.011837999999999951
0.011837999999999951
0.011837999999999951
0.011837999999999951
0.011837999999999951
0.011837999999999951
0.011837999999999951
0.011837999999999951
0.011837999999999951
0.011837999999999951
0.011837999999999951
0.011837999999999951
0.011837999999999951
0.011837999999999951
0.011837999999999951
0.011837999999999951
0.011837999999999951
0.011837999999999951
0.011837999999999951
0.011837999999999951
0.011837999999999951
0.011837999999999951
0.011837999999999951
0.011837999999999951
0.011837999999999951
0.011837999999999951
0.011837999999999951
0.011837999999999951
0.011837999999999951
0.011837999999999951
0.011837999999999951
0.011837999999999951
0.011837999999999951
0.011837999999999951
0.011837999999999951
0.011837999999999951
0.011837999999999951
0.011837999999999951
0.011837999999999951
0.011837999999999951
0.011837999999999951
0.011837999999999951
0.011837999999999951
0.011837999999999951
0.011875999999999944
0.011875999999999944
0.011875999999999944
0.011875999999999944
0.011875999999999944
0.011875999999999944
0.011875999999999944
0.011875999999999944
0.011875999999999944
0.011875999999999944
0.011875999999999944
0.011875999999999944
0.011875999999999944
0.011875999999999944
0.011875999999999944
0.011875999999999944
0.011875999999999944
0.011875999999999944
0.011875999999999944
0.011875999999999944
0.011875999999999944
0.011875999999999944
0.011875999999999944
0.011875999999999944
0.011875999999999944
0.01229099999999995
0.01229099999999995
0.01229099999999995
0.01229099999999995
0.01229099999999995
0.01229099999999995
0.01229099999999995
0.01229099999999995
0.01229099999999995
0.01229099999999995
0.01229099999999995
0.01229099999999995
0.01229099999999995
0.01229099999999995
0.01229099999999995
0.01229099999999995
0.01229099999999995
0.01229099999999995
0.013322999999999944
0.013322999999999944
0.013322999999999944
0.013322999999999944
0.013322999999999944
0.013322999999999944
0.013322999999999944
0.013322999999999944
0.013322999999999944
0.013322999999999944
0.013322999999999944
0.013322999999999944
0.013322999999999944
0.013322999999999944
0.013322999999999944
0.013322999999999944
0.013322999999999944
0.013322999999999944
0.013322999999999944
0.013322999999999944
0.013322999999999944
0.013322999999999944
0.013322999999999944
0.013322999999999944
0.013322999999999944
0.013322999999999944
0.013322999999999944
0.013322999999999944
0.013322999999999944
0.013322999999999944
0.013322999999999944
0.013322999999999944
0.013322999999999944
0.013322999999999944
0.013322999999999944
0.013322999999999944
0.013322999999999944
0.013322999999999944
0.013322999999999944
0.013322999999999944
0.013322999999999944
0.013322999999999944
0.013322999999999944
0.013322999999999944
0.013322999999999944
0.013322999999999944
0.013322999999999944
0.013322999999999944
0.013322999999999944
0.013322999999999944
0.013322999999999944
0.013322999999999944
0.013322999999999944
0.013322999999999944
0.013322999999999944
0.013322999999999944
0.013322999999999944
0.013322999999999944
0.013322999999999944
0.013322999999999944
0.013322999999999944
0.013322999999999944
0.013322999999999944
0.013322999999999944
0.013322999999999944
0.013322999999999944
0.013322999999999944
0.013322999999999944
0.013322999999999944
0.013322999999999944
0.013322999999999944
0.013322999999999944
0.013322999999999944
0.013322999999999944
0.013322999999999944
0.013322999999999944
0.013322999999999944
0.013322999999999944
0.013322999999999944
0.013322999999999944
0.013322999999999944
0.014829999999999944
0.014829999999999944
0.014829999999999944
0.014829999999999944
0.014829999999999944
0.014829999999999944
0.014829999999999944
0.014829999999999944
0.014829999999999944
0.014829999999999944
0.014829999999999944
0.014829999999999944
0.014829999999999944
0.014829999999999944
0.014829999999999944
0.014829999999999944
0.014829999999999944
0.014829999999999944
0.014829999999999944
0.014829999999999944
0.014829999999999944
0.014829999999999944
0.014829999999999944
0.014829999999999944
0.014829999999999944
0.014829999999999944
0.014829999999999944
0.014829999999999944
0.014829999999999944
0.014829999999999944
0.014829999999999944
0.014829999999999944
0.014829999999999944
0.014829999999999944
0.014829999999999944
0.014829999999999944
0.014829999999999944
0.014829999999999944
0.014829999999999944
0.014829999999999944
0.014829999999999944
0.014829999999999944
0.014829999999999944
0.014829999999999944
0.014829999999999944
0.014829999999999944
0.014829999999999944
0.014829999999999944
0.014829999999999944
0.014829999999999944
0.014829999999999944
0.014829999999999944
0.014829999999999944
0.014829999999999944
0.014829999999999944
0.014829999999999944
0.014829999999999944
0.014829999999999944
0.014829999999999944
0.014829999999999944
0.014829999999999944
0.014829999999999944
0.014829999999999944
0.014829999999999944
0.014829999999999944
0.014829999999999944
0.014829999999999944
0.014829999999999944
0.014829999999999944
0.014829999999999944
0.014829999999999944
0.014829999999999944
0.014829999999999944
0.014829999999999944
0.014829999999999944
0.014829999999999944
0.014829999999999944
0.014829999999999944
0.014829999999999944
0.014829999999999944
0.014829999999999944
0.014829999999999944
0.014829999999999944
0.014829999999999944
0.014829999999999944
0.014829999999999944
0.014829999999999944
0.014829999999999944
0.014829999999999944
0.014829999999999944
0.014829999999999944
0.014829999999999944
0.014829999999999944
0.014829999999999944
0.014829999999999944
0.014829999999999944
0.014829999999999944
0.014829999999999944
0.014829999999999944
0.014829999999999944
0.014829999999999944
0.014829999999999944
0.014829999999999944
0.014829999999999944
0.014829999999999944
0.014829999999999944
0.014829999999999944
0.014829999999999944
0.014829999999999944
0.014829999999999944
0.014829999999999944
0.014829999999999944
0.014829999999999944
0.014829999999999944
0.014829999999999944
0.014829999999999944
0.01502599999999995
0.01502599999999995
0.01502599999999995
0.01502599999999995
0.01502599999999995
0.01502599999999995
0.01502599999999995
0.01502599999999995
0.01502599999999995
0.01502599999999995
0.01502599999999995
0.01502599999999995
0.01502599999999995
0.01502599999999995
0.01502599999999995
0.01502599999999995
0.01502599999999995
0.01502599999999995
0.01502599999999995
0.01502599999999995
0.01502599999999995
0.01502599999999995
0.01502599999999995
0.01502599999999995
0.01502599999999995
0.01502599999999995
0.01502599999999995
0.01502599999999995
0.01502599999999995
0.01502599999999995
0.01502599999999995
0.01502599999999995
0.01502599999999995
0.01502599999999995
0.01502599999999995
0.01502599999999995
0.01502599999999995
0.01502599999999995
0.01502599999999995
0.01502599999999995
0.01502599999999995
0.01502599999999995
0.01502599999999995
0.01502599999999995
0.01502599999999995
0.01502599999999995
0.01502599999999995
0.01502599999999995
0.01502599999999995
0.01502599999999995
0.01502599999999995
0.01502599999999995
0.01502599999999995
0.01502599999999995
0.01502599999999995
0.01502599999999995
0.01502599999999995
0.01502599999999995
0.01502599999999995
0.01502599999999995
0.01502599999999995
0.01502599999999995
0.01502599999999995
0.01502599999999995
0.01502599999999995
0.01502599999999995
0.01502599999999995
0.01502599999999995
0.01502599999999995
0.01502599999999995
0.01502599999999995
0.01502599999999995
0.01502599999999995
0.01502599999999995
0.01502599999999995
0.01502599999999995
0.01502599999999995
0.01502599999999995
0.01502599999999995
0.01502599999999995
0.01502599999999995
0.01502599999999995
0.01502599999999995
0.01502599999999995
0.01502599999999995
0.01502599999999995
0.01502599999999995
0.01502599999999995
0.01502599999999995
0.01502599999999995
0.01502599999999995
0.01502599999999995
0.01502599999999995
0.01502599999999995
0.01502599999999995
0.01502599999999995
0.01502599999999995
0.01502599999999995
0.01502599999999995
0.01502599999999995
0.01502599999999995
0.01502599999999995
0.01502599999999995
0.01502599999999995
0.01502599999999995
0.01502599999999995
0.01502599999999995
0.01502599999999995
0.01502599999999995
0.01502599999999995
0.01502599999999995
0.01502599999999995
0.01502599999999995
0.01502599999999995
0.01502599999999995
0.01502599999999995
0.01502599999999995
0.01502599999999995
0.01502599999999995
0.01502599999999995
0.01502599999999995
0.01502599999999995
0.01502599999999995
0.01502599999999995
0.01502599999999995
0.01502599999999995
0.01502599999999995
0.01502599999999995
0.01502599999999995
0.01502599999999995
0.01502599999999995
0.01502599999999995
0.01502599999999995
0.01502599999999995
0.015302999999999954
0.015302999999999954
0.015302999999999954
0.015302999999999954
0.015302999999999954
0.015302999999999954
0.015302999999999954
0.015302999999999954
0.015302999999999954
0.015302999999999954
0.015302999999999954
0.015302999999999954
0.015302999999999954
0.015302999999999954
0.015302999999999954
0.015302999999999954
0.015302999999999954
0.015302999999999954
0.015302999999999954
0.015302999999999954
0.015302999999999954
0.015302999999999954
0.015302999999999954
