-0.13516499999999992
-0.11982299999999996
-0.11565300000000031
-0.10871399999999988
-0.10330000000000009
-0.10030800000000002
-0.09910800000000011
-0.09642499999999993
-0.09584199999999994
-0.09579999999999998
-0.09314599999999996
-0.09396199999999987
-0.09013099999999975
-0.08920799999999973
-0.08768799999999988
-0.08940499999999972
-0.09015899999999981
-0.08941599999999984
-0.08875299999999979
-0.08704299999999986
-0.0871259999999999
-0.08579399999999976
-0.08716599999999981
-0.08550999999999985
-0.08453799999999978
-0.08646999999999985
-0.0847309999999998
-0.08328399999999993
-0.08355999999999979
-0.08503999999999984
-0.08522599999999984
-0.0839789999999998
-0.08152799999999982
-0.08098099999999983
-0.07916599999999983
-0.08282799999999975
-0.07716999999999975
-0.0765309999999998
-0.07687899999999989
-0.07715599999999985
-0.08004099999999975
-0.07793699999999987
-0.07533099999999975
-0.07351199999999977
-0.07122499999999987
-0.07176199999999992
-0.07182499999999992
-0.07302099999999988
-0.06795399999999989
-0.06969299999999987
-0.07007599999999989
-0.07212899999999989
-0.07044699999999987
-0.06800599999999983
-0.06852799999999988
-0.06690999999999991
-0.06667199999999994
-0.06688699999999981
-0.06508599999999982
-0.06593399999999991
-0.06595899999999985
-0.06528599999999986
-0.06246499999999995
-0.06342299999999994
-0.06119299999999989
-0.06340799999999988
-0.06459799999999997
-0.06274099999999996
-0.06213699999999992
-0.06298999999999993
-0.062191999999999976
-0.05924799999999995
-0.061733999999999935
-0.059920999999999947
-0.059447999999999966
-0.059449
-0.060486999999999874
-0.0615389999999999
-0.06006099999999995
-0.05908499999999992
-0.06132299999999993
-0.059484999999999934
-0.058236999999999955
-0.05785799999999997
-0.057880999999999946
-0.0575179999999999
-0.056565000000000046
-0.058890999999999985
-0.05950999999999996
-0.05962699999999988
-0.06142899999999998
-0.06023600000000003
-0.06053199999999998
-0.058328999999999964
-0.059517999999999974
-0.05732500000000002
-0.05912499999999985
-0.05789400000000001
-0.05725399999999994
-0.05746899999999997
-0.060742999999999846
-0.05899199999999994
-0.05901099999999996
-0.05634500000000001
-0.057728999999999975
-0.0589579999999999
-0.056436999999999966
-0.05605599999999998
-0.05576299999999992
-0.057468999999999985
-0.05766099999999994
-0.057533999999999995
-0.05784999999999996
-0.05871299999999997
-0.055270999999999994
-0.05498199999999997
-0.05719499999999998
-0.057863999999999964
-0.05598600000000002
-0.056337000000000026
-0.05805399999999995
-0.057554999999999995
-0.05723199999999997
-0.05703899999999998
-0.06040999999999996
-0.05487900000000003
-0.05595100000000008
-0.05576099999999994
-0.05557199999999997
-0.055251
-0.054423999999999965
-0.05564000000000003
-0.057035999999999976
-0.055076000000000035
-0.056176000000000025
-0.05498600000000007
-0.05430600000000006
-0.05425599999999999
-0.055258
-0.056582999999999994
-0.05350099999999995
-0.05345499999999998
-0.05473800000000001
-0.05434599999999997
-0.056176999999999984
-0.057058000000000025
-0.05097699999999999
-0.053261000000000024
-0.05226399999999994
-0.05011899999999997
-0.05359099999999995
-0.05164099999999997
-0.050989
-0.052136999999999954
-0.050963000000000036
-0.053435
-0.04956699999999998
-0.05110599999999999
-0.051102999999999975
-0.05258399999999996
-0.05106600000000003
-0.050862999999999936
-0.052305999999999984
-0.05528599999999998
-0.053229999999999986
-0.05162399999999992
-0.05474399999999997
-0.05330300000000001
-0.04916999999999998
-0.051395000000000024
-0.050311000000000036
-0.048787
-0.052770999999999936
-0.04997199999999998
-0.054388000000000034
-0.05322799999999995
-0.04959900000000004
-0.05234499999999993
-0.04965599999999996
-0.051535000000000025
-0.05002099999999999
-0.051425999999999986
-0.05134999999999995
-0.054146999999999945
-0.050699999999999995
-0.04980799999999999
-0.05043499999999999
-0.04914199999999999
-0.048743
-0.052593999999999974
-0.05220499999999992
-0.05333199999999996
-0.05191299999999993
-0.05331699999999993
-0.049344
-0.05199799999999995
-0.05187599999999992
-0.054079999999999996
-0.05326299999999993
-0.052616999999999976
-0.049929999999999995
-0.04985099999999995
-0.04766800000000001
-0.04934600000000001
-0.04858400000000001
-0.049511999999999945
-0.04793000000000001
-0.04740199999999997
-0.05073600000000001
-0.04743799999999997
-0.04768099999999996
-0.046018999999999984
-0.04928299999999996
-0.046873999999999985
-0.04912999999999998
-0.04861399999999999
-0.05025399999999995
-0.04840300000000003
-0.04631799999999996
-0.04982399999999997
-0.047419
-0.04711200000000001
-0.04889700000000002
-0.048010999999999915
-0.04667500000000001
-0.04737200000000001
-0.050237999999999984
-0.04717999999999998
-0.04952300000000003
-0.046898
-0.048271
-0.04484599999999992
-0.04570399999999999
-0.04758500000000002
-0.047913999999999984
-0.04871999999999995
-0.04730399999999997
-0.04574899999999997
-0.04633899999999996
-0.04625299999999995
-0.04619699999999994
-0.046981999999999975
-0.04614899999999998
-0.046936
-0.04683600000000001
-0.047381000000000006
-0.04553899999999993
-0.04701399999999997
-0.04830699999999999
-0.04308499999999995
-0.04916100000000002
-0.04522799999999995
-0.04194499999999996
-0.040678999999999965
-0.04193799999999996
-0.04348099999999997
-0.041817
-0.040659999999999946
-0.04156199999999995
-0.043501999999999964
-0.04233399999999998
-0.04180099999999999
-0.04112299999999993
-0.040458999999999974
-0.04232999999999998
-0.04205499999999999
-0.04245999999999997
-0.04449299999999999
-0.04033199999999998
-0.04327299999999998
-0.04126799999999998
-0.04050599999999998
-0.039198999999999984
-0.04125799999999998
-0.042931999999999984
-0.04273299999999996
-0.039957999999999966
-0.04185499999999998
-0.04354200000000002
-0.04008399999999996
-0.04115299999999998
-0.041439999999999984
-0.03991899999999997
-0.042824999999999974
-0.04378899999999997
-0.04272
-0.03896299999999994
-0.04232499999999996
-0.042103999999999975
-0.04014299999999998
-0.04174299999999997
-0.04208799999999995
-0.04170399999999994
-0.04092099999999997
-0.042550000000000004
-0.040491
-0.04091399999999998
-0.044312000000000004
-0.04518299999999998
-0.04041199999999999
-0.04006399999999994
-0.042853
-0.043384999999999986
-0.041584
-0.041433999999999964
-0.03895599999999998
-0.040297999999999994
-0.03969499999999997
-0.04147199999999995
-0.039939999999999955
-0.04041899999999996
-0.040253999999999915
-0.044048
-0.04204699999999997
-0.045009999999999925
-0.04153099999999996
-0.04359999999999998
-0.04293199999999999
-0.03999099999999994
-0.03889199999999998
-0.039961999999999956
-0.04132099999999999
-0.04172799999999999
-0.04025499999999999
-0.04037899999999999
-0.04364399999999997
-0.04372199999999996
-0.04084199999999995
-0.040324000000000006
-0.039997999999999985
-0.03970099999999998
-0.03996799999999998
-0.040210999999999976
-0.04079199999999993
-0.04083599999999993
-0.03842099999999994
-0.03749299999999998
-0.03739700000000006
-0.037255999999999956
-0.03887100000000002
-0.037546
-0.04137399999999998
-0.03908699999999992
-0.03750699999999996
-0.03980899999999998
-0.037514999999999944
-0.038901000000000026
-0.04149299999999998
-0.03721799999999999
-0.036115999999999954
-0.037529999999999994
-0.03625600000000001
-0.035005999999999954
-0.03632400000000001
-0.036476
-0.034789000000000035
-0.03823300000000005
-0.037302999999999954
-0.03799199999999998
-0.03694800000000005
-0.036600000000000056
-0.03724000000000003
-0.03907499999999998
-0.035683999999999966
-0.03646400000000007
-0.03670400000000003
-0.034658
-0.034029000000000025
-0.03532499999999994
-0.034143000000000034
-0.03545900000000001
-0.03984799999999999
-0.03418800000000004
-0.03393300000000001
-0.03504900000000006
-0.033997000000000006
-0.03513299999999999
-0.03303200000000003
-0.03225500000000003
-0.03283999999999998
-0.032692999999999986
-0.036611000000000005
-0.033117000000000035
-0.035938000000000005
-0.034088
-0.03215500000000004
-0.033444999999999996
-0.03173000000000006
-0.03231700000000003
-0.033276000000000035
-0.03046100000000002
-0.03690800000000005
-0.029924000000000065
-0.03079000000000001
-0.031965000000000014
-0.02814600000000005
-0.028689000000000034
-0.031258999999999995
-0.03210500000000002
-0.030881000000000068
-0.029108000000000005
-0.029869
-0.029528000000000026
-0.029256000000000018
-0.03136900000000004
-0.030848000000000052
-0.032535000000000036
-0.032017000000000025
-0.02873300000000006
-0.03208900000000001
-0.03001800000000003
-0.030723000000000014
-0.03181700000000006
-0.030092000000000008
-0.02953700000000003
-0.02914200000000002
-0.029498000000000087
-0.03034100000000006
-0.02801500000000001
-0.03014400000000003
-0.03265900000000006
-0.029713000000000035
-0.029109000000000038
-0.02920100000000003
-0.028600000000000018
-0.03356300000000001
-0.02950200000000004
-0.02955900000000002
-0.028528000000000036
-0.028104000000000014
-0.02824500000000001
-0.02967600000000003
-0.029059000000000015
-0.029516000000000014
-0.03065300000000002
-0.03040500000000004
-0.030582000000000033
-0.027722000000000014
-0.03150900000000007
-0.02851200000000003
-0.032290000000000055
-0.029061000000000062
-0.027860999999999997
-0.033509000000000046
-0.028965000000000036
-0.03064100000000002
-0.028546
-0.02873400000000001
-0.02891900000000001
-0.02794700000000001
-0.029819000000000057
-0.02994600000000006
-0.030814000000000057
-0.027644000000000012
-0.02701400000000003
-0.02832400000000003
-0.02839600000000005
-0.028734000000000003
-0.02888400000000001
-0.028842000000000048
-0.02841700000000001
-0.028374000000000007
-0.02834600000000002
-0.030048000000000002
-0.032591000000000085
-0.029593000000000053
-0.029048000000000036
-0.029562000000000012
-0.028525000000000016
-0.02952000000000001
-0.030484000000000094
-0.028786000000000034
-0.028117000000000034
-0.02808300000000006
-0.026681000000000028
-0.03003000000000004
-0.026888000000000026
-0.027690000000000048
-0.029309000000000043
-0.02891800000000003
-0.027077000000000042
-0.02835100000000001
-0.028267000000000018
-0.02707700000000004
-0.027415000000000002
-0.030145000000000033
-0.029978000000000067
-0.029174000000000047
-0.029027000000000015
-0.027015000000000042
-0.028172000000000055
-0.028627000000000045
-0.03007600000000006
-0.028765
-0.029868000000000016
-0.026839000000000026
-0.029332000000000035
-0.02743100000000002
-0.029131000000000008
-0.02897300000000004
-0.02911600000000004
-0.029217000000000017
-0.029604000000000026
-0.02723300000000002
-0.02809600000000003
-0.028051000000000034
-0.029367000000000053
-0.027722000000000014
-0.028439000000000006
-0.030191000000000072
-0.030369000000000052
-0.027021000000000076
-0.02890600000000002
-0.031560000000000046
-0.02983999999999999
-0.027483000000000014
-0.030658000000000022
-0.029497000000000037
-0.028477999999999986
-0.025892000000000047
-0.029909000000000054
-0.02722000000000004
-0.02821100000000003
-0.027806
-0.02612000000000002
-0.026827000000000028
-0.028320000000000033
-0.02609100000000002
-0.02538800000000003
-0.026828000000000032
-0.02549600000000004
-0.026612000000000018
-0.02762300000000003
-0.02595000000000002
-0.024876000000000027
-0.02911000000000003
-0.026955000000000014
-0.026678000000000025
-0.02716800000000001
-0.026872000000000014
-0.028977999999999986
-0.025887000000000007
-0.031042
-0.027356000000000012
-0.024927000000000015
-0.02396800000000005
-0.025621000000000022
-0.02549800000000004
-0.02681100000000003
-0.025337000000000047
-0.028834000000000044
-0.024042000000000008
-0.026884000000000016
-0.02573300000000005
-0.025879000000000003
-0.025796000000000038
-0.02697000000000004
-0.025136000000000016
-0.025743000000000012
-0.02621300000000004
-0.026363000000000004
-0.026253
-0.02396300000000002
-0.025377000000000028
-0.029368000000000012
-0.025412000000000007
-0.02806400000000001
-0.025298000000000025
-0.025291000000000015
-0.025166000000000015
-0.024615000000000036
-0.026251000000000028
-0.02562700000000001
-0.02660300000000002
-0.025120000000000028
-0.030034000000000033
-0.02444400000000003
-0.02356600000000004
-0.02364300000000004
-0.023555000000000027
-0.024841000000000033
-0.02548700000000003
-0.026696000000000022
-0.028196999999999996
-0.027016000000000012
-0.024104000000000028
-0.02497700000000003
-0.02667400000000003
-0.02430600000000003
-0.024175000000000082
-0.027663000000000038
-0.02480400000000002
-0.02471400000000005
-0.02373800000000003
-0.024036000000000012
-0.02332900000000001
-0.02753300000000005
-0.027261000000000035
-0.02509000000000003
-0.023567000000000025
-0.02422500000000003
-0.02548700000000003
-0.02490400000000004
-0.026203000000000032
-0.024192000000000026
-0.023811000000000016
-0.027478000000000027
-0.027749999999999993
-0.02532700000000002
-0.026679000000000026
-0.025271999999999996
-0.027823000000000042
-0.026413000000000034
-0.022469000000000024
-0.025933000000000032
-0.02518900000000004
-0.024361000000000046
-0.023410000000000025
-0.02485000000000002
-0.02588500000000001
-0.024073000000000018
-0.024017000000000004
-0.023651000000000047
-0.024687000000000004
-0.024564000000000023
-0.025733000000000037
-0.026206000000000052
-0.025355000000000034
-0.02676100000000003
-0.025984000000000014
-0.024000000000000004
-0.027132000000000035
-0.022608000000000014
-0.027766000000000002
-0.02367400000000001
-0.029030000000000042
-0.023693000000000033
-0.024677000000000036
-0.02233000000000003
-0.025675999999999997
-0.025421000000000034
-0.025102000000000027
-0.026826000000000016
-0.024938999999999996
-0.025949000000000024
-0.02387100000000003
-0.02424600000000003
-0.02338600000000004
-0.022138000000000015
-0.023693000000000033
-0.023886000000000032
-0.027587000000000046
-0.022052000000000037
-0.024846000000000038
-0.02107800000000001
-0.021763000000000043
-0.02061600000000003
-0.022655000000000036
-0.018601000000000027
-0.019784000000000017
-0.017646000000000016
-0.02109800000000001
-0.020042000000000018
-0.020206000000000023
-0.019091000000000028
-0.020277000000000035
-0.019198000000000014
-0.020627000000000034
-0.01954000000000003
-0.018477000000000014
-0.01770099999999999
-0.017472
-0.018661999999999998
-0.015595999999999992
-0.019085000000000022
-0.016006000000000003
-0.01718000000000001
-0.01763200000000002
-0.016921000000000002
-0.018712000000000027
-0.018349999999999995
-0.016318999999999986
-0.016842999999999997
-0.01872000000000001
-0.020809
-0.01929000000000001
-0.017590999999999992
-0.017214000000000014
-0.016437000000000007
-0.01719000000000001
-0.016513000000000007
-0.017222999999999978
-0.01703700000000001
-0.017700000000000007
-0.015960999999999993
-0.016144
-0.016526000000000006
-0.019556000000000028
-0.017189000000000003
-0.018851
-0.016589
-0.015524000000000024
-0.017210000000000027
-0.017099000000000003
-0.01681400000000002
-0.017127999999999997
-0.015519000000000008
-0.017557000000000014
-0.016549000000000022
-0.016820000000000012
-0.01590100000000001
-0.016254000000000036
-0.01316800000000001
-0.012560000000000017
-0.01570200000000001
-0.013346000000000016
-0.015225000000000002
-0.016033000000000013
-0.013886000000000016
-0.012805000000000016
-0.013227999999999983
-0.012661999999999996
-0.016671000000000012
-0.014775999999999996
-0.014370999999999986
-0.015332
-0.01608300000000003
-0.01641900000000001
-0.016161999999999982
-0.011519000000000005
-0.012711000000000004
-0.01577400000000003
-0.014290000000000014
-0.01415700000000001
-0.012606000000000013
-0.01431300000000006
-0.015430999999999997
-0.014164999999999981
-0.013595000000000036
-0.012966000000000009
-0.014538000000000008
-0.012655999999999988
-0.015061000000000001
-0.015275999999999996
-0.013095000000000016
-0.014202000000000006
-0.013231000000000007
-0.011706000000000005
-0.013248000000000027
-0.010382
-0.012950000000000003
-0.013123999999999992
-0.01429500000000001
-0.013324000000000015
-0.011499000000000025
-0.01131300000000002
-0.01354900000000003
-0.012328000000000002
-0.012808000000000016
-0.013648000000000016
-0.013814000000000007
-0.015063000000000017
-0.013483000000000033
-0.01491000000000001
-0.015579999999999998
-0.012987000000000021
-0.014294000000000013
-0.010968000000000012
-0.015184000000000015
-0.016121000000000028
-0.013898000000000002
-0.013375000000000008
-0.011014000000000015
-0.01453299999999999
-0.012864000000000018
-0.010358000000000015
-0.013034000000000004
-0.012640000000000007
-0.012459000000000005
-0.014078000000000009
-0.014567000000000016
-0.01260400000000003
-0.012326000000000021
-0.016388999999999997
-0.013596000000000021
-0.011703000000000007
-0.015763999999999997
-0.012893000000000003
-0.012605000000000026
-0.013306000000000014
-0.014278000000000011
-0.014371000000000017
-0.015831000000000026
-0.011734000000000015
-0.015315000000000027
-0.01213000000000001
-0.012652000000000007
-0.013240000000000009
-0.01447100000000002
-0.014103000000000017
-0.015608000000000018
-0.013826000000000005
-0.013770000000000013
-0.011966000000000008
-0.013151000000000008
-0.01519700000000002
-0.015313999999999993
-0.015391999999999984
-0.01352200000000003
-0.013332000000000007
-0.013837
-0.011687000000000017
-0.01787900000000003
-0.011821000000000017
-0.011920000000000014
-0.01592500000000001
-0.014721999999999994
-0.011897000000000012
-0.012093000000000007
-0.012785000000000008
-0.013358999999999998
-0.01293400000000001
-0.013431000000000018
-0.012582000000000025
-0.013311000000000016
-0.012658999999999997
-0.012219000000000016
-0.013786000000000007
-0.013351000000000007
-0.013429000000000023
-0.012348999999999999
-0.010509000000000001
-0.013769000000000005
-0.010598000000000015
-0.01721500000000003
-0.013315999999999988
-0.014268000000000015
-0.013095999999999998
-0.01314900000000002
-0.014957999999999992
-0.012184000000000007
-0.015499999999999996
-0.011468000000000018
-0.013412999999999974
-0.010593000000000003
-0.011119000000000009
-0.012066000000000023
-0.01040100000000002
-0.013903000000000002
-0.011637
-0.014721000000000015
-0.010549000000000001
-0.015469000000000005
-0.012916000000000016
-0.011494000000000006
-0.011254000000000004
-0.011195000000000002
-0.01171000000000002
-0.012597999999999998
-0.010261000000000006
-0.010946999999999998
-0.012504000000000029
-0.013191999999999999
-0.009921000000000008
-0.011613999999999996
-0.011970000000000015
-0.010363000000000008
-0.009767000000000001
-0.013262000000000003
-0.009416000000000022
-0.010379000000000006
-0.012462999999999998
-0.011962000000000013
-0.012008000000000005
-0.011813999999999998
-0.010949999999999991
-0.010370000000000032
-0.00996100000000003
-0.011220000000000018
-0.011137000000000011
-0.010295000000000023
-0.009367000000000025
-0.01067800000000002
-0.012471000000000003
-0.010606000000000016
-0.010249000000000017
-0.010791000000000005
-0.011595999999999992
-0.009678000000000016
-0.00956100000000001
-0.010234000000000005
-0.01149600000000001
-0.012509000000000015
-0.010798000000000006
-0.011791000000000001
-0.012895000000000016
-0.011103999999999989
-0.010640000000000023
-0.011133000000000013
-0.010862000000000017
-0.013446000000000003
-0.009510000000000005
-0.010975000000000026
-0.010290000000000007
-0.010269000000000006
-0.010661000000000012
-0.011024000000000015
-0.010415000000000006
-0.010230000000000003
-0.011609000000000019
-0.011893000000000011
-0.012422000000000015
-0.01209400000000001
-0.013177000000000012
-0.011998000000000026
-0.012382000000000013
-0.01391499999999999
-0.014078000000000004
-0.008390000000000012
-0.009500999999999996
-0.01097499999999999
-0.009174000000000015
-0.011552000000000008
-0.009818000000000028
-0.011405000000000009
-0.009808000000000029
-0.008461000000000005
-0.01074200000000002
-0.010599000000000013
-0.012102000000000028
-0.011686000000000014
-0.013221000000000021
-0.010099000000000032
-0.00959600000000001
-0.009745000000000012
-0.009961999999999992
-0.009188000000000009
-0.011895000000000006
-0.009920000000000012
-0.009324
-0.008807000000000006
-0.008122000000000022
-0.009113000000000027
-0.007991999999999994
-0.008336000000000003
-0.008516000000000011
-0.009455000000000014
-0.008582000000000001
-0.00984300000000002
-0.009480000000000008
-0.01022100000000001
-0.009657000000000016
-0.011704000000000003
-0.008960000000000004
-0.00876200000000002
-0.009438000000000023
-0.008783000000000008
-0.00999500000000001
-0.010390999999999996
-0.008343999999999994
-0.008266000000000004
-0.008504000000000003
-0.007378000000000007
-0.010262999999999998
-0.008161000000000024
-0.009514000000000005
-0.007980000000000011
-0.008370000000000025
-0.008479000000000006
-0.008341000000000012
-0.011004000000000007
-0.009342999999999994
-0.009769000000000024
-0.009441000000000003
-0.010925000000000016
-0.011450000000000004
-0.008429999999999988
-0.012004000000000003
-0.008737000000000014
-0.010287000000000008
-0.010155000000000015
-0.007569000000000007
-0.009226999999999983
-0.011439000000000017
-0.010632000000000013
-0.008777
-0.008548000000000002
-0.01067400000000001
-0.0072209999999999965
-0.009842000000000009
-0.008094000000000006
-0.009229000000000003
-0.01015600000000001
-0.01002200000000002
-0.010236
-0.010657000000000008
-0.013172000000000008
-0.010036000000000008
-0.01095400000000003
-0.011220000000000018
-0.008651000000000006
-0.011515000000000004
-0.008987000000000007
-0.009498000000000003
-0.011401999999999999
-0.008967000000000001
-0.011170000000000003
-0.009236000000000006
-0.010633000000000002
-0.009535000000000005
-0.012140000000000007
-0.011266000000000007
-0.011719000000000018
-0.009425000000000011
-0.008567000000000005
-0.010381000000000005
-0.011544999999999996
-0.012038000000000009
-0.012059000000000002
-0.00816000000000003
-0.009638000000000015
-0.009022000000000016
-0.011678000000000016
-0.010659999999999998
-0.01053500000000001
-0.011039000000000018
-0.009467000000000008
-0.009855000000000015
-0.01432700000000002
-0.009427000000000007
-0.01160500000000001
-0.009946000000000009
-0.009743000000000009
-0.009360999999999998
-0.011380999999999995
-0.008909000000000007
-0.01013100000000001
-0.010796000000000005
-0.009288000000000027
-0.009413999999999997
-0.011309000000000005
-0.011403000000000012
-0.011151000000000003
-0.009036000000000002
-0.008889000000000025
-0.009397999999999998
-0.009137000000000001
-0.007102000000000001
-0.01156500000000001
-0.011013000000000004
-0.010084000000000011
-0.009375000000000012
-0.008729999999999998
-0.009821000000000009
-0.011170000000000027
-0.011169000000000016
-0.010445999999999999
-0.011898000000000004
-0.010642999999999994
-0.010972000000000003
-0.010408000000000006
-0.009503000000000003
-0.010035000000000002
-0.008866000000000004
-0.012095000000000007
-0.009105000000000004
-0.011518000000000004
-0.009669000000000016
-0.009298000000000032
-0.009866000000000012
-0.009175000000000016
-0.012037000000000006
-0.012046000000000003
-0.008867000000000007
-0.011571000000000026
-0.010488000000000006
-0.009744000000000015
-0.010558000000000005
-0.009364
-0.010094
-0.009764000000000004
-0.011731000000000004
-0.01014000000000001
-0.010350999999999997
-0.009401000000000019
-0.009654000000000003
-0.009418000000000001
-0.011469000000000016
-0.009777000000000013
-0.008705000000000011
-0.010804000000000001
-0.008282999999999997
-0.009367
-0.010325000000000013
-0.01025500000000001
-0.010649000000000007
-0.008708000000000016
-0.009108000000000012
-0.010351000000000027
-0.009221
-0.008899000000000004
-0.007755000000000018
-0.011334000000000004
-0.008645000000000014
-0.008785000000000003
-0.009105000000000014
-0.00964300000000002
-0.008875999999999992
-0.010982000000000016
-0.010177999999999994
-0.00997800000000002
-0.011049000000000022
-0.010110000000000023
-0.007391000000000001
-0.011089000000000026
-0.007945000000000013
-0.00894
-0.008335000000000002
-0.00866500000000002
-0.010389000000000015
-0.010381000000000015
-0.008774000000000014
-0.010819000000000006
-0.008616000000000016
-0.009134000000000024
-0.011575000000000004
-0.006291999999999997
-0.010369000000000022
-0.01030500000000001
-0.010031000000000005
-0.009517000000000005
-0.01199600000000001
-0.007804000000000011
-0.008699000000000007
-0.008590000000000007
-0.007232000000000011
-0.009958999999999989
-0.007847999999999999
-0.009048000000000011
-0.006971000000000001
-0.010202
-0.009214000000000005
-0.008149999999999998
-0.009225999999999993
-0.010197999999999995
-0.007816000000000007
-0.00929900000000003
-0.006907000000000008
-0.008774999999999993
-0.007210999999999999
-0.006856
-0.008216999999999988
-0.007417000000000009
-0.006530999999999994
-0.00844200000000002
-0.009368000000000001
-0.007131000000000006
-0.0070740000000000065
-0.006906999999999998
-0.008455
-0.00691600000000003
-0.009661000000000006
-0.010637999999999991
-0.005773000000000002
-0.008478000000000006
-0.006369000000000009
-0.007131
-0.008719000000000005
-0.009267000000000022
-0.008757000000000013
-0.007674999999999994
-0.0058619999999999966
-0.0075780000000000005
-0.007524999999999999
-0.008926999999999989
-0.008699000000000009
-0.008951000000000004
-0.007943000000000009
-0.006408
-0.007031999999999997
-0.007108999999999999
-0.007888000000000001
-0.012949000000000004
-0.006406000000000002
-0.006220000000000004
-0.00923000000000002
-0.0076040000000000135
-0.006639999999999999
-0.008137999999999996
-0.012359000000000016
-0.011261000000000024
-0.010162000000000013
-0.007025999999999999
-0.009393000000000007
-0.008889999999999992
-0.009695000000000007
-0.013410000000000016
-0.008145999999999997
-0.00645799999999999
-0.0057199999999999985
-0.00805500000000001
-0.010968999999999994
-0.007788000000000001
-0.010599000000000013
-0.008384999999999995
-0.005999999999999994
-0.006024000000000011
-0.006971000000000008
-0.01163500000000002
-0.012496999999999998
-0.008112000000000001
-0.006254999999999996
-0.005920999999999996
-0.009601999999999996
-0.008458000000000012
-0.005998999999999999
-0.007173999999999989
-0.00823100000000001
-0.005385999999999993
-0.005794000000000005
-0.008228000000000008
-0.007707000000000005
-0.007549999999999996
-0.005356000000000008
-0.00859500000000001
-0.0063040000000000014
-0.00614500000000001
-0.007357000000000012
-0.009411999999999997
-0.007255000000000003
-0.005685
-0.006626000000000001
-0.0061269999999999936
-0.007389999999999998
-0.008339000000000004
-0.00690000000000001
-0.006760000000000001
-0.007184000000000009
-0.007745999999999993
-0.010985000000000009
-0.009181000000000005
-0.006749
-0.006431999999999992
-0.006276
-0.004865000000000011
-0.007310999999999991
-0.006498999999999988
-0.005975999999999997
-0.006984999999999991
-0.0072459999999999955
-0.006244000000000004
-0.005243
-0.00777700000000001
-0.006359999999999999
-0.010216000000000005
-0.006115000000000005
-0.008523000000000017
-0.005582999999999996
-0.006317999999999993
-0.006889000000000002
-0.007246999999999998
-0.01009599999999999
-0.008086000000000005
-0.007220999999999998
-0.008260999999999996
-0.006935000000000002
-0.00944900000000002
-0.009141000000000003
-0.007134000000000012
-0.0074360000000000025
-0.00685300000000001
-0.006521000000000011
-0.007879000000000011
-0.009098000000000009
-0.008664999999999997
-0.011785000000000007
-0.005552000000000002
-0.008546000000000002
-0.007748000000000003
-0.010707999999999999
-0.010441999999999998
-0.011145000000000007
-0.007504000000000011
-0.008285999999999996
-0.009724999999999987
-0.009725999999999999
-0.007276000000000013
-0.00875800000000001
-0.008821999999999993
-0.007918999999999995
-0.006509000000000009
-0.009473000000000004
-0.012198000000000007
-0.009272999999999998
-0.010447000000000003
-0.00804100000000001
-0.012216000000000005
-0.006896999999999999
-0.006779000000000005
-0.00822100000000001
-0.007143000000000013
-0.006524000000000001
-0.008179000000000004
-0.009030000000000005
-0.008475000000000017
-0.007783999999999996
-0.011004999999999996
-0.007715000000000005
-0.011956000000000008
-0.005532000000000004
-0.0074449999999999916
-0.013254000000000005
-0.0059710000000000015
-0.0063879999999999935
-0.009809999999999989
-0.007772000000000012
-0.007891000000000006
-0.008371000000000007
-0.007492000000000001
-0.008207000000000004
-0.0071410000000000085
-0.010881999999999989
-0.006453
-0.009090000000000004
-0.00954300000000001
-0.006380999999999995
-0.007705000000000004
-0.009796000000000004
-0.008641000000000015
-0.006224000000000003
-0.008136999999999986
-0.006751000000000008
-0.007626000000000002
-0.0068220000000000025
-0.006487000000000005
-0.010435999999999989
-0.006692000000000007
-0.009895000000000011
-0.00805600000000001
-0.006789999999999997
-0.005777000000000011
-0.005654000000000008
-0.007551999999999993
-0.009936999999999986
-0.0074610000000000015
-0.007611999999999997
-0.00862900000000001
-0.0071369999999999975
-0.010367000000000006
-0.009611000000000008
-0.008951999999999995
-0.006927000000000011
-0.008200000000000013
-0.008835000000000008
-0.006096
-0.008604000000000006
-0.00596300000000001
-0.007729000000000003
-0.008604000000000011
-0.006462000000000003
-0.008062
-0.008853000000000001
-0.008907000000000003
-0.006699000000000014
-0.007817000000000013
-0.006845000000000002
-0.007975000000000003
-0.006255000000000004
-0.008763000000000002
-0.005703999999999994
-0.009927000000000009
-0.009280000000000005
-0.007927000000000019
-0.005549999999999998
-0.0052569999999999995
-0.0077580000000000045
-0.008886999999999997
-0.005493999999999984
-0.005108000000000002
-0.00798200000000001
-0.010068000000000021
-0.007347000000000001
-0.010710000000000006
-0.005127000000000003
-0.009577000000000023
-0.007877000000000006
-0.006933000000000009
-0.008341999999999999
-0.006079000000000006
-0.007042999999999999
-0.005300000000000004
-0.005692000000000005
-0.006298000000000007
-0.006472999999999999
-0.006532000000000004
-0.0049850000000000024
-0.007055000000000001
-0.008477000000000007
-0.00755
-0.006531999999999998
-0.007467999999999999
-0.005929999999999999
-0.007061000000000008
-0.0048820000000000105
-0.01020300000000003
-0.005368000000000001
-0.0073590000000000036
-0.007609000000000011
-0.007424000000000005
-0.005847000000000018
-0.006369000000000006
-0.006678000000000009
-0.007467000000000001
-0.007478000000000013
-0.006747999999999996
-0.008405000000000011
-0.0055899999999999995
-0.006966000000000003
-0.008650999999999997
-0.005479000000000018
-0.006815999999999998
-0.0054500000000000095
-0.0051370000000000035
-0.0074360000000000025
-0.0068170000000000045
-0.005509999999999994
-0.006909000000000011
-0.0063630000000000075
-0.004383000000000021
-0.006790999999999999
-0.00732300000000001
-0.004663999999999999
-0.0060200000000000045
-0.008178
-0.006995000000000002
-0.005805000000000003
-0.006720000000000016
-0.006618000000000002
-0.007884000000000007
-0.0072300000000000055
-0.008513999999999997
-0.007443999999999998
-0.006123000000000008
-0.007141
-0.008943000000000005
-0.006445000000000006
-0.007459000000000023
-0.008072000000000006
-0.0078040000000000045
-0.005279000000000004
-0.007921000000000008
-0.005250999999999995
-0.0060929999999999995
-0.004824000000000006
-0.00576400000000001
-0.009344
-0.004709000000000025
-0.003555999999999988
-0.006958000000000004
-0.006102000000000017
-0.008616000000000021
-0.0071070000000000005
-0.004993999999999996
-0.006100999999999992
-0.006535000000000012
-0.006292000000000009
-0.011491000000000012
-0.004752000000000007
-0.006773000000000014
-0.005936000000000001
-0.007156000000000006
-0.008342000000000002
-0.006117999999999993
-0.009070000000000016
-0.0074389999999999856
-0.010083999999999996
-0.007997000000000008
-0.005676999999999995
-0.005156000000000012
-0.008212000000000004
-0.007150000000000007
-0.006896000000000005
-0.006643000000000004
-0.004912000000000004
-0.0072390000000000015
-0.007589999999999998
-0.007207999999999998
-0.005105000000000026
-0.0036970000000000128
-0.009357000000000015
-0.008564000000000002
-0.00771800000000001
-0.0050130000000000105
-0.005139000000000004
-0.005551000000000008
-0.0075200000000000015
-0.00559
-0.006403999999999995
-0.00870800000000001
-0.006682999999999999
-0.006532000000000002
-0.006211000000000002
-0.005966999999999991
-0.004377000000000004
-0.005234000000000007
-0.005905000000000018
-0.004725999999999997
-0.005727000000000005
-0.007945000000000008
-0.00602000000000001
-0.0073080000000000115
-0.008556000000000003
-0.006687000000000006
-0.007402999999999997
-0.005211999999999987
-0.0068020000000000086
-0.00836400000000001
-0.005660999999999998
-0.006917000000000007
-0.008568000000000003
-0.006499000000000004
-0.005728000000000014
-0.005745000000000011
-0.005789000000000022
-0.005542000000000005
-0.006999999999999994
-0.003914000000000009
-0.008522
-0.008103000000000003
-0.009930000000000024
-0.006201000000000005
-0.004795000000000008
-0.004532000000000012
-0.005222000000000005
-0.00867300000000001
-0.007600000000000004
-0.004720000000000023
-0.007500999999999997
-0.004260000000000009
-0.008451000000000016
-0.004931000000000014
-0.005964000000000005
-0.006775999999999997
-0.006766000000000003
-0.0032100000000000223
-0.004703
-0.00612600000000001
-0.005392000000000004
-0.007987000000000025
-0.003942999999999992
-0.004705000000000013
-0.004048000000000014
-0.003394000000000007
-0.005369000000000008
-0.003267000000000005
-0.006419999999999999
-0.0053480000000000055
-0.004883000000000005
-0.005135999999999998
-0.005643000000000025
-0.005594000000000024
-0.0026640000000000084
-0.0052030000000000175
-0.0036850000000000008
-0.00462300000000001
-0.004415999999999994
-0.00455900000000002
-0.005584999999999995
-0.005064000000000004
-0.0065440000000000186
-0.006151999999999996
-0.004997999999999999
-0.0036120000000000032
-0.0047620000000000145
-0.0037500000000000233
-0.007690999999999985
-0.005871000000000016
-0.005869
-0.0057630000000000155
-0.004320000000000012
-0.004553000000000006
-0.005623000000000005
-0.004575999999999997
-0.0050990000000000115
-0.007773000000000012
-0.005896000000000011
-0.005146000000000008
-0.004181000000000004
-0.003744000000000014
-0.005385000000000007
-0.0035460000000000144
-0.0054210000000000196
-0.0054730000000000134
-0.005975000000000009
-0.0037649999999999914
-0.004654999999999993
-0.005705000000000009
-0.00704400000000002
-0.006369999999999996
-0.0054050000000000235
-0.0047300000000000215
-0.004922000000000009
-0.004766000000000026
-0.004646000000000007
-0.0047620000000000075
-0.004209000000000011
-0.0037050000000000173
-0.004933000000000005
-0.004403000000000013
-0.006981000000000018
-0.004448999999999999
-0.005020000000000026
-0.0033399999999999914
-0.003574999999999999
-0.005229000000000024
-0.0061880000000000225
-0.003080999999999989
-0.007989000000000007
-0.003900000000000006
-0.006464999999999998
-0.004402000000000006
-0.006957999999999991
-0.003932000000000004
-0.004810000000000005
-0.0041770000000000106
-0.006672000000000011
-0.005494000000000017
-0.006809000000000008
-0.004100999999999997
-0.005194999999999991
-0.004653000000000014
-0.005321999999999988
-0.003790000000000006
-0.0033980000000000074
-0.005177000000000015
-0.006811000000000001
-0.004627000000000008
-0.004030000000000015
-0.0039880000000000046
-0.004737000000000004
-0.009096000000000002
-0.006839999999999999
-0.005472000000000012
-0.005803000000000009
-0.0057940000000000075
-0.002860999999999986
-0.00468300000000001
-0.002532
-0.005147000000000009
-0.005000000000000019
-0.004407000000000005
-0.004909000000000004
-0.005552000000000015
-0.0019170000000000062
-0.0042690000000000046
-0.0051499999999999905
-0.004666999999999989
-0.006063000000000016
-0.0032990000000000194
-0.004584000000000008
-0.003855000000000019
-0.0027849999999999815
-0.005221000000000005
-0.0032450000000000053
-0.0025839999999999995
-0.0027449999999999944
-0.004118999999999996
-0.003340999999999992
-0.00493699999999999
-0.004748000000000008
-0.005526999999999987
-0.0064089999999999946
-0.005397000000000024
-0.006889
-0.0050449999999999965
-0.005268999999999998
-0.005113000000000005
-0.004267000000000027
-0.004542999999999998
-0.004567999999999996
-0.003603000000000004
-0.004214000000000015
-0.0023379999999999903
-0.0038819999999999844
-0.004978000000000007
-0.007367000000000003
-0.0027999999999999974
-0.002797000000000008
-0.004266000000000013
-0.004055999999999985
-0.0036089999999999968
-0.00546
-0.002979000000000003
-0.0039210000000000095
-0.0024049999999999866
-0.004873999999999988
-0.0038800000000000197
-0.004483000000000031
-0.002470999999999993
-0.0034280000000000087
-0.003464000000000012
-0.004607999999999994
-0.0029120000000000023
-0.002970000000000017
-0.004761000000000016
-0.0045120000000000125
-0.004018999999999991
-0.003421
-0.00348600000000001
-0.003738999999999995
-0.0027819999999999998
-0.002962999999999997
-0.0012440000000000047
-0.005774000000000008
-0.005512000000000003
-0.0017299999999999894
-0.003079999999999997
-0.0015779999999999833
-0.0007660000000000052
-0.0023459999999999957
-0.003888000000000003
-0.0020370000000000063
-0.0005579999999999969
-0.0032950000000000314
-0.004509999999999999
-0.0025930000000000037
-0.0035889999999999984
-0.00073799999999998
-0.0026730000000000204
-0.005513000000000009
-0.0031350000000000123
-0.0026830000000000096
-0.0009099999999999893
-0.004256000000000005
-0.0017829999999999838
-0.001708000000000004
-0.0022990000000000115
-0.003909999999999996
-0.003276000000000004
-0.003975000000000006
-0.0023350000000000003
-0.0017089999999999907
-0.0032080000000000155
-0.0022980000000000006
-0.004055999999999998
-0.004476000000000016
-0.0027739999999999944
-0.0029360000000000076
-0.0008769999999999914
-0.004644999999999993
-0.003552999999999997
-0.002145000000000006
-0.0007040000000000054
-0.002842000000000018
-0.0068950000000000105
-0.006097000000000013
-0.002561000000000002
-0.0032019999999999904
-0.0016959999999999916
-0.0028829999999999993
-0.002564999999999984
-0.0017119999999999959
-0.002871000000000005
-0.0006269999999999963
-0.0009359999999999937
-0.005053000000000002
-0.00044099999999999484
-0.0027120000000000204
-0.0027010000000000076
-0.0006129999999999942
-0.005438000000000012
-0.0010829999999999976
-0.0016479999999999871
-0.0023109999999999962
-0.003016999999999991
-0.0002290000000000033
-0.0011259999999999877
-0.00018199999999999372
-0.0026440000000000005
-0.0049160000000000184
-0.0008940000000000232
-0.005558999999999986
-0.0022460000000000205
-0.0038959999999999993
-0.001912999999999994
-0.0025809999999999995
-0.0013250000000000093
-0.0018160000000000081
-0.002793999999999997
-8.299999999999681e-05
-0.0014469999999999932
-0.0009939999999999953
-0.0019190000000000019
-0.0004799999999999882
-0.002939999999999993
-0.0026779999999999925
-0.0020280000000000137
-0.0007560000000000075
-0.0010190000000000034
-0.0027089999999999996
-0.004478
-0.0035600000000000007
-0.004323999999999999
-0.0007829999999999867
-0.0013650000000000014
-0.0005770000000000023
-0.0008889999999999935
-0.0003020000000000058
-0.0018809999999999916
-0.0011639999999999964
-0.002587
-0.002550000000000023
-0.003659000000000008
-0.0013059999999999875
-0.0019800000000000178
-0.002003999999999993
-0.0020680000000000112
-0.001878999999999992
-0.0005420000000000044
-0.001659000000000017
0.000920999999999996
-0.001188000000000014
-0.0024190000000000053
-0.00416800000000002
-0.0013570000000000053
2.0999999999971576e-05
-0.0017619999999999966
-0.0007379999999999866
-0.0012259999999999832
-0.00040700000000000583
0.0005670000000000066
-0.0019240000000000305
-0.00037900000000000536
-0.003431999999999997
-0.003465999999999989
-0.002757000000000003
-0.0019519999999999971
-0.001716000000000004
-0.002269000000000012
-0.00025600000000000893
-0.0014539999999999933
-0.0019420000000000028
-0.0029000000000000076
-0.0014139999999999917
-0.0033359999999999844
-0.0008029999999999875
-0.0013090000000000011
-8.499999999998922e-05
-0.0027080000000000125
-0.0012450000000000124
-0.0038590000000000126
-0.0010699999999999855
-0.00013699999999999376
-0.001060999999999993
-0.0009729999999999925
-0.0018560000000000085
-0.0011280000000000055
-0.0039329999999999895
-0.0017519999999999762
-0.0008289999999999992
-0.0016669999999999942
-0.002063000000000001
-0.0029850000000000085
-7.300000000000049e-05
-0.002588000000000002
-0.0028179999999999954
-0.003480000000000021
-0.0003319999999999977
-0.002008000000000002
0.00012900000000001086
-0.00018200000000000903
-0.0009779999999999956
-0.002349000000000003
-0.001579000000000004
-0.0031170000000000074
-0.0001459999999999917
-0.0018590000000000082
-0.00029499999999998543
-0.0033620000000000034
-0.0006399999999999825
0.0005470000000000042
-0.0004069999999999908
-0.00039000000000000634
-0.001092
-0.003633000000000007
-0.002225000000000006
-0.00030300000000000384
-0.001182000000000006
-0.0012180000000000077
-0.001628999999999996
-0.001288999999999995
-0.0014879999999999874
-0.0007639999999999927
-0.00010900000000000003
-0.0027790000000000033
-5.399999999998437e-05
-0.003740000000000003
-0.002372000000000001
-0.0004929999999999924
-0.0010949999999999805
-0.001972999999999998
-0.0019140000000000112
-0.0019489999999999987
-0.001132999999999999
-0.0009869999999999911
0.0002999999999999915
-0.0009179999999999998
-0.0009990000000000214
-0.001503999999999991
-0.0010150000000000014
-0.0014579999999999897
0.0003059999999999943
-0.0017029999999999884
-0.00082000000000002
-0.0017159999999999973
-0.0006499999999999916
-9.300000000000601e-05
-0.002361999999999986
-0.0017099999999999897
-0.00025700000000001904
-0.002719999999999994
-0.0009470000000000098
-0.0036020000000000245
-0.0006430000000000132
0.0006630000000000021
-0.00034800000000000564
-0.0013509999999999983
-0.004015999999999998
0.0002949999999999968
-0.0031669999999999958
0.0007990000000000221
-0.0028880000000000025
-0.00016099999999998532
-0.00017099999999999947
-0.0004890000000000087
-0.0005099999999999827
-0.0009619999999999774
-0.00047699999999999436
-0.0009490000000000083
-0.0025249999999999817
-0.0010580000000000008
-0.0003139999999999935
0.00030000000000000897
0.00036899999999995796
-0.0018019999999999811
0.00033200000000001864
7.200000000002025e-05
0.00030000000000000827
-0.0008560000000000107
-0.00042900000000000116
-0.0011040000000000054
-0.0007440000000000017
0.001443000000000017
-0.0011960000000000059
-0.0021859999999999987
-0.001994
-0.000311000000000001
-0.0012409999999999925
-6.9999999999919234e-06
-0.003945000000000008
-0.0011099999999999762
0.0005169999999999927
-0.0015749999999999818
0.00032100000000001084
-0.001219000000000013
-0.002120999999999997
-0.004498000000000015
-0.002326999999999981
0.0006320000000000079
0.00012499999999999046
-0.000938000000000003
-0.002361999999999998
-0.000355999999999986
-0.001225999999999978
-0.0001229999999999987
-0.002340000000000004
-0.001070999999999997
0.0005099999999999751
-0.0030750000000000087
-0.002627999999999995
-0.0022600000000000064
-0.0016459999999999936
0.000610999999999989
-0.0018320000000000022
-0.00056399999999998
0.00010000000000000284
-0.0019200000000000113
-0.0009220000000000031
-0.00037299999999998505
-0.0010389999999999898
0.000233000000000008
-0.0004989999999999819
0.0011210000000000117
-0.0010219999999999854
-0.0014399999999999964
-0.0034519999999999855
-0.001438999999999989
-0.0020029999999999905
-0.0010219999999999845
-0.0015080000000000002
0.00032399999999999286
