0.011351640000000001
0.02310242
0.03183707999999999
0.038370259999999996
0.04295708
0.0485803
0.05360277999999999
0.05869774
0.0624442
0.06783994
0.07097022000000001
0.07383928000000001
0.07506362000000001
0.07878226
0.07941054
0.08159606
0.08301306
0.08502140000000001
0.08710734000000002
0.08858070000000001
0.08983638000000002
0.09196536
0.09350134
0.09634841999999999
0.09764546000000002
0.10043737999999999
0.10208003999999998
0.10485405999999997
0.10604648000000001
0.10894891999999999
0.11036053999999998
0.11277225999999997
0.11408225999999995
0.11381665999999997
0.11664993999999997
0.11750383999999997
0.11724619999999998
0.11986019999999996
0.12036433999999996
0.12038609999999997
0.12320455999999996
0.12364933999999998
0.12448255999999996
0.12607287999999997
0.12642039999999996
0.12614453999999997
0.12705839999999996
0.12886854
0.12947651999999998
0.13013403999999998
0.1310066
0.13140458
0.13187558
0.1336184
0.1329711
0.13389589999999998
0.13502548
0.13430299999999998
0.13576406
0.13621142
0.13700181999999997
0.13706453999999998
0.13790467999999997
0.13901964
0.14005004
0.14055171999999996
0.14113514
0.14248457999999997
0.14240747999999998
0.14412011999999996
0.14339023999999997
0.14407486
0.14466505999999998
0.14540019999999998
0.14594262
0.1450714
0.1466509
0.1468543
0.14919438
0.14979552
0.14923097999999999
0.15075165999999998
0.15071829999999997
0.15131722
0.15281705999999998
0.15256387999999999
0.1533008
0.1537307
0.15533281999999998
0.15533361999999998
0.15550273999999997
0.15414177999999998
0.15613254
0.15721503999999997
0.15758571999999998
0.15675049999999996
0.15779777999999994
0.15754565999999998
0.15820937999999996
0.15880795999999997
0.15887737999999996
0.15955303999999998
0.15850287999999996
0.16007481999999995
0.15911821999999998
0.16108093999999995
0.16075865999999997
0.16214507999999994
0.16170267999999996
0.16091387999999995
0.16057873999999997
0.16077569999999994
0.16106411999999995
0.16096833999999993
0.16163019999999995
0.16281153999999998
0.16242361999999996
0.162343
0.16313607999999996
0.16313793999999995
0.16381927999999996
0.16398225999999996
0.16437557999999997
0.16514665999999997
0.16500653999999998
0.16440055999999997
0.16637433999999998
0.16567373999999999
0.16534265999999995
0.16655139999999996
0.16525805999999996
0.16607165999999995
0.16551707999999998
0.16678909999999994
0.16674909999999998
0.16628113999999997
0.16745526
0.16701628
0.16649303999999998
0.16660255999999996
0.16693219999999998
0.16724617999999997
0.16787977999999995
0.16827535999999996
0.16868303999999998
0.16878227999999995
0.16938061999999998
0.16857622
0.16900942
0.16919933999999998
0.16971315999999995
0.16943725999999998
0.17046023999999996
0.17009332
0.17003097999999997
0.17001065999999998
0.16894066
0.16914102
0.16961012
0.17056063999999996
0.17042575999999998
0.17082608
0.17098201999999996
0.17119636
0.17127668
0.17206025999999996
0.17036124
0.17143255999999998
0.17171782
0.17168772000000002
0.1730847
0.17278354
0.17178294000000002
0.17039169999999998
0.17125835999999997
0.1713292
0.17273219999999997
0.17382061999999998
0.17299263999999998
0.17328277999999997
0.17319194
0.17251586
0.17386302
0.17408363999999998
0.17254049999999999
0.17364796
0.17293981999999997
0.17303121999999996
0.17471694
0.17336281999999997
0.17548457999999997
0.17476424
0.17464134
0.17399425999999998
0.17561358
0.17613389999999998
0.17604279999999994
0.17522699999999997
0.17463062000000001
0.17491118
0.17585352
0.17481755999999998
0.17514479999999996
0.17671579999999995
0.17694047999999996
0.17518656
0.17670255999999998
0.17671608
0.17654029999999998
0.17703065999999995
0.17813139999999997
0.17778113999999995
0.17677197999999997
0.17796769999999995
0.17860214
0.17804845999999996
0.1780471
0.17839261999999997
0.17837581999999996
0.17739946
0.17889111999999996
0.17850443999999996
0.17919335999999994
0.17852393999999996
0.1797199
0.17931402
0.17953207999999996
0.18020459999999996
0.18093562
0.18070081999999998
0.17956329999999995
0.18090098
0.18050869999999997
0.18058229999999997
0.17914011999999996
0.18112455999999993
0.18096384000000001
0.18105441999999997
0.18207393999999996
0.18029975999999998
0.18082117999999994
0.18145117999999996
0.18100187999999995
0.18081621999999997
0.18170972
0.18104249999999997
0.18147105999999996
0.18162969999999995
0.18057929999999994
0.18203371999999995
0.18120535999999995
0.18242819999999996
0.18292713999999996
0.18180481999999995
0.18307741999999996
0.18268843999999995
0.18276485999999995
0.18260121999999995
0.18225291999999996
0.18232047999999992
0.18260423999999995
0.18244659999999993
0.18180833999999998
0.1830010399999999
0.18269145999999992
0.18332317999999995
0.18185009999999996
0.18357799999999994
0.1825157399999999
0.18385061999999994
0.18290999999999993
0.18422951999999995
0.18267199999999995
0.18312849999999992
0.18352581999999992
0.18397635999999992
0.18383155999999992
0.1836626799999999
0.18384601999999994
0.1842497599999999
0.1837272999999999
0.18349659999999993
0.18366491999999993
0.18422559999999993
0.18476291999999994
0.18415719999999994
0.1844494999999999
0.1857695799999999
0.18467591999999994
0.18540761999999994
0.1836986599999999
0.18419337999999988
0.18439879999999992
0.18428329999999996
0.18472125999999991
0.18368035999999993
0.18334525999999993
0.18447507999999993
0.1851668999999999
0.18464737999999994
0.18566203999999992
0.1854472399999999
0.1857328799999999
0.18544757999999995
0.18510863999999994
0.18586797999999993
0.18511303999999995
0.18515617999999992
0.18512157999999995
0.18497841999999992
0.1856018599999999
0.1853907199999999
0.1851705599999999
0.1866903999999999
0.1852548199999999
0.18580695999999988
0.18641615999999991
0.18597475999999993
0.1865022599999999
0.1869279999999999
0.18564741999999992
0.1855906599999999
0.18825981999999988
0.18598953999999993
0.1854795399999999
0.1859552999999999
0.18656435999999987
0.1863412799999999
0.18510553999999993
0.18677401999999993
0.18741133999999993
0.1873948999999999
0.1871697599999999
0.18707269999999987
0.1884054999999999
0.1870934599999999
0.1874981399999999
0.18722197999999993
0.1875975199999999
0.18679157999999987
0.18684529999999988
0.18671189999999988
0.18766377999999992
0.18718105999999993
0.1865116799999999
0.1870112999999999
0.1877043599999999
0.1866494999999999
0.18770821999999987
0.18739015999999992
0.1871160799999999
0.1861526399999999
0.1872443199999999
0.1888558599999999
0.18760141999999988
0.18644375999999993
0.18874253999999993
0.1879997799999999
0.18832543999999993
0.18842759999999992
0.18716675999999993
0.18761113999999993
0.1883552799999999
0.1872349999999999
0.1881543199999999
0.1883274999999999
0.1888454599999999
0.1886673799999999
0.1891228399999999
0.1893849199999999
0.1890190399999999
0.18908813999999988
0.1890252799999999
0.18884983999999988
0.18959645999999988
0.1889785799999999
0.18954709999999989
0.1897744999999999
0.18846031999999988
0.1894083199999999
0.19006403999999988
0.1885064599999999
0.1898026999999999
0.1897017199999999
0.1901788799999999
0.18934079999999986
0.1898046599999999
0.1900939599999999
0.18922339999999988
0.1903136999999999
0.18995725999999988
0.19007849999999987
0.18983577999999987
0.1900539799999999
0.18963111999999988
0.18987987999999986
0.1896019199999999
0.1906105399999999
0.18973905999999988
0.1892490999999999
0.18980827999999988
0.1904069599999999
0.19069933999999988
0.1910286399999999
0.19065183999999988
0.1895713399999999
0.1910308799999999
0.19167679999999987
0.1908699199999999
0.1920207199999999
0.19028961999999994
0.19014895999999987
0.19099619999999987
0.19082511999999988
0.19196211999999988
0.19089717999999986
0.1920633999999999
0.19072871999999985
0.1901861999999999
0.1905400399999999
0.19140565999999987
0.1910311799999999
0.19271055999999986
0.1913020799999999
0.19236093999999987
0.1918125999999999
0.19173753999999987
0.19130701999999988
0.19133391999999985
0.19062405999999987
0.19159903999999991
0.19117487999999988
0.1918229999999999
0.1909592399999999
0.19157257999999988
0.1921977399999999
0.19253309999999987
0.19251853999999988
0.19275053999999991
0.19153011999999986
0.19255585999999986
0.19209295999999987
0.19274545999999987
0.1918219999999999
0.19345375999999986
0.19309207999999983
0.1921732599999999
0.19253989999999988
0.19312691999999987
0.1934964199999999
0.19267067999999987
0.1925766199999999
0.19352971999999988
0.1931534399999999
0.1929949399999999
0.19288485999999988
0.19406239999999988
0.1936991599999999
0.19372325999999987
0.19281859999999987
0.1940974999999999
0.19501365999999987
0.1938095999999999
0.19377909999999987
0.1939251999999999
0.1942706599999999
0.1943000999999999
0.19374507999999988
0.1940158799999999
0.19475169999999983
0.19462441999999988
0.1945673399999999
0.19489699999999993
0.1949004999999999
0.1952658199999999
0.19475807999999986
0.19412969999999988
0.19469655999999985
0.19509025999999988
0.19419481999999988
0.1950719599999999
0.1952646999999999
0.19354659999999987
0.19476921999999988
0.1955157599999999
0.1957862199999999
0.19568111999999988
0.1957659799999999
0.1946407199999999
0.19508317999999988
0.1962652999999999
0.19618759999999988
0.19515357999999988
0.1954650599999999
0.1952387199999999
0.1961099399999999
0.1958831399999999
0.19478865999999986
0.1958795799999999
0.19572169999999986
0.19553603999999986
0.19569967999999988
0.19618243999999987
0.1957755399999999
0.19580921999999987
0.19629249999999993
0.1962457399999999
0.1970020199999999
0.1961750799999999
0.19695783999999988
0.19600009999999987
0.1961040599999999
0.1964930599999999
0.1972821599999999
0.19635733999999988
0.1959101599999999
0.19623255999999986
0.19837517999999987
0.19641347999999986
0.19676169999999985
0.1967848399999999
0.1964949399999999
0.1963809399999999
0.19716087999999987
0.19721831999999992
0.1973000599999999
0.19780301999999986
0.1977007999999999
0.19661095999999986
0.19735607999999988
0.19722317999999991
0.19732471999999987
0.19695261999999986
0.19795479999999988
0.19889515999999985
0.1971365399999999
0.19675909999999988
0.1972977799999999
0.19751075999999987
0.19723389999999988
0.19758103999999987
0.19853429999999986
0.19661905999999987
0.19746879999999986
0.19828031999999987
0.19837343999999987
0.19796111999999988
0.1978901599999999
0.19745367999999988
0.19636529999999985
0.19762337999999985
0.1981941799999999
0.19820079999999987
0.19869007999999988
0.19810693999999987
0.19845609999999986
0.19774163999999989
0.19822925999999988
0.19882295999999988
0.19862799999999986
0.19892113999999986
0.19799123999999985
0.19729241999999986
0.19813389999999986
0.19779607999999985
0.1974405999999999
0.1975664199999999
0.19873399999999988
0.19802213999999985
0.19923513999999987
0.19875463999999987
0.1983342199999999
0.19854011999999988
0.19847913999999986
0.19838729999999988
0.19989003999999988
0.19850503999999985
0.19830155999999988
0.19854509999999986
0.20039561999999989
0.19960851999999987
0.1987834199999999
0.19827983999999987
0.1993146199999999
0.19818825999999987
0.19968485999999988
0.19850973999999988
0.19879939999999988
0.1982655599999999
0.1998006199999999
0.19872771999999986
0.19903161999999988
0.1984478599999999
0.1992896599999999
0.1988114799999999
0.1995200999999999
0.19953979999999988
0.19890353999999988
0.19953593999999988
0.20007157999999986
0.19972189999999987
0.19959803999999987
0.19932157999999986
0.19923649999999987
0.19947387999999988
0.1989968199999999
0.1994270199999999
0.1988632999999999
0.1992867399999999
0.1991158199999999
0.19945661999999992
0.1998189599999999
0.19948343999999993
0.19985413999999985
0.19882311999999988
0.1994711799999999
0.1993386399999999
0.1988523199999999
0.19968797999999988
0.20007659999999988
0.19876213999999987
0.1997749399999999
0.19994345999999985
0.2002288999999999
0.1992091199999999
0.2001310999999999
0.19912231999999988
0.20046365999999993
0.20026637999999988
0.1995797999999999
0.19958947999999987
0.19979983999999992
0.1994570199999999
0.2002379399999999
0.2003729199999999
0.2008833599999999
0.20046525999999987
0.20063781999999988
0.2003610599999999
0.2010965599999999
0.2008378799999999
0.19940311999999985
0.19991731999999987
0.20020743999999988
0.20011641999999988
0.20030145999999988
0.20126453999999988
0.1996802599999999
0.19967039999999986
0.20000251999999988
0.2012313199999999
0.2007453799999999
0.2006354999999999
0.19997113999999988
0.20056403999999986
0.20033829999999989
0.2001930199999999
0.1999105999999999
0.20037159999999987
0.20067553999999987
0.2007532199999999
0.20048683999999986
0.1996750199999999
0.2004390599999999
0.20112649999999987
0.20043581999999988
0.20103527999999987
0.20072055999999988
0.20126333999999985
0.2013353999999999
0.20081289999999988
0.20125629999999986
0.2015348599999999
0.20208023999999988
0.20068373999999992
0.2017172799999999
0.20063577999999993
0.2020295999999999
0.2011703999999999
0.2008853599999999
0.20059777999999992
0.20120267999999988
0.20078385999999993
0.20062553999999988
0.20190307999999987
0.20132865999999988
0.20144495999999987
0.20204775999999988
0.20147509999999985
0.2013035999999999
0.20120145999999992
0.2027102999999999
0.2016705399999999
0.2008550999999999
0.20236989999999988
0.20281887999999987
0.20215419999999987
0.20180017999999988
0.2020379799999999
0.2013367199999999
0.20094325999999987
0.20153785999999985
0.20197953999999985
0.20168779999999986
0.20252767999999988
0.2014938399999999
0.2013627799999999
0.20326395999999988
0.20145981999999985
0.2016234799999999
0.20186359999999987
0.2016901999999999
0.2023529799999999
0.2005291999999999
0.20241115999999987
0.20232993999999987
0.20313821999999987
0.2024895999999999
0.20167027999999987
0.20240073999999988
0.20289179999999987
0.20209271999999992
0.20285297999999988
0.2014588399999999
0.2020808199999999
0.2024619399999999
0.20253983999999992
0.20240397999999993
0.2022309199999999
0.20321141999999986
0.2026025199999999
0.2025240999999999
0.20199505999999992
0.20236557999999988
0.20345983999999986
0.2026098399999999
0.20373507999999987
0.20344981999999986
0.2020034999999999
0.20302281999999988
0.2032784199999999
0.2036662999999999
0.2038931999999999
0.20246295999999986
0.20257083999999992
0.20288781999999986
0.2036036999999999
0.2031293199999999
0.20314609999999989
0.20308837999999987
0.20232759999999986
0.2036236199999999
0.2024395799999999
0.20224497999999985
0.2036346999999999
0.20285923999999989
0.20252783999999988
0.20317923999999987
0.2022806599999999
0.2024514799999999
0.20285087999999987
0.2032208399999999
0.2033341999999999
0.20256809999999992
0.20345749999999993
0.20334427999999988
0.2021698399999999
0.2024678599999999
0.20279985999999992
0.20283217999999992
0.20257009999999995
0.2028511799999999
0.20338947999999987
0.20417325999999988
0.20360691999999989
0.2029576599999999
0.2025179999999999
0.20285927999999992
0.2038002199999999
0.20384539999999987
0.2029908199999999
0.20323895999999986
0.20328103999999989
0.2037458599999999
0.2041038999999999
0.2029391999999999
0.20280369999999992
0.20422895999999988
0.2026053799999999
0.2042100599999999
0.2033346399999999
0.20357113999999987
0.2034573799999999
0.20367641999999989
0.2025527599999999
0.20335563999999987
0.2036998799999999
0.20371523999999985
0.20384815999999986
0.20349571999999988
0.20224659999999986
0.20291239999999988
0.20391497999999988
0.20334385999999988
0.20388819999999988
0.20352089999999987
0.20307077999999987
0.20403407999999984
0.2043770399999999
0.20343411999999986
0.2036788399999999
0.20358603999999988
0.20394741999999988
0.20365219999999987
0.20273719999999987
0.2043100999999999
0.20487553999999988
0.20362735999999987
0.20374773999999987
0.2025477399999999
0.2038485399999999
0.20515947999999987
0.2036671599999999
0.2043892199999999
0.2037241399999999
0.2045260199999999
0.2040211199999999
0.20382717999999989
0.20371653999999986
0.20328337999999987
0.20377571999999985
0.20392789999999983
0.2040016999999999
0.20329379999999986
0.20431235999999992
0.20315929999999988
0.2037333399999999
0.20397755999999986
0.20383333999999986
0.20446047999999992
0.20298545999999987
0.20437099999999986
0.20423259999999985
0.20434003999999986
0.20313203999999987
0.2046154599999999
0.20415013999999984
0.2033140799999999
0.20426187999999987
0.20369315999999987
0.20352951999999988
0.20571435999999987
0.20450239999999986
0.2022934199999999
0.20405295999999987
0.20436429999999986
0.2038745199999999
0.20421845999999988
0.2042791599999999
0.20383391999999986
0.2045873199999999
0.20485761999999988
0.2038569599999999
0.20415767999999987
0.20429259999999988
0.2039839599999999
0.20508953999999988
0.20515829999999988
0.20461565999999987
0.2046168599999999
0.20378401999999987
0.20468177999999987
0.20483775999999984
0.20512021999999988
0.20471139999999988
0.20462165999999984
0.20389861999999986
0.20483113999999986
0.20467297999999987
0.20536835999999986
0.20470423999999987
0.20439127999999987
0.2047035599999999
0.2042399599999999
0.20407737999999986
0.20426777999999987
0.20487781999999988
0.20445971999999987
0.20451333999999988
0.2044678999999999
0.2044205999999999
0.2046301199999999
0.20427629999999986
0.20521035999999987
0.20486985999999988
0.20452713999999989
0.20503453999999988
0.20487715999999984
0.20575797999999984
0.20510421999999986
0.20468983999999985
0.2058272199999999
0.20480487999999986
0.20581673999999986
0.20475773999999988
0.2046339199999999
0.20450579999999988
0.2045788999999999
0.2046572199999999
0.2051340199999999
0.2044874999999999
0.2055009199999999
0.20640551999999984
0.20612677999999987
0.20561581999999987
0.20474805999999987
0.20565111999999985
0.2051246199999999
0.2047362399999999
0.2057055199999999
0.2053606199999999
0.20495627999999988
0.2053101799999999
0.2057282999999999
0.2057949999999999
0.20552415999999987
0.2051653799999999
0.20563687999999988
0.2053685599999999
0.2043165799999999
0.2056416599999999
0.2048565999999999
0.20550973999999989
0.20510445999999988
0.2052002799999999
0.20498649999999988
0.2052067199999999
0.2057536999999999
0.20479883999999987
0.2048618599999999
0.20490061999999987
0.20529039999999987
0.20508705999999985
0.20607809999999988
0.20526519999999987
0.20611637999999985
0.2059299399999999
0.20512809999999987
0.2044265399999999
0.20551407999999988
0.2048794799999999
0.2042457599999999
0.20469883999999985
0.20519445999999988
0.20523571999999987
0.20546069999999986
0.2052373599999999
0.20658275999999987
0.20571903999999985
0.20472035999999985
0.20544895999999988
0.20526663999999986
0.20512913999999988
0.20492905999999989
0.2057018199999999
0.20639367999999986
0.20535793999999988
0.20553877999999987
0.20534411999999985
0.20561881999999987
0.20609113999999987
0.2052895799999999
0.20475471999999986
0.20477695999999987
0.2060582199999999
0.20473837999999986
0.20565893999999985
0.20477153999999984
0.20597905999999988
0.20588309999999985
0.2064215599999999
0.2059076199999999
0.20580959999999987
0.2056613399999999
0.2058202999999999
0.20567105999999988
0.20613189999999984
0.20641273999999987
0.2057449599999999
0.20473205999999988
0.20571857999999985
0.2050112399999999
0.20633695999999987
0.2053229599999999
0.20599193999999987
0.20546371999999988
0.20601227999999988
0.20559083999999983
0.20589697999999987
0.20553821999999988
0.20535499999999987
0.20708721999999988
0.20551175999999988
0.20590735999999984
0.20559349999999987
0.20601375999999988
0.2050532599999999
0.20522617999999987
0.20602597999999986
0.20558593999999986
0.20598463999999986
0.20535595999999987
0.20489035999999988
0.20607937999999987
0.20621201999999988
0.20549615999999987
0.2050957799999999
0.20591135999999988
0.20515219999999984
0.20653527999999988
0.20604261999999987
0.20601921999999986
0.2056231599999999
0.20642549999999985
0.20601195999999988
0.20611263999999987
0.2064645199999999
0.20623693999999987
0.2065480999999999
0.20530131999999987
0.20663309999999988
0.20733499999999985
0.20703299999999988
0.2060162799999999
0.2058077999999999
0.20661263999999988
0.20669457999999988
0.20640613999999985
0.20611637999999985
0.20606275999999987
0.20656233999999987
0.20587377999999987
0.2056751599999999
0.20623195999999988
0.20536985999999985
0.20556127999999987
0.2061123999999999
0.2058881199999999
0.20534031999999988
0.2074899399999999
0.2067917999999999
0.20610217999999988
0.20681891999999982
0.2057824599999999
0.20634989999999986
0.2060194799999999
0.20676835999999987
0.20576785999999989
0.2065890399999999
0.20690477999999987
0.2064511399999999
0.20693161999999987
0.2063791599999999
0.2063875199999999
0.2062282399999999
0.20496131999999992
0.2060022799999999
0.20540047999999989
0.2058496399999999
0.20664397999999992
0.20628323999999992
0.20695787999999987
0.20656979999999991
0.20674503999999988
0.20679849999999989
0.20655685999999984
0.20574371999999982
0.20686401999999987
0.20647663999999985
0.2053528999999999
0.20574441999999987
0.2066100799999999
0.20598313999999987
0.20685493999999988
0.20688289999999987
0.20742471999999984
0.20682843999999986
0.2072162799999999
0.2065790599999999
0.20729589999999987
0.20723501999999988
0.2068523199999999
0.20764781999999987
0.20686311999999987
0.20693151999999987
0.2082049799999999
0.2066167799999999
0.2064029999999999
0.2071604999999999
0.20780517999999987
0.20805233999999984
0.20630471999999986
0.20802205999999984
0.2060794999999999
0.20783787999999986
0.20662899999999987
0.20575715999999986
0.20693997999999986
0.20775259999999984
0.2066623399999999
0.20744831999999988
0.2072705399999999
0.20663643999999987
0.2067580199999999
0.20777513999999986
0.20699055999999988
0.20699713999999986
0.20771805999999987
0.20764237999999985
0.20756325999999986
0.2074242999999999
0.20802863999999985
0.20787017999999985
0.20745965999999988
0.20655541999999985
0.20746281999999985
0.20716897999999986
0.20716089999999987
0.20786779999999985
0.20817783999999986
0.20831511999999985
0.20795891999999988
0.2068607199999999
0.20720965999999985
0.20698343999999985
0.20675427999999985
0.20856017999999985
0.20787847999999987
0.20785823999999983
0.20741673999999985
0.20845465999999988
0.20845817999999988
0.20804739999999988
0.20741585999999987
0.20722747999999988
0.20814023999999987
0.20832867999999988
0.20855049999999983
0.20796519999999988
0.20766577999999988
0.2095059599999999
0.20898817999999986
0.20724313999999988
0.20807399999999987
0.20770391999999988
0.2087132799999999
0.2083273799999999
0.2088392999999999
0.20863397999999986
0.20786507999999987
0.20824533999999986
0.20773191999999985
0.20938205999999987
0.20959311999999983
0.20880827999999987
0.2087877199999999
0.20801095999999986
0.20927253999999987
0.20987077999999987
0.2088925199999999
0.20949295999999987
0.20815459999999988
0.20994311999999982
0.20904235999999984
0.20909957999999984
0.20867907999999985
0.20849033999999986
0.20760797999999986
0.20832231999999987
0.20852811999999987
0.20955773999999983
0.20890317999999986
0.20860729999999986
0.20874693999999983
0.20903111999999985
0.20984011999999985
0.20844109999999985
0.20935159999999986
0.20985779999999984
0.20867023999999987
0.21007665999999986
0.2088716399999999
0.2085047399999999
0.2080842199999999
0.2099180399999999
0.20973745999999988
0.2088664999999999
0.20972917999999985
0.20905115999999985
0.21107289999999984
0.20961003999999986
0.20931435999999987
0.21037875999999986
0.2100396599999999
0.21064593999999986
0.21018183999999987
0.21056433999999988
0.2116689799999999
0.2105090799999999
0.20992943999999988
0.21050771999999987
0.21079123999999985
0.21080735999999992
0.21162359999999988
0.21123687999999988
0.2110093799999999
0.21037713999999988
0.21036737999999985
0.21118807999999986
0.2108481799999999
0.2121358999999999
0.2109166399999999
0.21138265999999986
0.2117264999999999
0.2116907399999999
0.21124613999999992
0.2120932999999999
0.2119526199999999
0.21243157999999987
0.21222725999999986
0.21207345999999988
0.2128190799999999
0.2125675399999999
0.21168185999999992
0.21227867999999991
0.21281055999999993
0.21375415999999992
0.2122635999999999
0.21221533999999992
0.21293417999999992
0.2132748599999999
0.2119573599999999
0.21357953999999993
0.21304829999999988
0.2131815799999999
0.2128976599999999
0.21225877999999987
0.21181583999999995
0.21221341999999993
0.2136509199999999
0.21308285999999993
0.2126885999999999
0.2142912999999999
0.2120951399999999
0.2137412199999999
0.21210903999999992
0.2131667999999999
0.2146373599999999
0.21383089999999988
0.21489753999999991
0.21313421999999993
0.21479915999999993
0.2134261999999999
0.21394789999999989
0.2155550799999999
0.21382527999999992
0.2142750999999999
0.2134826199999999
0.21435289999999996
0.21470183999999992
0.21506849999999988
0.21505733999999993
0.21391661999999992
0.21451677999999993
0.2145521199999999
0.2153642799999999
0.21469677999999995
0.2144924799999999
0.21418349999999994
0.21499701999999993
0.21417309999999992
0.21471505999999996
0.2145484399999999
0.21431669999999994
0.2153759399999999
0.2159992999999999
0.2150372399999999
0.2158264599999999
0.21502853999999993
0.2162962799999999
0.2154707199999999
0.21539453999999988
0.2162126399999999
0.2163832399999999
0.21659009999999987
0.2163281399999999
0.21591421999999988
0.2171909799999999
0.2171180799999999
0.2158005199999999
0.2163571399999999
0.2176032199999999
0.21552755999999987
0.2157458399999999
0.2159898599999999
0.2174687399999999
0.21745605999999987
0.21656773999999993
0.21599903999999992
0.21832951999999992
0.2180143999999999
0.2170782199999999
0.21608911999999988
0.21692109999999992
0.21665657999999993
0.2173163199999999
0.2164817599999999
0.2174215799999999
0.2167367999999999
0.21738479999999988
0.21709549999999994
0.2170938799999999
0.21650823999999994
0.21717473999999992
0.2176554999999999
0.21692133999999993
0.21710985999999996
0.21828459999999994
0.21745807999999994
0.2169543999999999
0.2181623999999999
0.2171621199999999
0.21801903999999994
0.21773791999999992
0.2179978599999999
0.21778131999999992
0.2176219199999999
0.21760013999999991
0.2178950799999999
0.21747391999999993
0.2179373199999999
0.2185153799999999
0.21690181999999994
0.21700243999999994
0.21762545999999994
0.21883349999999993
0.21994491999999993
0.21845949999999995
0.21796815999999994
0.21900209999999995
0.21856339999999994
0.21814955999999996
0.21959649999999992
0.21720369999999994
0.21881829999999994
0.21936223999999993
0.21884879999999993
0.2195878799999999
0.2196364799999999
0.2190389799999999
0.2181321199999999
0.21925603999999993
0.21981787999999994
0.2183990399999999
0.21868309999999994
0.2198053399999999
0.2182033399999999
0.2200285399999999
0.2203744199999999
0.21844111999999993
0.21933467999999995
0.21903119999999995
0.2186822199999999
0.21980613999999996
0.21897803999999993
0.2189103399999999
0.21945253999999992
0.21934885999999992
0.21966951999999992
0.22007763999999994
0.21878327999999989
0.2190997999999999
0.2197872199999999
0.21969837999999992
0.21947887999999993
0.2206118399999999
0.2193903599999999
0.2193495999999999
0.22036897999999994
0.21938417999999993
0.21963297999999995
0.2193681399999999
0.22019335999999992
0.2194827799999999
0.22068307999999992
0.22076923999999992
0.2205991199999999
0.22056647999999993
0.22057903999999995
0.22088709999999992
0.2204057599999999
0.22060165999999992
0.21967051999999987
0.2208868799999999
0.22077185999999993
0.22076573999999993
0.2207960599999999
0.22076579999999993
0.22087131999999993
0.2208966199999999
0.2201064199999999
0.22074877999999992
0.2207566599999999
0.2206686599999999
0.2212261399999999
0.22152989999999992
0.2214404799999999
0.22121667999999992
0.2206386199999999
0.2211439799999999
0.22118401999999995
0.2214562999999999
0.22131179999999995
0.22244281999999996
0.22100827999999992
0.22045571999999994
0.22009303999999993
0.22184517999999998
0.21981303999999993
0.22111299999999992
0.22192665999999994
0.22068135999999997
0.22114743999999995
0.22112675999999992
0.22054029999999994
0.22154735999999992
0.22060545999999995
0.22059667999999996
0.22064103999999993
0.22290363999999993
0.22096425999999994
0.22243347999999993
0.22085327999999993
0.22054263999999993
0.22049287999999995
0.22268613999999992
0.22119207999999993
0.22203705999999993
0.22115229999999994
0.22204355999999995
0.2220274599999999
0.22137007999999994
0.22200165999999993
0.22205781999999993
0.22217333999999994
0.22179797999999995
0.22249905999999997
0.22198761999999994
0.22178657999999993
0.22183631999999995
0.22259503999999997
0.22193501999999993
0.22143587999999995
0.2227821199999999
0.22272285999999994
0.22190163999999993
0.22231349999999991
0.22255045999999992
0.22220443999999995
0.22249097999999992
0.2217182999999999
0.22166287999999995
0.22176191999999995
0.22191065999999993
0.2226630799999999
0.22166851999999992
0.2227022999999999
0.2231875399999999
0.22263119999999995
0.22332253999999993
0.22180387999999993
0.2226373999999999
0.22253615999999993
0.22312339999999992
0.2222103599999999
0.22355867999999993
0.22225549999999994
0.22289515999999993
0.22361177999999993
0.22301941999999994
0.2232579399999999
0.22285943999999994
0.22305363999999991
0.22394397999999993
0.22318189999999993
0.2236671799999999
0.2239206399999999
0.22437117999999995
0.22194317999999996
0.22272159999999994
0.22374821999999994
0.22214731999999995
0.22360679999999994
0.22367941999999993
0.22430815999999992
0.22347653999999995
0.22357231999999994
0.22317125999999995
0.22483705999999992
0.22377613999999993
0.22424499999999994
0.2242064599999999
0.22395103999999993
0.22379087999999991
0.22428243999999992
0.22330913999999993
0.2233199599999999
0.22379177999999988
0.2227320999999999
0.22332015999999993
0.22224527999999993
0.22421065999999992
0.22351957999999994
0.22463421999999994
0.2245150599999999
0.2244236999999999
0.2241411999999999
0.22438269999999988
0.22409703999999991
0.2234034399999999
0.2248521599999999
0.22305325999999995
0.2230872999999999
0.2239654399999999
0.2235163799999999
0.2236639199999999
0.22406595999999993
0.2233411999999999
0.2231541399999999
0.22320183999999993
0.2239659199999999
0.2245228199999999
0.22420411999999992
0.22409431999999993
0.22404755999999992
0.22402811999999991
0.22517727999999992
0.2252482599999999
0.22367769999999992
0.22376429999999992
0.22512041999999993
0.22361989999999993
0.22415269999999993
0.2240913999999999
0.2237912999999999
0.22411275999999994
0.2241882599999999
0.2245630799999999
0.2240282599999999
0.22483513999999993
0.22407229999999992
0.2245751599999999
0.22538309999999992
0.22511505999999992
0.22424831999999995
0.22306213999999994
0.2252468799999999
0.22658045999999993
0.2250518799999999
0.22493309999999994
0.22551393999999989
0.22453729999999994
0.2246859999999999
0.2246340599999999
0.2252145799999999
0.22635583999999992
0.22535211999999993
0.2247517599999999
0.22609493999999994
0.22453775999999992
0.22458177999999993
0.2248630799999999
0.22570731999999993
0.2242871399999999
0.2251797199999999
0.22594505999999992
0.22439669999999992
0.2259672599999999
0.2246145399999999
0.2247188999999999
0.2248109399999999
0.22512343999999992
0.22516441999999992
0.2254326799999999
0.22523849999999992
0.22620189999999993
0.22505681999999994
0.2250828999999999
0.22449809999999992
0.2256192199999999
0.22599233999999987
0.2255390999999999
0.22513949999999988
0.22502443999999994
0.2244170199999999
0.2263030999999999
0.2252423799999999
0.2244670599999999
0.2260378599999999
0.22566335999999992
0.22551881999999993
0.2260757999999999
0.22575421999999992
0.22543715999999991
0.2265316199999999
0.2260314199999999
0.2256432799999999
0.22480467999999987
0.22613127999999988
0.22494465999999988
0.22572247999999986
0.2254191999999999
0.22636013999999988
0.2264095599999999
0.2255191399999999
0.2254505799999999
0.2247755399999999
0.2257434399999999
0.2259675399999999
0.22581787999999992
0.2254943999999999
0.22584895999999993
0.22475627999999992
0.22606273999999993
0.2260448999999999
0.22656809999999994
0.2251897199999999
0.2259259599999999
0.22688729999999993
0.2268393999999999
0.2271638799999999
0.22660699999999992
0.2263026599999999
0.2267985199999999
0.22636135999999993
0.2265402599999999
0.2266921199999999
0.2251969199999999
0.22595857999999988
0.22663541999999992
0.2269240199999999
0.22603221999999992
0.2269807199999999
0.22735441999999992
0.2263762599999999
0.2259649199999999
0.2253862199999999
0.2259923999999999
0.2259647799999999
0.22585467999999992
0.2262120199999999
0.22677939999999988
0.22652757999999992
0.2262298999999999
0.22586823999999994
0.22676881999999987
0.2257588599999999
0.2268423599999999
0.2264235399999999
0.22816179999999991
0.2256960199999999
0.2261939599999999
0.22676087999999994
0.22625637999999992
0.22709675999999987
0.2265711199999999
0.22589679999999987
0.22713877999999987
0.22731939999999987
0.22692749999999992
0.22716617999999988
0.22741151999999992
0.22549611999999988
0.22717307999999992
0.2274417999999999
0.2265831199999999
0.22648767999999989
0.2269294399999999
0.2257903399999999
0.22735489999999992
0.2274569999999999
0.2269145799999999
0.22719917999999992
0.2273825399999999
0.22718455999999992
0.2267828199999999
0.2271797999999999
0.22743487999999992
0.2262917399999999
0.22637407999999987
0.22779701999999985
0.22574201999999988
0.22624657999999986
0.22699639999999988
0.2268491199999999
0.2275537399999999
0.2267949999999999
0.2251413599999999
0.2284470799999999
0.2273116799999999
0.2272567599999999
0.22817685999999987
0.22688831999999992
0.2281003999999999
0.22703881999999992
0.2276323199999999
0.22733209999999993
0.2271415199999999
0.22785495999999988
0.2271715199999999
0.22692139999999988
0.22808111999999986
0.22759615999999988
0.2271841399999999
0.2272716199999999
0.2270330599999999
0.2267690999999999
0.22792519999999988
0.22775997999999992
0.2283770599999999
0.22762705999999988
0.22760029999999987
0.2279358399999999
0.22730819999999988
0.22734717999999987
0.2264975599999999
0.2281453599999999
0.2282644599999999
0.2264685599999999
0.22769089999999992
0.2261372599999999
0.22837585999999988
0.2263811999999999
0.2275441599999999
0.2276847199999999
0.22613689999999992
0.2272636199999999
0.2267423999999999
0.22696917999999988
0.22704809999999986
0.2284192599999999
0.22757563999999988
0.22835713999999988
0.2270503399999999
0.2274848999999999
0.2267905599999999
0.22701063999999987
0.2265689399999999
0.22780797999999985
0.22734721999999988
0.2269842799999999
0.22762557999999988
0.22714535999999988
0.2283579799999999
0.2269673199999999
0.2285664799999999
0.22746785999999988
0.2278324599999999
0.22824341999999992
0.2278277799999999
0.22595617999999992
0.2278516399999999
0.22777785999999992
0.2281397799999999
0.2287543799999999
0.22709315999999988
0.22825385999999986
0.22744797999999988
0.22754285999999987
0.22686275999999989
0.22716929999999988
0.22687497999999987
0.22812853999999988
0.22755261999999987
0.2281519599999999
0.2283241399999999
0.22717269999999992
0.2279455999999999
0.22833481999999988
0.2278697799999999
0.2275718199999999
0.22705711999999992
0.22829723999999987
0.22707527999999988
0.2285557399999999
0.2282894199999999
0.2277625599999999
0.22724969999999992
0.2286276199999999
0.22700787999999988
0.22788563999999986
0.2278461999999999
0.22753557999999988
0.22761827999999987
0.2270169399999999
0.2280760399999999
0.2289641199999999
0.22792535999999988
0.22780253999999986
0.2268772799999999
0.22820319999999988
0.2286104199999999
0.22761195999999992
0.2284568599999999
0.22762927999999988
0.22909541999999988
0.22924743999999989
0.22898209999999988
0.2284725799999999
0.22850061999999988
0.22855987999999988
0.22831115999999987
0.2270095799999999
0.2272144999999999
0.22819107999999988
0.2279396999999999
0.2284426399999999
0.22779285999999993
0.2285139799999999
0.22703725999999988
0.22852695999999986
0.22820059999999992
0.22890485999999988
0.2279200199999999
0.2290610599999999
0.22887481999999987
0.2287090799999999
0.22840721999999988
0.2286952199999999
0.2276933399999999
0.22810115999999991
0.2278971399999999
0.22762197999999992
0.2287847799999999
0.2277034799999999
0.2272462399999999
0.2282823399999999
0.2285594999999999
0.2277802599999999
0.2282342599999999
0.2286671599999999
0.2290893599999999
0.22895425999999994
0.22795553999999987
0.22778649999999992
0.2281175999999999
0.2285695999999999
0.22816957999999993
0.22835277999999992
0.2278433799999999
0.2285796599999999
0.2280903799999999
0.2288869399999999
0.22883991999999992
0.22978429999999989
0.2285338199999999
0.22883005999999986
0.2283253799999999
0.2291420999999999
0.22858921999999993
0.22804487999999992
0.22832677999999987
0.22836823999999992
0.2283487199999999
0.22825295999999987
0.2292408399999999
0.2287781199999999
0.2294897799999999
0.22896951999999993
0.2281257799999999
0.22942295999999993
0.2277677599999999
0.22896481999999993
0.22841591999999988
0.22936399999999987
0.2280736599999999
0.22913083999999992
0.22927257999999992
0.2286075799999999
0.2290832399999999
0.2288199199999999
0.2285114799999999
0.2281963799999999
0.22787567999999989
0.2290335599999999
0.2288165799999999
0.2275968599999999
0.2287658199999999
0.2285910599999999
0.2292282199999999
0.22923507999999992
0.22956329999999991
0.2277040599999999
0.2283410999999999
0.22968289999999988
0.22828099999999993
0.2276799999999999
0.22860573999999992
0.22864923999999992
0.22876909999999992
0.2287510599999999
0.22846901999999994
0.22898259999999987
0.2284188399999999
0.2293979199999999
0.22980987999999988
0.22952063999999986
0.2289589799999999
0.2291299399999999
0.2286437199999999
0.2290909999999999
0.2297961399999999
0.2282391999999999
0.22869525999999993
0.2287372199999999
0.2293290999999999
0.22862939999999987
0.2286533799999999
0.2291866599999999
0.22899385999999994
0.2295304199999999
0.22941259999999988
0.2291844599999999
0.22865937999999988
0.22838129999999993
0.2288144999999999
0.22885155999999987
0.2292446399999999
0.2282018399999999
0.2279162799999999
0.2283245599999999
0.2290455999999999
0.2281927399999999
0.22884019999999988
0.2282887599999999
0.2285233999999999
0.2291753999999999
0.2284899999999999
0.2289227199999999
0.2278488999999999
0.2274272199999999
0.22978135999999988
0.22934881999999987
0.22856519999999989
0.22920819999999992
0.22886155999999988
0.2280860199999999
0.22880743999999986
0.22944935999999988
0.2286495399999999
0.2286429599999999
0.22846517999999988
0.22913647999999992
0.2281719399999999
0.22863873999999992
0.2290753199999999
0.2290029399999999
0.22949571999999993
0.22967085999999992
0.22838131999999992
0.2283631599999999
0.2291552399999999
0.22925555999999989
0.2291067199999999
0.22876453999999988
0.22790835999999992
0.2280684599999999
0.22816943999999992
0.2295308799999999
0.22963947999999987
0.2279997199999999
0.22913937999999986
0.22902199999999995
0.2283321199999999
0.22953521999999993
0.2291933399999999
0.22959515999999994
0.22916969999999992
0.2283159999999999
0.22932673999999992
0.22773863999999994
0.22979037999999993
0.2285506999999999
0.22969585999999992
0.2284448199999999
0.2292076399999999
0.2284591199999999
0.22901161999999992
0.2292812399999999
0.2292724799999999
0.2293305999999999
