0.054264
0.054264
0.07002399999999996
0.07002399999999996
0.07002399999999996
0.07388000000000006
0.08455599999999998
0.09257200000000003
0.09257200000000003
0.10085199999999998
0.10085199999999998
0.10085199999999998
0.10960799999999993
0.10960799999999993
0.10960799999999993
0.10960799999999993
0.11352000000000001
0.11352000000000001
0.11600400000000015
0.12404800000000002
0.12404800000000002
0.12404800000000002
0.12404800000000002
0.1262959999999998
0.12960399999999994
0.12960399999999994
0.12960399999999994
0.13868399999999995
0.13868399999999995
0.13868399999999995
0.13898000000000008
0.13979199999999994
0.13979199999999994
0.13979199999999994
0.13979199999999994
0.13979199999999994
0.14014400000000002
0.15483200000000016
0.15483200000000016
0.15483200000000016
0.15483200000000016
0.15483200000000016
0.15483200000000016
0.15483200000000016
0.15483200000000016
0.15483200000000016
0.15483200000000016
0.15483200000000016
0.15483200000000016
0.15483200000000016
0.15542800000000007
0.15542800000000007
0.15542800000000007
0.15542800000000007
0.15542800000000007
0.15648399999999996
0.16306399999999993
0.16306399999999993
0.16306399999999993
0.16306399999999993
0.16306399999999993
0.16548799999999997
0.16548799999999997
0.16548799999999997
0.16548799999999997
0.16548799999999997
0.17556000000000005
0.17556000000000005
0.17556000000000005
0.17556000000000005
0.17556000000000005
0.17556000000000005
0.17556000000000005
0.17556000000000005
0.17556000000000005
0.17556000000000005
0.17556000000000005
0.17556000000000005
0.17556000000000005
0.17556000000000005
0.17556000000000005
0.17556000000000005
0.17556000000000005
0.17966000000000004
0.17966000000000004
0.17966000000000004
0.17966000000000004
0.17966000000000004
0.17966000000000004
0.17966000000000004
0.17966000000000004
0.17966000000000004
0.17966000000000004
0.17966000000000004
0.18075599999999983
0.18075599999999983
0.18075599999999983
0.18075599999999983
0.18075599999999983
0.18075599999999983
0.18323999999999993
0.18323999999999993
0.18323999999999993
0.18323999999999993
0.18323999999999993
0.18328799999999992
0.18411200000000003
0.18411200000000003
0.18411200000000003
0.18411200000000003
0.18411200000000003
0.18411200000000003
0.18411200000000003
0.18411200000000003
0.18411200000000003
0.18411200000000003
0.18411200000000003
0.18942000000000003
0.18942000000000003
0.18942000000000003
0.18942000000000003
0.18942000000000003
0.18942000000000003
0.18942000000000003
0.18942000000000003
0.19174
0.19174
0.19174
0.19174
0.19174
0.19174
0.19204799999999994
0.19204799999999994
0.19204799999999994
0.19204799999999994
0.19204799999999994
0.1946319999999998
0.1946319999999998
0.1946319999999998
0.1946319999999998
0.1946319999999998
0.1946319999999998
0.1946319999999998
0.19949599999999987
0.19949599999999987
0.19949599999999987
0.19949599999999987
0.19949599999999987
0.19949599999999987
0.19949599999999987
0.19949599999999987
0.19949599999999987
0.19949599999999987
0.19949599999999987
0.19949599999999987
0.19949599999999987
0.19949599999999987
0.19949599999999987
0.19949599999999987
0.19949599999999987
0.19949599999999987
0.19949599999999987
0.19949599999999987
0.19949599999999987
0.19949599999999987
0.19949599999999987
0.19949599999999987
0.19949599999999987
0.19949599999999987
0.19949599999999987
0.19949599999999987
0.19949599999999987
0.19949599999999987
0.19949599999999987
0.19949599999999987
0.19949599999999987
0.19949599999999987
0.19949599999999987
0.19949599999999987
0.19949599999999987
0.19949599999999987
0.19949599999999987
0.19949599999999987
0.19949599999999987
0.19949599999999987
0.19949599999999987
0.19949599999999987
0.19949599999999987
0.2104399999999999
0.2104399999999999
0.2104399999999999
0.2104399999999999
0.2104399999999999
0.2104399999999999
0.2104399999999999
0.2104399999999999
0.2104399999999999
0.2104399999999999
0.2104399999999999
0.2104399999999999
0.2104399999999999
0.2104399999999999
0.2104399999999999
0.2104399999999999
0.2104399999999999
0.2104399999999999
0.2104399999999999
0.2104399999999999
0.2104399999999999
0.2104399999999999
0.2104399999999999
0.2104399999999999
0.2104399999999999
0.2104399999999999
0.2104399999999999
0.2104399999999999
0.2104399999999999
0.2104399999999999
0.2104399999999999
0.2104399999999999
0.2104399999999999
0.2104399999999999
0.2104399999999999
0.2104399999999999
0.2104399999999999
0.2104399999999999
0.2104399999999999
0.2104399999999999
0.2104399999999999
0.2104399999999999
0.2104399999999999
0.2104399999999999
0.2104399999999999
0.2104399999999999
0.2104399999999999
0.2104399999999999
0.2104399999999999
0.2104399999999999
0.2104399999999999
0.21163999999999983
0.21163999999999983
0.21163999999999983
0.21163999999999983
0.21163999999999983
0.21163999999999983
0.21163999999999983
0.21163999999999983
0.21163999999999983
0.21163999999999983
0.21163999999999983
0.21163999999999983
0.21163999999999983
0.21163999999999983
0.21163999999999983
0.21163999999999983
0.21163999999999983
0.21163999999999983
0.21163999999999983
0.21163999999999983
0.21163999999999983
0.21163999999999983
0.21163999999999983
0.21163999999999983
0.21163999999999983
0.21163999999999983
0.21163999999999983
0.21163999999999983
0.21163999999999983
0.21163999999999983
0.21163999999999983
0.21163999999999983
0.21163999999999983
0.21163999999999983
0.21163999999999983
0.21163999999999983
0.21163999999999983
0.21163999999999983
0.21163999999999983
0.21163999999999983
0.21163999999999983
0.21163999999999983
0.21163999999999983
0.21163999999999983
0.21163999999999983
0.21163999999999983
0.21163999999999983
0.21163999999999983
0.21163999999999983
0.21163999999999983
0.21163999999999983
0.21163999999999983
0.21163999999999983
0.21163999999999983
0.21163999999999983
0.21163999999999983
0.21163999999999983
0.21163999999999983
0.21163999999999983
0.21163999999999983
0.21163999999999983
0.21163999999999983
0.21163999999999983
0.21163999999999983
0.21163999999999983
0.21163999999999983
0.21163999999999983
0.21163999999999983
0.21163999999999983
0.21163999999999983
0.21163999999999983
0.21163999999999983
0.21163999999999983
0.21163999999999983
0.21163999999999983
0.21163999999999983
0.21163999999999983
0.21163999999999983
0.21163999999999983
0.21163999999999983
0.21163999999999983
0.21163999999999983
0.21163999999999983
0.21163999999999983
0.21163999999999983
0.21163999999999983
0.21163999999999983
0.21163999999999983
0.21163999999999983
0.21163999999999983
0.215412
0.215412
0.215412
0.215412
0.215412
0.215412
0.215412
0.215412
0.215412
0.215412
0.215412
0.215412
0.215412
0.215412
0.215412
0.215412
0.215412
0.215412
0.215412
0.215412
0.215412
0.215412
0.2198839999999997
0.2198839999999997
0.2198839999999997
0.2198839999999997
0.2198839999999997
0.2198839999999997
0.2198839999999997
0.2198839999999997
0.2198839999999997
0.2198839999999997
0.2198839999999997
0.2198839999999997
0.2198839999999997
0.2198839999999997
0.2198839999999997
0.2198839999999997
0.2198839999999997
0.2198839999999997
0.2198839999999997
0.2198839999999997
0.2198839999999997
0.2198839999999997
0.2198839999999997
0.2198839999999997
0.2198839999999997
0.2198839999999997
0.2198839999999997
0.2198839999999997
0.2198839999999997
0.2198839999999997
0.2198839999999997
0.2198839999999997
0.2198839999999997
0.2198839999999997
0.2198839999999997
0.2198839999999997
0.2198839999999997
0.2198839999999997
0.2198839999999997
0.2198839999999997
0.2198839999999997
0.2198839999999997
0.2198839999999997
0.2198839999999997
0.2198839999999997
0.2198839999999997
0.2198839999999997
0.2198839999999997
0.2198839999999997
0.2198839999999997
0.2198839999999997
0.2198839999999997
0.2198839999999997
0.2198839999999997
0.2198839999999997
0.2198839999999997
0.2198839999999997
0.2198839999999997
0.2198839999999997
0.2198839999999997
0.2198839999999997
0.2198839999999997
0.2198839999999997
0.2198839999999997
0.2198839999999997
0.2198839999999997
0.2198839999999997
0.2198839999999997
0.2198839999999997
0.2198839999999997
0.2198839999999997
0.2198839999999997
0.2198839999999997
0.2198839999999997
0.2198839999999997
0.2198839999999997
0.2198839999999997
0.2198839999999997
0.2198839999999997
0.2198839999999997
0.2198839999999997
0.2198839999999997
0.220252
0.220252
0.220252
0.220252
0.220252
0.220252
0.220252
0.22400399999999987
0.22400399999999987
0.22400399999999987
0.22400399999999987
0.22400399999999987
0.22400399999999987
0.22400399999999987
0.22400399999999987
0.22400399999999987
0.22400399999999987
0.22400399999999987
0.22400399999999987
0.22400399999999987
0.22400399999999987
0.22400399999999987
0.22400399999999987
0.22400399999999987
0.22400399999999987
0.22400399999999987
0.22400399999999987
0.22400399999999987
0.22400399999999987
0.22400399999999987
0.22400399999999987
0.22400399999999987
0.22400399999999987
0.22400399999999987
0.22400399999999987
0.22400399999999987
0.22400399999999987
0.22400399999999987
0.22400399999999987
0.22400399999999987
0.22400399999999987
0.22400399999999987
0.22400399999999987
0.22400399999999987
0.22400399999999987
0.22400399999999987
0.22400399999999987
0.22400399999999987
0.22400399999999987
0.22400399999999987
0.22400399999999987
0.22400399999999987
0.22400399999999987
0.22400399999999987
0.22400399999999987
0.22400399999999987
0.22400399999999987
0.22400399999999987
0.22400399999999987
0.22400399999999987
0.22400399999999987
0.22400399999999987
0.22400399999999987
0.22400399999999987
0.22400399999999987
0.22400399999999987
0.22400399999999987
0.22400399999999987
0.22400399999999987
0.22400399999999987
0.22400399999999987
0.22400399999999987
0.22400399999999987
0.22400399999999987
0.22400399999999987
0.22400399999999987
0.22400399999999987
0.22400399999999987
0.22400399999999987
0.22400399999999987
0.22400399999999987
0.22400399999999987
0.22400399999999987
0.22400399999999987
0.22400399999999987
0.22400399999999987
0.22400399999999987
0.22400399999999987
0.22400399999999987
0.22400399999999987
0.22400399999999987
0.22400399999999987
0.22400399999999987
0.22400399999999987
0.22400399999999987
0.22400399999999987
0.22400399999999987
0.22400399999999987
0.22400399999999987
0.22400399999999987
0.22400399999999987
0.22400399999999987
0.22400399999999987
0.22400399999999987
0.22400399999999987
0.22400399999999987
0.22400399999999987
0.22400399999999987
0.22400399999999987
0.22400399999999987
0.22400399999999987
0.22400399999999987
0.22400399999999987
0.22400399999999987
0.22400399999999987
0.22400399999999987
0.22400399999999987
0.22400399999999987
0.22400399999999987
0.22400399999999987
0.22400399999999987
0.22400399999999987
0.22400399999999987
0.22400399999999987
0.22400399999999987
0.22400399999999987
0.22400399999999987
0.22400399999999987
0.22400399999999987
0.22400399999999987
0.22400399999999987
0.22400399999999987
0.22400399999999987
0.22400399999999987
0.22400399999999987
0.22400399999999987
0.22400399999999987
0.22400399999999987
0.22400399999999987
0.22400399999999987
0.22400399999999987
0.22400399999999987
0.22400399999999987
0.22400399999999987
0.22400399999999987
0.22400399999999987
0.22400399999999987
0.22400399999999987
0.22400399999999987
0.22400399999999987
0.22400399999999987
0.22400399999999987
0.22400399999999987
0.22400399999999987
0.22400399999999987
0.22400399999999987
0.22400399999999987
0.22400399999999987
0.22400399999999987
0.22400399999999987
0.22400399999999987
0.22400399999999987
0.22400399999999987
0.22400399999999987
0.22400399999999987
0.22400399999999987
0.22400399999999987
0.22400399999999987
0.22400399999999987
0.22400399999999987
0.22400399999999987
0.22400399999999987
0.22400399999999987
0.22400399999999987
0.22400399999999987
0.22400399999999987
0.22400399999999987
0.22400399999999987
0.22400399999999987
0.22400399999999987
0.22400399999999987
0.22400399999999987
0.22400399999999987
0.22400399999999987
0.22400399999999987
0.22400399999999987
0.22400399999999987
0.22400399999999987
0.22400399999999987
0.22400399999999987
0.22400399999999987
0.22400399999999987
0.22400399999999987
0.22400399999999987
0.22400399999999987
0.22400399999999987
0.22400399999999987
0.22400399999999987
0.22400399999999987
0.22400399999999987
0.22400399999999987
0.22400399999999987
0.22400399999999987
0.22400399999999987
0.22400399999999987
0.22400399999999987
0.22400399999999987
0.22400399999999987
0.22400399999999987
0.22400399999999987
0.22400399999999987
0.22400399999999987
0.22400399999999987
0.22400399999999987
0.22400399999999987
0.22400399999999987
0.22400399999999987
0.22400399999999987
0.22400399999999987
0.22400399999999987
0.22400399999999987
0.22400399999999987
0.22400399999999987
0.22400399999999987
0.22400399999999987
0.22400399999999987
0.22400399999999987
0.22400399999999987
0.22400399999999987
0.22400399999999987
0.22400399999999987
0.22400399999999987
0.22400399999999987
0.22400399999999987
0.22400399999999987
0.22400399999999987
0.22400399999999987
0.22400399999999987
0.22400399999999987
0.22400399999999987
0.22400399999999987
0.22400399999999987
0.22400399999999987
0.22400399999999987
0.22400399999999987
0.22400399999999987
0.22400399999999987
0.22400399999999987
0.22400399999999987
0.22400399999999987
0.22400399999999987
0.2278279999999997
0.2278279999999997
0.2278279999999997
0.2278279999999997
0.2278279999999997
0.2278279999999997
0.2278279999999997
0.2278279999999997
0.2278279999999997
0.2278279999999997
0.2278279999999997
0.2278279999999997
0.2278279999999997
0.2278279999999997
0.2278279999999997
0.2278279999999997
0.2278279999999997
0.2278279999999997
0.2278279999999997
0.2278279999999997
0.2278279999999997
0.2278279999999997
0.2278279999999997
0.2278279999999997
0.2278279999999997
0.2278279999999997
0.2278279999999997
0.2278279999999997
0.2278279999999997
0.2278279999999997
0.2278279999999997
0.2278279999999997
0.2278279999999997
0.2278279999999997
0.2278279999999997
0.2278279999999997
0.2278279999999997
0.2278279999999997
0.2278279999999997
0.2278279999999997
0.2278279999999997
0.22926399999999972
0.22926399999999972
0.22926399999999972
0.22926399999999972
0.22926399999999972
0.22926399999999972
0.22926399999999972
0.22926399999999972
0.22926399999999972
0.22926399999999972
0.22926399999999972
0.22926399999999972
0.22926399999999972
0.22926399999999972
0.22926399999999972
0.22926399999999972
0.22926399999999972
0.22926399999999972
0.22926399999999972
0.22926399999999972
0.22926399999999972
0.22926399999999972
0.22926399999999972
0.22926399999999972
0.22926399999999972
0.22926399999999972
0.22926399999999972
0.22926399999999972
0.22926399999999972
0.22926399999999972
0.22926399999999972
0.22926399999999972
0.22926399999999972
0.22926399999999972
0.22926399999999972
0.22926399999999972
0.22926399999999972
0.22926399999999972
0.22926399999999972
0.22926399999999972
0.22926399999999972
0.22926399999999972
0.22926399999999972
0.22926399999999972
0.22926399999999972
0.22926399999999972
0.22926399999999972
0.22926399999999972
0.22926399999999972
0.22926399999999972
0.22926399999999972
0.22926399999999972
0.22926399999999972
0.22926399999999972
0.22926399999999972
0.22926399999999972
0.22926399999999972
0.22926399999999972
0.22926399999999972
0.22926399999999972
0.22926399999999972
0.22926399999999972
0.22926399999999972
0.22926399999999972
0.22926399999999972
0.22926399999999972
0.22926399999999972
0.22926399999999972
0.22926399999999972
0.22926399999999972
0.22926399999999972
0.22926399999999972
0.22926399999999972
0.22926399999999972
0.22926399999999972
0.22926399999999972
0.22926399999999972
0.22926399999999972
0.22926399999999972
0.22926399999999972
0.22926399999999972
0.22926399999999972
0.22926399999999972
0.22926399999999972
0.22926399999999972
0.22926399999999972
0.22926399999999972
0.22926399999999972
0.22926399999999972
0.22926399999999972
0.22926399999999972
0.22926399999999972
0.22926399999999972
0.22926399999999972
0.22926399999999972
0.22926399999999972
0.22926399999999972
0.22926399999999972
0.22926399999999972
0.22926399999999972
0.22926399999999972
0.22926399999999972
0.22926399999999972
0.22926399999999972
0.22926399999999972
0.22926399999999972
0.22926399999999972
0.22926399999999972
0.22926399999999972
0.22926399999999972
0.22926399999999972
0.22926399999999972
0.22926399999999972
0.22926399999999972
0.22926399999999972
0.22926399999999972
0.22926399999999972
0.22926399999999972
0.23543999999999982
0.23543999999999982
0.23543999999999982
0.23543999999999982
0.23543999999999982
0.23543999999999982
0.23543999999999982
0.23543999999999982
0.23543999999999982
0.23543999999999982
0.23543999999999982
0.23543999999999982
0.23543999999999982
0.23543999999999982
0.23543999999999982
0.23543999999999982
0.23543999999999982
0.23543999999999982
0.23543999999999982
0.23543999999999982
0.23543999999999982
0.23543999999999982
0.23543999999999982
0.23543999999999982
0.23543999999999982
0.23543999999999982
0.23543999999999982
0.23543999999999982
0.23543999999999982
0.23543999999999982
0.23543999999999982
0.23543999999999982
0.23543999999999982
0.23543999999999982
0.23543999999999982
0.23543999999999982
0.23543999999999982
0.23543999999999982
0.23543999999999982
0.23543999999999982
0.23543999999999982
0.23543999999999982
0.23543999999999982
0.23543999999999982
0.23543999999999982
0.23543999999999982
0.23543999999999982
0.23543999999999982
0.23543999999999982
0.23543999999999982
0.23543999999999982
0.23543999999999982
0.23543999999999982
0.23543999999999982
0.23543999999999982
0.23543999999999982
0.23543999999999982
0.23543999999999982
0.23543999999999982
0.23543999999999982
0.23543999999999982
0.23543999999999982
0.23543999999999982
0.23543999999999982
0.23543999999999982
0.23543999999999982
0.23543999999999982
0.23543999999999982
0.23543999999999982
0.23543999999999982
0.23543999999999982
0.23543999999999982
0.23543999999999982
0.23543999999999982
0.23543999999999982
0.23543999999999982
0.23543999999999982
0.23543999999999982
0.23543999999999982
0.23543999999999982
0.23543999999999982
0.23543999999999982
0.23543999999999982
0.23543999999999982
0.23543999999999982
0.23543999999999982
0.23543999999999982
0.23543999999999982
0.23543999999999982
0.23543999999999982
0.23543999999999982
0.23543999999999982
0.23543999999999982
0.23543999999999982
0.23543999999999982
0.23543999999999982
0.23543999999999982
0.23543999999999982
0.23543999999999982
0.23543999999999982
0.23543999999999982
0.23543999999999982
0.23543999999999982
0.23543999999999982
0.23543999999999982
0.23543999999999982
0.23543999999999982
0.23543999999999982
0.23543999999999982
0.23543999999999982
0.23543999999999982
0.23543999999999982
0.23543999999999982
0.23543999999999982
0.23543999999999982
0.23543999999999982
0.23543999999999982
0.23543999999999982
0.23543999999999982
0.23543999999999982
0.23543999999999982
0.23543999999999982
0.23543999999999982
0.23543999999999982
0.23543999999999982
0.23543999999999982
0.23543999999999982
0.23543999999999982
0.23543999999999982
0.23543999999999982
0.23543999999999982
0.23543999999999982
0.23543999999999982
0.23543999999999982
0.23543999999999982
0.23543999999999982
0.23543999999999982
0.23543999999999982
0.23543999999999982
0.23543999999999982
0.23543999999999982
0.23543999999999982
0.23543999999999982
0.23543999999999982
0.23543999999999982
0.23543999999999982
0.23543999999999982
0.23543999999999982
0.23543999999999982
0.23543999999999982
0.23543999999999982
0.23543999999999982
0.23543999999999982
0.23543999999999982
0.23543999999999982
0.23543999999999982
0.23543999999999982
0.23543999999999982
0.23543999999999982
0.23543999999999982
0.23543999999999982
0.23543999999999982
0.23543999999999982
0.23543999999999982
0.23543999999999982
0.23543999999999982
0.23543999999999982
0.23543999999999982
0.23543999999999982
0.23543999999999982
0.23543999999999982
0.23543999999999982
0.23543999999999982
0.23543999999999982
0.23543999999999982
0.23543999999999982
0.23543999999999982
0.23543999999999982
0.23543999999999982
0.23543999999999982
0.23543999999999982
0.23543999999999982
0.23543999999999982
0.23543999999999982
0.23543999999999982
0.23543999999999982
0.23543999999999982
0.23543999999999982
0.23543999999999982
0.23543999999999982
0.23543999999999982
0.23543999999999982
0.23543999999999982
0.23543999999999982
0.23543999999999982
0.23543999999999982
0.23543999999999982
0.23543999999999982
0.23543999999999982
0.23543999999999982
0.23543999999999982
0.23543999999999982
0.23543999999999982
0.23543999999999982
0.23543999999999982
0.23543999999999982
0.23543999999999982
0.23543999999999982
0.23543999999999982
0.23543999999999982
0.23543999999999982
0.23543999999999982
0.23543999999999982
0.23543999999999982
0.23543999999999982
0.23543999999999982
0.23543999999999982
0.23543999999999982
0.23543999999999982
0.23543999999999982
0.23543999999999982
0.23543999999999982
0.23543999999999982
0.23543999999999982
0.23543999999999982
0.23543999999999982
0.23543999999999982
0.23543999999999982
0.23543999999999982
0.23543999999999982
0.23543999999999982
0.23543999999999982
0.23543999999999982
0.23543999999999982
0.23543999999999982
0.23543999999999982
0.23543999999999982
0.23543999999999982
0.23543999999999982
0.23543999999999982
0.23543999999999982
0.23543999999999982
0.23543999999999982
0.23543999999999982
0.23543999999999982
0.23543999999999982
0.23543999999999982
0.23543999999999982
0.23543999999999982
0.23543999999999982
0.23543999999999982
0.23543999999999982
0.23543999999999982
0.23543999999999982
0.23543999999999982
0.23543999999999982
0.23543999999999982
0.23543999999999982
0.23543999999999982
0.23543999999999982
0.23543999999999982
0.23543999999999982
0.23543999999999982
0.23543999999999982
0.23543999999999982
0.23543999999999982
0.23543999999999982
0.23543999999999982
0.23543999999999982
0.23543999999999982
0.23543999999999982
0.23543999999999982
0.23543999999999982
0.23543999999999982
0.23543999999999982
0.23543999999999982
0.23543999999999982
0.23543999999999982
0.23543999999999982
0.23543999999999982
0.23543999999999982
0.23543999999999982
0.23543999999999982
0.23543999999999982
0.23543999999999982
0.23543999999999982
0.23543999999999982
0.23543999999999982
0.23543999999999982
0.23543999999999982
0.23543999999999982
0.23543999999999982
0.23543999999999982
0.23543999999999982
0.23543999999999982
0.23543999999999982
0.23543999999999982
0.23543999999999982
0.23543999999999982
0.23543999999999982
0.23543999999999982
0.23543999999999982
0.23543999999999982
0.23543999999999982
0.23543999999999982
0.23543999999999982
0.23543999999999982
0.24724799999999986
0.24724799999999986
0.24724799999999986
0.24724799999999986
0.24724799999999986
0.24724799999999986
0.24724799999999986
0.24724799999999986
0.24724799999999986
0.24724799999999986
0.24724799999999986
0.24724799999999986
0.24724799999999986
0.24724799999999986
0.24724799999999986
0.24724799999999986
0.24724799999999986
0.24724799999999986
0.24724799999999986
0.24724799999999986
0.24724799999999986
0.24724799999999986
0.24724799999999986
0.24724799999999986
0.24724799999999986
0.24724799999999986
0.24724799999999986
0.24724799999999986
0.24724799999999986
0.24724799999999986
0.24724799999999986
0.24724799999999986
0.24724799999999986
0.24724799999999986
0.24724799999999986
0.24724799999999986
0.24724799999999986
0.24724799999999986
0.24724799999999986
0.24724799999999986
0.24724799999999986
0.24724799999999986
0.24724799999999986
0.24724799999999986
0.24724799999999986
0.24724799999999986
0.24724799999999986
0.24724799999999986
0.24724799999999986
0.24724799999999986
0.24724799999999986
0.24724799999999986
0.24724799999999986
0.24724799999999986
0.24724799999999986
0.24724799999999986
0.24724799999999986
0.24724799999999986
0.24724799999999986
0.24724799999999986
0.24724799999999986
0.24724799999999986
0.24724799999999986
0.24724799999999986
0.24724799999999986
0.24724799999999986
0.24724799999999986
0.24724799999999986
0.24724799999999986
0.24724799999999986
0.24724799999999986
0.24724799999999986
0.24724799999999986
0.24724799999999986
0.24724799999999986
0.24724799999999986
0.24724799999999986
0.24724799999999986
0.24724799999999986
0.24724799999999986
0.24724799999999986
0.24724799999999986
0.24724799999999986
0.24724799999999986
0.24724799999999986
0.24724799999999986
0.24724799999999986
0.24724799999999986
0.24724799999999986
0.24724799999999986
0.24724799999999986
0.24724799999999986
0.24724799999999986
0.24724799999999986
0.24724799999999986
0.24724799999999986
0.24724799999999986
0.24724799999999986
0.24724799999999986
0.24724799999999986
0.24724799999999986
0.24724799999999986
0.24724799999999986
0.24724799999999986
0.24724799999999986
0.24724799999999986
0.24724799999999986
0.24724799999999986
0.24724799999999986
0.24724799999999986
0.24724799999999986
0.24724799999999986
0.24724799999999986
0.24724799999999986
0.24724799999999986
0.24724799999999986
0.24724799999999986
0.24724799999999986
0.24724799999999986
0.24724799999999986
0.24724799999999986
0.24724799999999986
0.24724799999999986
0.24724799999999986
0.24724799999999986
0.24724799999999986
0.24724799999999986
0.24724799999999986
0.24724799999999986
0.24724799999999986
0.24724799999999986
0.24724799999999986
0.24724799999999986
0.24724799999999986
0.24724799999999986
0.24724799999999986
0.24724799999999986
0.24724799999999986
0.24724799999999986
0.24724799999999986
0.24724799999999986
0.24724799999999986
0.24724799999999986
0.24724799999999986
0.24724799999999986
0.24724799999999986
0.24724799999999986
0.24724799999999986
0.24724799999999986
0.24724799999999986
0.24724799999999986
0.24724799999999986
0.24724799999999986
0.24724799999999986
0.24724799999999986
0.24724799999999986
0.24724799999999986
0.24724799999999986
0.24724799999999986
0.24724799999999986
0.24724799999999986
0.24724799999999986
0.24724799999999986
0.24724799999999986
0.24724799999999986
0.24724799999999986
0.24724799999999986
0.24724799999999986
0.24724799999999986
0.24724799999999986
0.24724799999999986
0.24724799999999986
0.24724799999999986
0.24724799999999986
0.24724799999999986
0.24724799999999986
0.24724799999999986
0.24724799999999986
0.24724799999999986
0.24724799999999986
0.24724799999999986
0.24724799999999986
0.24724799999999986
0.24724799999999986
0.24724799999999986
0.24724799999999986
0.24724799999999986
0.24724799999999986
0.24724799999999986
0.24724799999999986
0.24724799999999986
0.24724799999999986
0.24724799999999986
0.24724799999999986
0.24724799999999986
0.24724799999999986
0.24724799999999986
0.24724799999999986
0.24724799999999986
0.24724799999999986
0.24724799999999986
0.24724799999999986
0.24724799999999986
0.24724799999999986
0.24724799999999986
0.24724799999999986
0.24724799999999986
0.24724799999999986
0.24724799999999986
0.24724799999999986
0.24724799999999986
0.24724799999999986
0.24724799999999986
0.24724799999999986
0.24724799999999986
0.24724799999999986
0.24724799999999986
0.24724799999999986
0.24724799999999986
0.24724799999999986
0.24724799999999986
0.24724799999999986
0.24724799999999986
0.24724799999999986
0.24724799999999986
0.24724799999999986
0.24724799999999986
0.24724799999999986
0.24724799999999986
0.24724799999999986
0.24724799999999986
0.24724799999999986
0.24724799999999986
0.24724799999999986
0.24724799999999986
0.24724799999999986
0.24724799999999986
0.24724799999999986
0.24724799999999986
0.24724799999999986
0.24724799999999986
0.24724799999999986
0.24724799999999986
0.24724799999999986
0.24871600000000008
0.24871600000000008
0.24871600000000008
0.24871600000000008
0.24871600000000008
0.24871600000000008
0.24871600000000008
0.24871600000000008
0.24871600000000008
0.24871600000000008
0.24871600000000008
0.24871600000000008
0.24871600000000008
0.24871600000000008
0.24871600000000008
0.24871600000000008
0.24871600000000008
0.24871600000000008
0.24871600000000008
0.24871600000000008
0.24871600000000008
0.24871600000000008
0.24871600000000008
0.24871600000000008
0.24871600000000008
0.24871600000000008
0.24871600000000008
0.24871600000000008
0.24871600000000008
0.24871600000000008
0.24871600000000008
0.24871600000000008
0.24871600000000008
0.24871600000000008
0.24871600000000008
0.24871600000000008
0.24871600000000008
0.24871600000000008
0.24871600000000008
0.24871600000000008
0.24871600000000008
0.24871600000000008
0.24871600000000008
0.24871600000000008
0.24871600000000008
0.24871600000000008
0.24871600000000008
0.24871600000000008
0.24871600000000008
0.24871600000000008
0.24871600000000008
0.24871600000000008
0.24871600000000008
0.24871600000000008
0.25290799999999974
0.25290799999999974
0.25290799999999974
0.25290799999999974
0.25290799999999974
0.25290799999999974
0.25290799999999974
0.25290799999999974
0.25290799999999974
0.25290799999999974
0.25290799999999974
0.25290799999999974
0.25290799999999974
0.25290799999999974
0.25290799999999974
0.25290799999999974
0.25290799999999974
0.25290799999999974
0.25290799999999974
0.25290799999999974
0.25290799999999974
0.25290799999999974
0.25290799999999974
0.25290799999999974
0.25290799999999974
0.25290799999999974
0.25290799999999974
0.25290799999999974
0.25290799999999974
0.25290799999999974
0.25290799999999974
0.25290799999999974
0.25290799999999974
0.25290799999999974
0.25290799999999974
0.25290799999999974
0.25290799999999974
0.25290799999999974
0.25290799999999974
0.25290799999999974
0.25290799999999974
0.25290799999999974
0.25290799999999974
0.25290799999999974
0.25290799999999974
0.25290799999999974
0.25290799999999974
0.25290799999999974
0.25290799999999974
0.25290799999999974
0.25290799999999974
0.25290799999999974
0.25290799999999974
0.25290799999999974
0.25290799999999974
0.25290799999999974
0.25290799999999974
0.25290799999999974
0.25290799999999974
0.25290799999999974
0.25290799999999974
0.25290799999999974
0.25290799999999974
0.25290799999999974
0.25290799999999974
0.25290799999999974
0.25290799999999974
0.25290799999999974
0.25290799999999974
0.25290799999999974
0.25290799999999974
0.25290799999999974
0.25290799999999974
0.25290799999999974
0.25290799999999974
0.25290799999999974
0.25290799999999974
0.25290799999999974
0.25290799999999974
0.25290799999999974
0.25290799999999974
0.25290799999999974
0.25290799999999974
0.25290799999999974
0.25290799999999974
0.25290799999999974
0.25290799999999974
0.25290799999999974
0.25290799999999974
0.25290799999999974
0.25290799999999974
0.25290799999999974
0.25290799999999974
0.25290799999999974
0.25290799999999974
0.25290799999999974
0.25290799999999974
0.25290799999999974
0.25290799999999974
0.25290799999999974
0.25290799999999974
0.25290799999999974
0.25290799999999974
0.25290799999999974
0.25290799999999974
0.25290799999999974
0.25290799999999974
0.25290799999999974
0.25290799999999974
0.25290799999999974
0.25290799999999974
0.25290799999999974
0.25290799999999974
0.25290799999999974
0.25290799999999974
0.25290799999999974
0.25290799999999974
0.25290799999999974
0.25290799999999974
0.25290799999999974
0.25290799999999974
0.25290799999999974
0.25290799999999974
0.25290799999999974
0.25290799999999974
0.25290799999999974
0.25290799999999974
0.25290799999999974
0.25290799999999974
0.25290799999999974
0.25290799999999974
0.25290799999999974
0.25290799999999974
0.25290799999999974
0.25290799999999974
0.25290799999999974
0.25290799999999974
0.25290799999999974
0.25290799999999974
0.25290799999999974
0.25290799999999974
0.25290799999999974
0.25290799999999974
0.25290799999999974
0.25290799999999974
0.25290799999999974
0.25290799999999974
0.25290799999999974
0.25290799999999974
0.25290799999999974
0.25290799999999974
0.25290799999999974
0.25290799999999974
0.25290799999999974
0.25290799999999974
0.25290799999999974
0.25290799999999974
0.2532439999999998
0.2532439999999998
0.2532439999999998
0.2532439999999998
0.2532439999999998
0.2532439999999998
0.2532439999999998
0.2532439999999998
0.2532439999999998
0.2532439999999998
0.2532439999999998
0.2532439999999998
0.2532439999999998
0.2532439999999998
0.2532439999999998
0.2532439999999998
0.2532439999999998
0.2532439999999998
0.2532439999999998
0.2532439999999998
0.2532439999999998
0.2532439999999998
0.2532439999999998
0.2532439999999998
0.2532439999999998
0.2532439999999998
0.2532439999999998
0.2532439999999998
0.2532439999999998
0.2532439999999998
0.2561519999999999
0.2561519999999999
0.2561519999999999
0.2561519999999999
0.2561519999999999
0.2561519999999999
0.2561519999999999
0.2561519999999999
0.2561519999999999
0.2561519999999999
0.2561519999999999
0.2561519999999999
0.2561519999999999
0.2561519999999999
0.2561519999999999
0.2561519999999999
0.2561519999999999
0.2561519999999999
0.2561519999999999
0.2561519999999999
0.2561519999999999
0.2561519999999999
0.2561519999999999
0.2561519999999999
0.2561519999999999
0.2561519999999999
0.2561519999999999
0.2561519999999999
0.2561519999999999
0.2561519999999999
0.2561519999999999
0.2561519999999999
0.2561519999999999
0.2561519999999999
0.2561519999999999
0.2561519999999999
0.2561519999999999
0.2561519999999999
0.2561519999999999
0.2561519999999999
0.2561519999999999
0.2561519999999999
0.2561519999999999
0.2561519999999999
0.2561519999999999
0.2561519999999999
0.2561519999999999
0.2561519999999999
0.2561519999999999
0.2561519999999999
0.2561519999999999
0.2561519999999999
0.2561519999999999
0.2561519999999999
0.2561519999999999
0.2561519999999999
0.2561519999999999
0.2561519999999999
0.2561519999999999
0.2561519999999999
0.2561519999999999
0.2561519999999999
0.2561519999999999
0.2561519999999999
0.2561519999999999
0.2561519999999999
0.2561519999999999
0.2561519999999999
0.2561519999999999
0.2561519999999999
0.2561519999999999
0.2561519999999999
0.2561519999999999
0.2561519999999999
0.2561519999999999
0.2561519999999999
0.2561519999999999
0.2561519999999999
0.2561519999999999
0.2561519999999999
0.2561519999999999
0.2561519999999999
0.2561519999999999
0.2561519999999999
0.2561519999999999
0.2561519999999999
0.2561519999999999
0.2561519999999999
0.2561519999999999
0.2561519999999999
0.2561519999999999
0.2561519999999999
0.2561519999999999
0.2561519999999999
0.2561519999999999
0.2561519999999999
0.2561519999999999
0.2561519999999999
0.2561519999999999
0.2561519999999999
0.2561519999999999
0.2561519999999999
0.2561519999999999
0.2561519999999999
0.2561519999999999
0.2561519999999999
0.2561519999999999
0.2561519999999999
0.2561519999999999
0.2561519999999999
0.2561519999999999
0.2561519999999999
0.2561519999999999
0.2561519999999999
0.2561519999999999
0.2561519999999999
0.2561519999999999
0.2561519999999999
0.2561519999999999
0.2561519999999999
0.2561519999999999
0.2561519999999999
0.2561519999999999
0.2561519999999999
0.2561519999999999
0.2561519999999999
0.2561519999999999
0.2561519999999999
0.2561519999999999
0.2561519999999999
0.2561519999999999
0.2561519999999999
0.2561519999999999
0.2561519999999999
0.2561519999999999
0.2561519999999999
0.2561519999999999
0.2561519999999999
0.2561519999999999
0.2561519999999999
0.2561519999999999
0.2561519999999999
0.2561519999999999
0.2561519999999999
0.2561519999999999
0.2561519999999999
0.2561519999999999
0.2561519999999999
0.2561519999999999
0.2561519999999999
0.2561519999999999
0.2561519999999999
0.2561519999999999
0.2561519999999999
0.2561519999999999
0.2561519999999999
0.2561519999999999
0.2561519999999999
0.2561519999999999
0.2561519999999999
0.2561519999999999
0.2561519999999999
0.2561519999999999
0.2561519999999999
0.2561519999999999
0.2561519999999999
0.2561519999999999
0.2561519999999999
0.2561519999999999
0.2561519999999999
0.2561519999999999
0.2561519999999999
0.2561519999999999
0.2561519999999999
0.2561519999999999
0.2561519999999999
0.2561519999999999
0.2561519999999999
0.2561519999999999
0.2561519999999999
0.2561519999999999
0.2561519999999999
0.2561519999999999
0.2561519999999999
0.2561519999999999
0.2561519999999999
0.2561519999999999
0.2561519999999999
0.2561519999999999
0.2561519999999999
0.2561519999999999
0.2561519999999999
0.2561519999999999
0.2561519999999999
0.2561519999999999
0.2561519999999999
0.2561519999999999
0.2561519999999999
0.2561519999999999
0.2561519999999999
0.2561519999999999
0.2561519999999999
0.2561519999999999
0.2561519999999999
0.2561519999999999
0.2561519999999999
0.2561519999999999
0.2561519999999999
0.2561519999999999
0.2561519999999999
0.2561519999999999
0.2561519999999999
0.2561519999999999
0.2561519999999999
0.2561519999999999
0.2561519999999999
0.2561519999999999
0.2561519999999999
0.2561519999999999
0.2561519999999999
0.2561519999999999
0.2561519999999999
0.2561519999999999
0.2561519999999999
0.2561519999999999
0.2561519999999999
0.2561519999999999
0.2561519999999999
0.2561519999999999
0.2561519999999999
0.2561519999999999
0.2561519999999999
0.2561519999999999
0.2561519999999999
0.2561519999999999
0.2561519999999999
0.2561519999999999
0.2561519999999999
0.2561519999999999
0.2561519999999999
0.2561519999999999
0.2561519999999999
0.2561519999999999
0.2561519999999999
0.2561519999999999
0.2561519999999999
0.2561519999999999
0.2561519999999999
0.2561519999999999
0.2561519999999999
0.2561519999999999
0.2561519999999999
0.2561519999999999
0.2561519999999999
0.2561519999999999
0.2561519999999999
0.2561519999999999
0.2561519999999999
0.2561519999999999
0.2561519999999999
0.2561519999999999
0.2561519999999999
0.2561519999999999
0.2561519999999999
0.2561519999999999
0.2561519999999999
0.2561519999999999
0.2561519999999999
0.2561519999999999
0.2561519999999999
0.2561519999999999
0.2561519999999999
0.2561519999999999
0.2561519999999999
0.2561519999999999
0.2561519999999999
0.2561519999999999
0.2561519999999999
0.2561519999999999
0.2561519999999999
0.2561519999999999
0.2561519999999999
0.2561519999999999
0.2561519999999999
0.2561519999999999
0.2561519999999999
0.2561519999999999
0.2561519999999999
0.2561519999999999
0.2561519999999999
0.2561519999999999
0.2561519999999999
0.2561519999999999
0.2561519999999999
0.2561519999999999
0.2561519999999999
0.2561519999999999
0.2561519999999999
0.2561519999999999
0.2561519999999999
0.2561519999999999
0.2561519999999999
0.2561519999999999
0.2561519999999999
0.2561519999999999
0.2561519999999999
0.2561519999999999
0.2561519999999999
0.2561519999999999
0.2561519999999999
0.2561519999999999
0.2561519999999999
0.2561519999999999
0.2561519999999999
0.2561519999999999
0.2561519999999999
0.2561519999999999
0.2561519999999999
0.2561519999999999
0.2561519999999999
0.2561519999999999
0.2561519999999999
0.2561519999999999
0.2561519999999999
0.2561519999999999
0.2561519999999999
0.2561519999999999
0.2561519999999999
0.2561519999999999
0.2561519999999999
0.2561519999999999
0.2561519999999999
0.2561519999999999
0.2561519999999999
0.2561519999999999
0.2561519999999999
0.2561519999999999
0.2561519999999999
0.2561519999999999
0.2561519999999999
0.2561519999999999
0.2561519999999999
0.2561519999999999
0.2561519999999999
0.2561519999999999
0.2561519999999999
0.2561519999999999
0.2561519999999999
0.2561519999999999
0.2561519999999999
0.2561519999999999
0.2561519999999999
0.2561519999999999
0.2561519999999999
0.2561519999999999
0.2561519999999999
0.2561519999999999
0.2561519999999999
0.2561519999999999
0.2561519999999999
0.2561519999999999
0.2561519999999999
0.2561519999999999
0.2561519999999999
0.2561519999999999
0.2561519999999999
