-0.035983999999999974
-0.01861200000000002
-0.008539999999999996
0.00449600000000001
0.008947999999999994
-0.001544000000000008
0.019060000000000018
0.028208000000000004
0.023167999999999998
0.03931200000000003
0.03735999999999995
0.04344800000000002
0.03783200000000001
0.04559600000000002
0.050599999999999985
0.047543999999999975
0.05155199999999997
0.04560000000000002
0.05211600000000001
0.054612
0.05759600000000003
0.057164
0.05285200000000001
0.062112000000000056
0.04594400000000001
0.06270400000000002
0.06395999999999995
0.06736799999999997
0.05371200000000004
0.07852
0.07056000000000008
0.05834799999999997
0.06708000000000006
0.07545599999999994
0.082724
0.08145999999999996
0.06412399999999993
0.08089599999999988
0.07629599999999992
0.07550799999999994
0.07947199999999993
0.09073999999999992
0.08277199999999993
0.0899199999999999
0.08526399999999994
0.09027599999999993
0.08573999999999994
0.08893599999999997
0.09547199999999995
0.09193199999999999
0.09537999999999996
0.09385199999999996
0.08699999999999988
0.099564
0.0964119999999999
0.10240399999999995
0.09324399999999995
0.09624000000000002
0.10198799999999998
0.09764799999999994
0.09115999999999996
0.096232
0.10370399999999998
0.10066799999999997
0.09951200000000002
0.09872799999999994
0.10332399999999993
0.09408399999999997
0.10393199999999989
0.10779199999999992
0.09825599999999995
0.105652
0.10670400000000006
0.09741599999999993
0.10049599999999992
0.10614399999999999
0.1086799999999999
0.09869599999999991
0.1128399999999999
0.114544
0.11334799999999993
0.11105199999999986
0.10818000000000001
0.10911599999999999
0.1061559999999999
0.10676400000000005
0.11583999999999992
0.10054399999999993
0.10469199999999987
0.11848799999999993
0.10105599999999994
0.10631999999999998
0.11846399999999996
0.11299200000000001
0.119512
0.11663999999999992
0.12063199999999995
0.10865999999999999
0.12175599999999992
0.12329199999999994
0.10345199999999995
0.12085200000000004
0.11239199999999994
0.12175600000000011
0.10846799999999994
0.11810799999999999
0.11984000000000006
0.11973600000000001
0.12493199999999997
0.12551199999999996
0.12418399999999988
0.10617599999999998
0.10920399999999986
0.11949199999999995
0.112856
0.12323599999999992
0.12429200000000003
0.1190839999999999
0.12321599999999999
0.11863199999999988
0.10725599999999991
0.12101200000000004
0.126656
0.12199199999999993
0.11050799999999995
0.12367999999999989
0.12818400000000005
0.11559599999999991
0.12841199999999994
0.12081999999999996
0.11230000000000007
0.12401200000000001
0.12217199999999986
0.11762399999999995
0.12446399999999999
0.12043200000000007
0.112268
0.12014400000000006
0.12067600000000012
0.128164
0.11849599999999998
0.12743999999999997
0.12703599999999995
0.124556
0.1238359999999999
0.12329599999999998
0.12926400000000005
0.12318400000000004
0.12748800000000005
0.13062
0.12056400000000006
0.11858399999999997
0.13175200000000004
0.13503199999999996
0.12143199999999997
0.12738400000000016
0.11900400000000004
0.13371200000000005
0.11770400000000002
0.12829600000000008
0.1309560000000001
0.13364
0.12891200000000008
0.13284799999999986
0.13604800000000003
0.126804
0.13352399999999995
0.11402800000000005
0.12294000000000015
0.12996000000000002
0.128068
0.12970800000000007
0.12251200000000004
0.12478399999999996
0.12388799999999998
0.12107200000000011
0.13916400000000007
0.12450800000000008
0.1352760000000001
0.13363200000000003
0.1259559999999999
0.1309959999999998
0.13246000000000005
0.13277199999999995
0.12987600000000002
0.1292240000000001
0.124028
0.124876
0.12182799999999992
0.13383999999999996
0.13467200000000001
0.13091600000000003
0.118124
0.129776
0.12882000000000002
0.13346000000000008
0.13669200000000006
0.1290279999999999
0.13356000000000007
0.1353559999999999
0.12521200000000005
0.12200400000000004
0.12706800000000015
0.13721599999999984
0.12752000000000002
0.13429200000000013
0.13856400000000002
0.134224
0.12466799999999999
0.1368280000000001
0.13942400000000005
0.13403599999999993
0.1391280000000001
0.1352520000000001
0.14016000000000003
0.1431160000000001
0.13214000000000004
0.13918800000000003
0.13932400000000017
0.1346840000000001
0.134352
0.12706399999999995
0.14157199999999995
0.13250800000000001
0.13270799999999996
0.135212
0.13642000000000004
0.1409960000000001
0.13696400000000006
0.14076800000000003
0.13968799999999998
0.136396
0.12967200000000015
0.13276000000000002
0.12762800000000007
0.13097199999999992
0.13858800000000013
0.12694399999999997
0.1261159999999999
0.135768
0.14197200000000007
0.144724
0.13419200000000006
0.13947999999999997
0.14384
0.14789999999999998
0.13131600000000015
0.13480400000000015
0.1356
0.14010799999999998
0.13644400000000012
0.12791199999999994
0.13791200000000023
0.140452
0.13753200000000004
0.14024399999999995
0.14078399999999996
0.13670000000000013
0.136228
0.14476800000000026
0.14465600000000012
0.12455199999999998
0.12371999999999998
0.13037200000000004
0.1450800000000001
0.13439199999999993
0.13828400000000007
0.14596000000000006
0.13736000000000004
0.14299200000000012
0.1383880000000001
0.1449479999999999
0.13546799999999998
0.14492799999999986
0.13586800000000004
0.13739200000000013
0.146488
0.13524399999999998
0.13254799999999994
0.12318400000000009
0.13757200000000003
0.135192
0.1336519999999999
0.1306519999999999
0.14350000000000007
0.14519200000000004
0.14424399999999998
0.1456279999999999
0.14152400000000004
0.13369200000000006
0.1411600000000001
0.1408840000000001
0.13224800000000003
0.13882400000000006
0.14147599999999994
0.14124399999999993
0.13660400000000003
0.142524
0.14028399999999994
0.13776799999999995
0.12830400000000003
0.143804
0.13543600000000003
0.1405199999999999
0.14136400000000007
0.13584799999999997
0.13965600000000009
0.13758800000000007
0.13606799999999988
0.13277200000000008
0.13990400000000003
0.139756
0.13834400000000008
0.147996
0.120228
0.13379600000000008
0.13553199999999993
0.13716399999999995
0.13611200000000004
0.14503999999999997
0.13079600000000002
0.1405480000000001
0.14895199999999992
0.14039199999999993
0.14582000000000014
0.13981999999999997
0.144276
0.1418040000000001
0.13700000000000004
0.1369240000000001
0.133948
0.127984
0.14408000000000012
0.1456479999999999
0.14539600000000003
0.14200400000000002
0.14463200000000007
0.142592
0.14906799999999998
0.146068
0.13772399999999999
0.1320680000000001
0.149772
0.14566799999999994
0.14050399999999977
0.14693600000000004
0.12984800000000005
0.1286480000000001
0.14651600000000006
0.14145199999999994
0.14321599999999995
0.13391200000000011
0.14112000000000008
0.13764399999999988
0.13582800000000006
0.14260399999999993
0.15283199999999988
0.14317999999999997
0.14404400000000012
0.14384399999999997
0.14736400000000013
0.13314399999999987
0.14706800000000017
0.13722799999999993
0.14502799999999996
0.14774000000000007
0.1484160000000001
0.14748000000000006
0.14905199999999982
0.14989600000000008
0.14509999999999992
0.14399199999999998
0.14170400000000002
0.14835999999999994
0.14659200000000014
0.14501599999999998
0.14004000000000003
0.14368399999999992
0.14703200000000005
0.15014399999999994
0.14327600000000004
0.14371999999999993
0.1459839999999999
0.13659600000000005
0.1515999999999999
0.14846399999999996
0.15059600000000017
0.14229200000000009
0.14930800000000005
0.1425679999999999
0.14243599999999998
0.14592000000000008
0.14277999999999993
0.15118800000000007
0.13584799999999997
0.15391599999999983
0.14880400000000008
0.15168400000000007
0.14587599999999998
0.14400800000000002
0.14546799999999996
0.14418799999999998
0.13753599999999988
0.14613999999999988
0.14010800000000004
0.1440080000000001
0.14685200000000012
0.15199600000000002
0.1384440000000001
0.14145200000000005
0.142544
0.14808400000000005
0.14757199999999993
0.14762000000000003
0.1512159999999999
0.14778000000000008
0.13809599999999997
0.13317999999999994
0.14335599999999998
0.15490800000000007
0.14060799999999998
0.1444880000000001
0.15008400000000005
0.14714800000000006
0.144708
0.15200399999999997
0.14157200000000003
0.14549999999999985
0.13391600000000015
0.13854000000000005
0.13692000000000012
0.15095999999999976
0.14324400000000004
0.14464000000000016
0.1502039999999999
0.14980800000000016
0.15075999999999995
0.13758799999999993
0.14845600000000003
0.15006800000000003
0.14878
0.14853599999999997
0.14840399999999995
0.1461120000000001
0.14987199999999995
0.14517200000000008
0.14591599999999996
0.14542400000000005
0.14546399999999998
0.1551359999999999
0.14342800000000006
0.15255999999999997
0.1530639999999999
0.15063999999999994
0.15048399999999976
0.145664
0.15406400000000003
0.13627999999999998
0.151264
0.14268800000000006
0.15071199999999985
0.15216799999999997
0.14974400000000015
0.15172399999999994
0.14711600000000005
0.14657200000000004
0.14355200000000007
0.14984800000000004
0.14695200000000005
0.1433319999999999
0.151188
0.157844
0.1440800000000001
0.152128
0.1504879999999999
0.146936
0.14877999999999994
0.148036
0.15777600000000006
0.15325600000000014
0.15247599999999992
0.15061600000000008
0.14228
0.12871999999999992
0.139396
0.14568399999999995
0.1456160000000001
0.1423960000000001
0.14432799999999993
0.14654799999999993
0.14050399999999985
0.15535199999999996
0.14409199999999997
0.1381159999999999
0.15339199999999995
0.15457199999999993
0.148276
0.14252000000000012
0.15116400000000008
0.14656000000000008
0.1492160000000001
0.1464599999999999
0.15338000000000004
0.15471999999999986
0.15715600000000005
0.15227199999999985
0.15056800000000006
0.15458799999999992
0.155184
0.16064000000000003
0.14450000000000002
0.1489519999999998
0.146916
0.14963999999999994
0.1515519999999999
0.14545199999999997
0.15071599999999988
0.1485679999999999
0.15467199999999995
0.1443800000000001
0.15178400000000009
0.14428400000000005
0.149004
0.1559720000000001
0.15413200000000007
0.14349599999999987
0.15325199999999997
0.15718399999999996
0.15666799999999975
0.14060399999999998
0.1549839999999999
0.14700000000000013
0.15247599999999992
0.15355199999999994
0.15818399999999985
0.1431279999999999
0.15130399999999997
0.15210800000000005
0.15394800000000003
0.1532480000000001
0.142828
0.15922399999999984
0.14827599999999996
0.15058399999999994
0.1523920000000001
0.15147599999999997
0.1407279999999999
0.15444399999999994
0.14255999999999994
0.14832399999999996
0.145276
0.15404400000000004
0.1527079999999999
0.15804399999999993
0.1575839999999999
0.14508799999999988
0.15547999999999984
0.15361999999999992
0.15119199999999997
0.14837600000000004
0.15781199999999998
0.14585199999999993
0.15416399999999983
0.15501600000000004
0.14542399999999991
0.14872400000000013
0.1513
0.15180799999999983
0.1475919999999998
0.15786799999999995
0.14956800000000003
0.1594239999999998
0.14272399999999993
0.14790799999999998
0.152008
0.15974799999999992
0.15656800000000004
0.155808
0.14255999999999983
0.16111999999999999
0.15294799999999995
0.15417999999999996
0.15183999999999995
0.14868399999999984
0.162324
0.15629999999999972
0.15975599999999998
0.160648
0.15098800000000004
0.15718799999999974
0.1509480000000001
0.16062800000000008
0.13977599999999996
0.154672
0.14227199999999998
0.15929599999999994
0.15109599999999992
0.15417199999999992
0.14620799999999992
0.16018399999999983
0.15375999999999992
0.1550159999999999
0.1484000000000001
0.15494799999999995
0.15089200000000016
0.15365199999999998
0.157416
0.15229200000000004
0.142548
0.1459440000000001
0.15433999999999976
0.14633600000000005
0.15580400000000003
0.15207200000000007
0.1516040000000001
0.16393599999999997
0.15911600000000006
0.15494799999999978
0.15691599999999992
0.1558559999999999
0.14217600000000008
0.15095600000000003
0.15061600000000008
0.16095600000000002
0.15013999999999988
0.15513600000000005
0.15138799999999986
0.15852399999999983
0.1597879999999999
0.15530800000000003
0.1577239999999999
0.15751999999999985
0.1598319999999999
0.15896000000000013
0.153124
0.15947999999999998
0.14988400000000002
0.15270400000000006
0.15923999999999996
0.15397599999999997
0.15808000000000005
0.15763999999999997
0.1448
0.15357600000000002
0.15737999999999994
0.1594119999999999
0.15547599999999992
0.15320799999999998
0.16463999999999993
0.15103200000000022
0.1626199999999999
0.15187599999999982
0.16017199999999998
0.14895199999999997
0.1544519999999999
0.1474039999999999
0.14951600000000015
0.151868
0.1571079999999999
0.16092399999999976
0.1569879999999998
0.15619200000000005
0.1570439999999999
0.16010800000000008
0.14698000000000003
0.14883600000000008
0.1641839999999999
0.14894399999999985
0.16611199999999995
0.14885999999999996
0.15572000000000005
0.15781600000000015
0.154196
0.15800399999999964
0.15492400000000006
0.16684799999999997
0.15393600000000005
0.1581399999999999
0.161676
0.15794
0.157356
0.15880000000000002
0.1634719999999999
0.16055599999999987
0.15880000000000005
0.1513
0.16087999999999994
0.15313600000000016
0.160256
0.13742400000000005
0.15137999999999985
0.151756
0.14906000000000003
0.156404
0.1626280000000001
0.1588520000000001
0.1480559999999999
0.16088799999999986
0.15694
0.15993600000000002
0.1548280000000001
0.15978799999999985
0.15586400000000009
0.15137199999999995
0.162156
0.15019199999999996
0.162656
0.15496400000000016
0.16103600000000004
0.16042400000000007
0.15509999999999988
0.1613839999999999
0.1602640000000001
0.15970399999999985
0.14517599999999978
0.15104000000000012
0.16482799999999995
0.1595599999999999
0.15857999999999983
0.159068
0.16128799999999993
0.15534799999999999
0.154212
0.14738800000000005
0.161132
0.1479839999999999
0.15202799999999994
0.1583919999999999
0.15056000000000003
0.15932000000000002
0.151108
0.16183999999999982
0.15415599999999977
0.16313200000000003
0.15725599999999987
0.15689999999999998
0.160532
0.15565599999999996
0.1482240000000001
0.15386400000000003
0.1527399999999999
0.15546000000000004
0.16323599999999994
0.15295600000000012
0.15818400000000005
0.16303999999999985
0.15743600000000005
0.15277199999999982
0.15846400000000016
0.16163999999999998
0.16017599999999987
0.15800800000000007
0.15218399999999987
0.1591559999999999
0.160748
0.15299200000000007
0.154468
0.15583599999999986
0.16015599999999994
0.15471200000000004
0.16217999999999996
0.1645999999999999
0.15305999999999995
0.15553200000000003
0.162404
0.16560799999999984
0.16342799999999993
0.15880800000000003
0.16338400000000008
0.15847599999999995
0.15074800000000005
0.16052400000000003
0.15804799999999983
0.15992000000000012
0.16727199999999998
0.15669199999999991
0.15095200000000006
0.15068000000000004
0.16096400000000013
0.1621800000000002
0.15311999999999998
0.15929200000000002
0.15974000000000002
0.1529319999999999
0.15897199999999995
0.15800000000000003
0.16016799999999992
0.1636839999999999
0.15157199999999993
0.16489199999999987
0.1582640000000001
0.14906399999999997
0.15580400000000005
0.15955999999999998
0.1575600000000002
0.1587039999999999
0.15868400000000002
0.1594559999999999
0.15380000000000005
0.1509919999999999
0.16193200000000008
0.15863199999999997
0.16194399999999984
0.15308400000000016
0.15488399999999997
0.1550280000000001
0.15635600000000005
0.1564359999999999
0.155124
0.16190399999999996
0.15607199999999982
0.15999599999999983
0.14928799999999995
0.16219600000000003
0.16382399999999994
0.16235599999999975
0.15448800000000013
0.15940399999999988
0.15049999999999997
0.15912000000000007
0.1535080000000001
0.1576319999999998
0.1622959999999999
0.15873599999999996
0.16285199999999997
0.15968799999999983
0.1603319999999999
0.15570400000000004
0.15647599999999998
0.16236000000000006
0.16156399999999982
0.15670400000000007
0.15902399999999983
0.1576320000000001
0.16164799999999996
0.14757200000000004
0.15390799999999985
0.15970399999999998
0.15451999999999988
0.16174800000000014
0.150868
0.16107200000000005
0.1600200000000001
0.1601560000000001
0.16179599999999986
0.16372799999999996
0.16772399999999987
0.1663839999999998
0.158596
0.15380800000000006
0.15137600000000004
0.1604560000000001
0.16136399999999979
0.1546720000000002
0.16199600000000017
0.15820000000000004
0.1617879999999998
0.16813999999999982
0.15625999999999993
0.15438000000000002
0.1579079999999999
0.15985600000000016
0.162624
0.14957200000000015
0.15596800000000002
0.1445760000000001
0.16406400000000002
0.1430800000000001
0.15733199999999992
0.15418800000000002
0.15449999999999997
0.15784400000000012
0.15727200000000002
0.1567159999999998
0.16058799999999995
0.15967199999999993
0.153684
0.15581600000000012
0.16213999999999992
0.15570799999999996
0.1625080000000001
0.158224
0.15768399999999988
0.15377600000000002
0.15798000000000004
0.15406799999999984
0.16268000000000007
0.15753600000000006
0.1507719999999999
0.158772
0.15929999999999994
0.1621200000000001
0.16471599999999997
0.15754400000000005
0.15936399999999984
0.15941599999999997
0.1669719999999998
0.15535199999999996
0.16726799999999992
0.15831199999999987
0.16697599999999996
0.1586999999999998
0.1635040000000001
0.15998399999999985
0.16616000000000003
0.16363599999999992
0.15280399999999997
0.16186000000000003
0.1576280000000001
0.16524799999999984
0.15644799999999992
0.16028
0.16359200000000007
0.16412400000000008
0.1570439999999999
0.15992799999999996
0.1595880000000001
0.16587200000000007
0.15920000000000004
0.15839600000000006
0.16300800000000007
0.16166000000000014
0.1641839999999999
0.16165599999999994
0.15866000000000002
0.16361199999999998
0.15446399999999993
0.1671959999999999
0.16259200000000001
0.1657719999999999
0.16293600000000003
0.16513199999999986
0.15658799999999992
0.15878
0.163504
0.1611039999999999
0.15975999999999996
0.162512
0.15931600000000012
0.15566800000000008
0.16330799999999995
0.1589600000000001
0.1561439999999998
0.151948
0.15357600000000002
0.169212
0.16569200000000017
0.16347199999999992
0.15609599999999993
0.168604
0.16650400000000007
0.16020800000000007
0.16304799999999994
0.16247999999999985
0.16099599999999997
0.16401199999999996
0.1605479999999999
0.16019200000000003
0.16040399999999988
0.15751999999999985
0.16273200000000007
0.1639560000000001
0.16502799999999998
0.1600119999999997
0.15754800000000016
0.16447600000000004
0.15509600000000007
0.1611000000000001
0.15860800000000005
0.15621600000000002
0.15859200000000007
0.16097999999999998
0.15914
0.15634399999999993
0.14997199999999974
0.164304
0.15942799999999993
0.1586479999999999
0.15528399999999987
0.16630799999999982
0.16428400000000004
0.16171999999999997
0.16558399999999987
0.16327599999999978
0.15632800000000008
0.15931599999999999
0.15621200000000005
0.15668400000000007
0.15873200000000004
0.16263999999999995
0.15708799999999995
0.16310399999999994
0.1610839999999999
0.15393600000000005
0.165308
0.16379199999999988
0.16219999999999996
0.1630039999999999
0.15882800000000005
0.15645200000000015
0.156824
0.16436000000000012
0.15919599999999998
0.15663199999999985
0.15928000000000003
0.162308
0.15822400000000006
0.14988799999999997
0.16180399999999998
0.15191200000000002
0.1585839999999998
0.16111200000000012
0.16218399999999997
0.15585199999999996
0.1588120000000001
0.16502
0.16040799999999997
0.164908
0.15878399999999995
0.1667079999999998
0.1539639999999999
0.15736400000000003
0.15190799999999982
0.15969199999999992
0.16451600000000002
0.15720399999999987
0.1650840000000001
0.16831199999999988
0.16511600000000004
0.158172
0.16417199999999987
0.16197999999999996
0.16194399999999998
0.14909600000000006
0.16067999999999988
0.16488799999999987
0.16503999999999988
0.16590400000000008
0.15973999999999988
0.16306799999999996
0.161956
0.16392399999999996
0.16074
0.16067999999999982
0.16196399999999997
0.1644120000000001
0.163784
0.15799599999999997
0.15981200000000004
0.1581439999999999
0.16504000000000027
0.16379599999999997
0.16486399999999982
0.16449599999999995
0.15794400000000006
0.1515000000000001
0.16298399999999985
0.160268
0.16013200000000005
0.16277200000000008
0.16320400000000007
0.1626920000000001
0.15804799999999994
0.16129199999999994
0.1614759999999999
0.16081600000000013
0.1680639999999999
0.1644280000000001
0.15954799999999997
0.165772
0.1600679999999999
0.15793600000000005
0.16654799999999986
0.16067599999999987
0.15878799999999993
0.15097999999999998
0.14839599999999997
0.16322400000000004
0.1561919999999999
0.15511599999999998
0.1622680000000001
0.167504
0.16116000000000003
0.16467199999999996
0.1701359999999998
0.158504
0.15476399999999993
0.16676799999999992
0.16319600000000004
0.16294399999999992
0.1656
0.16566399999999995
0.16162399999999996
0.15538000000000007
0.15492399999999987
0.17167600000000022
0.14287999999999995
0.16152
0.16419600000000004
0.1665639999999999
0.16551999999999994
0.1469400000000001
0.1644999999999998
0.164856
0.16851999999999992
0.16661199999999984
0.161764
0.1662199999999999
0.16465599999999994
0.16448399999999996
0.16423199999999996
0.16336800000000004
0.1653920000000001
0.15430399999999994
0.16333600000000006
0.15821199999999994
0.1703759999999997
0.16172799999999987
0.16510400000000003
0.165156
0.16724399999999992
0.1672679999999999
0.15887600000000016
0.1599359999999999
0.1574040000000001
0.16111600000000006
0.1525240000000001
0.15932399999999994
0.16067200000000004
0.15219999999999992
0.15626400000000004
0.154556
0.16670400000000007
0.16209999999999997
0.15164000000000005
0.15952
0.16192799999999993
0.16319599999999992
0.15930399999999997
0.16433200000000006
0.16789199999999985
0.16326
0.14738400000000001
0.16191600000000006
0.16052000000000002
0.1679080000000001
0.16405999999999998
0.16722399999999987
0.15517199999999995
0.16364399999999987
0.161292
0.16161600000000015
0.1539839999999999
0.1671839999999999
0.1659199999999999
0.1542680000000001
0.15974400000000002
0.17187599999999992
0.1644399999999999
0.14691200000000007
0.16827200000000017
0.152228
0.16996399999999987
0.17006000000000018
0.15374800000000013
0.15869200000000008
0.16393599999999997
0.17113199999999984
0.16490399999999997
0.16469199999999995
0.16827999999999982
0.15623999999999985
0.15716799999999997
0.160796
0.16059600000000002
0.16326
0.1643080000000001
0.15869999999999992
0.15462000000000006
0.16171200000000002
0.16739599999999993
0.158132
0.1535079999999999
0.16140799999999994
0.16558799999999993
0.16305599999999998
0.16431600000000007
0.16264799999999988
0.1627360000000001
0.167436
0.160056
0.16232400000000008
0.16309599999999994
0.16005599999999987
0.15586800000000006
0.153292
0.14898000000000017
0.15922799999999998
0.16899999999999993
0.15620399999999987
0.1626760000000002
0.15956800000000002
0.168584
0.15864399999999992
0.15238399999999983
0.164032
0.16212000000000007
0.166708
0.16519999999999999
0.15886400000000012
0.1661439999999997
0.1678559999999999
0.16596399999999986
0.1683040000000001
0.1640639999999998
0.16892799999999994
0.15722799999999995
0.1550440000000001
0.16022799999999987
0.157632
0.15663200000000002
0.16349199999999986
0.17251999999999998
0.16942799999999988
0.1593599999999999
0.16267199999999996
0.16734800000000008
0.17183600000000007
0.16164399999999995
0.15960800000000003
0.16185600000000003
0.15783599999999995
0.1681839999999999
0.1678359999999999
0.16533599999999996
0.164388
0.16301600000000008
0.16169199999999997
0.17103600000000016
0.159596
0.17277199999999993
0.16830799999999999
0.15226399999999984
0.15968799999999989
0.16653599999999988
0.16897199999999996
0.169192
0.13990000000000008
0.15533199999999991
0.1650920000000001
0.16355600000000006
0.16352800000000006
0.16685999999999995
0.1683520000000001
0.17319199999999982
0.16638399999999987
0.16122800000000007
0.1713840000000001
0.169156
0.176048
0.15997599999999992
0.16745200000000002
0.1727319999999998
0.16866399999999981
0.17550399999999988
0.17327599999999987
0.1668280000000001
0.16333999999999999
0.15495599999999995
0.159204
0.16383999999999996
0.16821599999999992
0.168532
0.16537999999999992
0.176588
0.1747719999999999
0.16256400000000001
0.16226000000000004
0.16261999999999988
0.16766799999999996
0.1665279999999999
0.17040800000000006
0.16715599999999992
0.16223600000000002
0.1665280000000001
0.17798799999999992
0.1666359999999999
0.170556
0.17662000000000008
0.16624799999999998
0.16810800000000006
0.16655199999999995
0.17187200000000002
0.17113599999999984
0.17549599999999996
0.1665919999999999
0.1640880000000002
0.16435199999999983
0.17001600000000008
0.16607199999999997
0.17851999999999987
0.17195199999999997
0.16809200000000013
0.16415199999999983
0.15986400000000006
0.171344
0.17162399999999997
0.17702799999999994
0.161392
0.1753960000000001
0.17153999999999983
0.17597999999999994
0.15918800000000027
0.168256
0.1770879999999999
0.16660799999999992
0.17270800000000003
0.16826000000000021
0.16832000000000016
0.16592799999999996
0.17128799999999986
0.17775199999999988
0.17324399999999993
0.17739599999999997
0.16668000000000008
0.17103600000000005
0.17560000000000006
0.17331200000000002
0.17304399999999998
0.17277600000000007
0.175896
0.1703400000000002
0.17162799999999992
0.17920400000000014
0.16899199999999992
0.17828399999999991
0.1701
0.16356800000000016
0.17651999999999995
0.1750039999999999
0.17667199999999986
0.17164399999999988
0.1628959999999997
0.16448000000000004
0.17213200000000003
0.16129999999999992
0.17582799999999987
0.17137199999999997
0.171624
0.1778240000000001
0.17392000000000013
0.17336400000000002
0.17586000000000013
0.17854800000000004
0.179616
0.18015600000000004
0.16559200000000002
0.17208800000000002
0.171612
0.17876799999999993
0.1754679999999999
0.16538799999999995
0.18064399999999997
0.175604
0.15943600000000016
0.17436799999999997
0.17626399999999995
0.17695199999999991
0.18217199999999986
0.17592000000000005
0.17015200000000005
0.17149599999999993
0.17181999999999997
0.17719200000000004
0.16733599999999993
0.17753600000000003
0.17802800000000002
0.1699080000000001
0.16813599999999998
0.1745599999999999
0.17208800000000005
0.1747799999999999
0.17309600000000008
0.17627999999999994
0.16836799999999996
0.1782719999999999
0.16193199999999988
0.17633199999999988
0.17482000000000006
0.16926799999999992
0.16739199999999993
0.17421199999999995
0.16483200000000003
0.1741880000000001
0.17190000000000014
0.178268
0.1734959999999999
0.17982800000000004
0.1741080000000001
0.17781199999999994
0.18160800000000005
0.17107600000000003
0.17697999999999983
0.173196
0.17789599999999997
0.18256400000000006
0.16395200000000007
0.16815599999999994
0.16427199999999995
0.16996800000000015
0.16233199999999987
0.17532399999999992
0.17323999999999998
0.17096799999999993
0.16752000000000009
0.177324
0.1785239999999999
0.17478000000000007
0.17361200000000002
0.17429999999999993
0.17479200000000006
0.176164
0.18004399999999998
0.17337200000000008
0.17367199999999994
0.169036
0.17729599999999993
0.17049599999999993
0.1754399999999999
0.179844
0.18371199999999993
0.1741759999999999
0.1722
0.17374399999999993
0.16216799999999998
0.18286399999999997
0.16691200000000006
0.17310400000000006
0.1761199999999999
0.18179599999999993
0.17099599999999998
0.17007599999999995
0.17381599999999992
0.16234799999999994
0.17196399999999992
0.17123999999999998
0.17017200000000002
0.17614399999999988
0.17058799999999996
0.17475599999999994
0.181084
0.1805679999999998
0.1730079999999999
0.168876
0.183396
0.17257599999999995
0.17068000000000014
0.17370400000000005
0.17329599999999995
0.17985999999999994
0.17507599999999984
0.16767600000000016
0.16632399999999986
0.16687999999999992
0.17480400000000001
0.17583599999999996
0.17769600000000002
0.17338399999999998
0.180488
0.172024
0.1828239999999999
0.17707999999999996
0.17493599999999998
0.1768680000000001
0.17682000000000006
0.17004
0.1817839999999999
0.17434800000000006
0.16907599999999998
0.1661880000000001
0.180952
0.17572000000000002
0.17223999999999987
0.17496399999999984
0.17369199999999985
0.18408399999999994
0.17544799999999997
0.17813600000000004
0.1756439999999999
0.17799999999999996
0.17704
0.17693599999999987
0.17904800000000026
0.17548000000000005
0.17732000000000014
0.17094399999999985
0.185564
0.17773200000000006
0.1803519999999998
0.17406400000000002
0.17744799999999986
0.17959200000000006
0.1734079999999999
0.1797479999999999
0.18026
0.17586400000000008
0.17991999999999997
0.1775199999999999
0.18197599999999986
0.17475999999999997
0.18535199999999985
0.17246399999999992
0.1819239999999999
0.1693560000000001
0.182044
0.18105600000000005
0.16791599999999995
0.18276400000000007
0.17889999999999984
0.16218400000000002
0.18101199999999995
0.17845599999999992
0.1817839999999999
0.17794399999999994
0.16775199999999993
0.1780239999999998
0.17806799999999984
0.17523999999999995
0.17723999999999995
0.16301599999999977
0.18048799999999995
0.17972799999999997
0.17539999999999994
0.17649999999999985
0.17061199999999985
0.18459999999999996
0.17583999999999997
0.17360800000000015
0.17604800000000004
0.17837999999999998
0.169132
0.18185999999999986
0.18163599999999996
0.1728199999999999
0.16678800000000005
0.17570399999999994
0.18189199999999991
0.1793639999999998
0.17614799999999994
0.1721279999999999
0.177824
0.1720959999999999
0.17157600000000003
0.173144
0.18074000000000004
0.18201999999999996
0.16939600000000007
0.18315599999999999
0.173576
0.17045599999999994
0.17969199999999994
0.17269999999999988
0.17701599999999998
0.17869600000000016
0.1821080000000002
0.17340799999999998
0.17665600000000004
0.1846079999999999
0.17423999999999998
0.1755640000000001
0.18216399999999988
0.1809559999999999
0.17020000000000007
0.18104399999999993
0.17333600000000005
0.17585199999999998
0.18374399999999996
0.1845799999999999
0.185244
0.1780719999999998
0.177448
0.17452400000000004
0.1707960000000001
0.16830399999999987
0.174652
0.17654000000000003
0.16461600000000012
0.176052
0.16646000000000008
0.16622400000000004
0.18360399999999993
0.1737000000000001
0.178868
0.17385999999999993
0.17996799999999996
0.16346800000000003
0.17708400000000002
0.18060400000000007
0.17450399999999994
0.184436
0.1832559999999999
0.17659999999999984
0.17968800000000013
0.16565199999999983
0.17109199999999974
0.17592400000000005
0.17366399999999999
0.17529999999999976
0.17856799999999995
0.18482400000000002
0.1815200000000001
0.17396
0.1824799999999999
0.16774
0.17405199999999993
0.17784399999999992
0.18048399999999987
0.17863599999999996
0.17997599999999997
0.1775879999999999
0.17972800000000005
0.16489600000000001
0.1832559999999999
0.18458
0.177044
0.17069599999999988
0.17857599999999982
0.18007599999999999
0.17567999999999995
0.17955199999999996
0.17234000000000002
0.16985199999999992
0.17976000000000003
0.17645600000000014
0.17635200000000004
0.18106400000000009
0.18035999999999996
0.1666119999999999
0.18158800000000003
0.18568000000000018
0.184196
0.17617600000000003
0.17203599999999997
0.17965199999999998
0.17941599999999988
0.17825599999999994
0.18070799999999995
0.16750400000000007
0.1751839999999999
0.18583599999999992
0.16870799999999994
0.1841199999999998
0.1878959999999999
0.18106399999999986
0.18624799999999997
0.17988799999999988
0.17834399999999995
0.18041199999999993
0.17837999999999996
0.17745999999999973
0.1802880000000001
0.18450399999999992
0.17711999999999997
0.17546399999999984
0.17894799999999997
0.18591199999999983
0.181844
0.18357999999999994
0.18560400000000007
0.18918799999999988
0.1786839999999999
0.18135200000000004
0.1854519999999999
0.18074799999999996
0.17218799999999984
0.17870799999999987
0.17797200000000007
0.1732239999999999
0.17238399999999987
0.1873399999999999
0.181688
0.18208400000000002
0.16696
0.17450000000000004
0.17950399999999994
0.18431199999999986
0.17583999999999989
0.18117599999999995
0.1769439999999999
0.1794319999999998
0.17565999999999996
0.17958000000000007
0.17700800000000005
0.18074399999999982
0.18009199999999984
0.18764800000000004
0.17755599999999983
0.17165200000000005
0.18053600000000003
0.182588
0.18581599999999987
0.17262400000000008
0.17339199999999977
0.17371600000000015
0.157972
0.18581999999999993
0.1802000000000001
0.17378400000000002
0.17341999999999994
0.18527199999999996
0.17758000000000004
0.16967600000000002
0.18186799999999992
0.17678400000000002
0.17386000000000007
0.1663
0.18462799999999974
0.177456
0.18437599999999985
0.16882800000000003
0.18024799999999985
0.17519199999999982
0.17228799999999983
0.1769039999999999
0.17873999999999995
0.18167599999999998
0.17258000000000012
0.18492400000000006
0.18149200000000004
0.18553999999999984
0.1810359999999999
0.18624400000000013
0.177076
0.167568
0.1727399999999999
0.17955199999999996
0.17861199999999985
0.18092799999999995
0.18279199999999993
0.18035599999999988
0.16995999999999975
0.18596000000000001
0.17687999999999993
0.17364799999999997
0.174764
0.17158399999999985
0.17788799999999994
0.17779199999999995
0.17978399999999978
0.17669200000000013
0.18181599999999992
0.17913999999999988
0.1802840000000002
0.17875199999999988
0.17712399999999995
0.17643999999999996
0.17029999999999998
0.179548
0.18674799999999994
0.1765359999999998
0.18157999999999988
0.16984399999999994
0.1664079999999999
0.17702799999999982
0.17253199999999988
0.1822639999999999
0.17602800000000007
0.18597199999999992
0.17582800000000012
0.18465999999999985
0.17380799999999993
0.16476799999999991
0.18188400000000018
0.1871799999999999
0.17945599999999998
0.16308800000000007
0.18448399999999995
0.17849999999999996
0.1839040000000001
0.18295599999999984
0.16918799999999995
0.17587999999999987
0.18295999999999993
0.1787039999999998
0.1792960000000001
0.17954399999999976
0.1705599999999999
0.188012
0.1849239999999999
0.1766840000000001
0.17683199999999996
0.18601600000000004
0.18313199999999988
0.17574400000000004
0.18272400000000005
0.18341599999999994
0.18479599999999982
0.174404
0.1861080000000001
0.18094399999999997
0.1697079999999999
0.17864399999999986
0.181756
0.1891879999999999
0.180708
0.17961199999999983
0.18895599999999999
0.1771
0.17959199999999997
0.17108399999999988
0.1776960000000001
0.18916399999999986
0.1857599999999999
0.17830399999999993
0.18446400000000004
0.18818399999999988
0.17814799999999997
0.1838519999999999
0.1826239999999999
0.18689599999999992
0.17348400000000003
0.18580799999999995
0.18133999999999986
0.16867200000000002
0.18445999999999996
0.18114799999999986
0.1849880000000001
0.17937199999999998
0.17105599999999996
0.17492799999999992
0.1736599999999999
0.1855039999999998
0.1878799999999999
0.17327199999999993
0.18972399999999984
0.17319199999999987
0.18622399999999992
0.186272
0.18997600000000003
0.17491599999999988
0.18677599999999991
0.1770999999999998
0.18170799999999998
0.1782599999999999
0.17628399999999977
0.17561999999999983
0.18262
0.18341999999999997
0.17435999999999982
0.17810399999999998
0.17038799999999993
0.17801199999999998
0.18096799999999996
0.172144
0.18244800000000008
0.17410799999999985
0.17935199999999998
0.18664799999999984
0.18157599999999988
0.18150799999999995
0.181476
0.1718039999999999
0.18352399999999994
0.18835199999999994
0.18476400000000004
0.17927200000000007
0.18612799999999993
0.1825160000000001
0.18620399999999995
0.17338800000000007
0.17779599999999987
0.17732799999999987
0.18854399999999977
0.17575599999999994
0.17639599999999997
0.17916799999999986
0.17886400000000002
0.18331999999999998
0.1855799999999999
0.17165200000000005
0.19020799999999985
0.17980000000000002
0.17833999999999978
0.17303200000000005
0.18076399999999984
0.177616
0.18306799999999993
0.18201199999999998
0.17225199999999993
0.1895799999999998
0.184876
0.18180799999999991
0.17780399999999985
0.18096399999999982
0.18173199999999987
0.18371199999999982
0.18383999999999992
0.18245199999999986
0.18254799999999985
0.1818479999999999
0.17727999999999988
0.18603999999999998
0.18159599999999995
0.17979199999999976
0.18452000000000002
0.1768
0.18178799999999998
0.174288
0.17875599999999986
0.18532399999999985
0.1794
0.17612799999999987
0.1771359999999999
0.18492799999999987
0.17239999999999975
0.17923199999999997
0.18479199999999987
0.17540399999999995
0.16687999999999978
0.18088399999999988
0.17538799999999993
0.17529999999999998
0.17892399999999994
0.17072399999999982
0.18821599999999997
0.185228
0.16375199999999981
0.17727999999999983
0.17147999999999994
0.1833159999999999
0.17966799999999986
0.178152
0.17598799999999992
0.18096399999999999
0.17281999999999995
0.18002399999999996
0.18471199999999985
0.17592399999999997
0.17662399999999992
0.168916
0.18817199999999992
0.17710399999999993
0.16797199999999993
0.18414399999999984
0.1872399999999999
0.17845999999999998
0.183588
0.17227999999999985
0.1859639999999999
0.17245599999999991
0.18360799999999985
0.18113199999999982
0.1868599999999998
0.18324400000000002
0.187408
0.175288
0.18265599999999996
0.18679999999999997
0.1855359999999998
0.1626359999999999
0.18382399999999974
0.18410799999999983
0.18062799999999973
0.17613599999999993
0.18003199999999991
0.17129599999999998
0.17336399999999996
0.18359199999999976
0.1821359999999999
0.1865959999999999
0.18080400000000008
0.1811079999999998
0.1837599999999999
0.15073599999999998
0.1644599999999999
0.18395599999999993
0.174712
0.18216399999999966
0.1811919999999997
0.18004399999999987
0.18343199999999996
0.18156799999999992
0.18210000000000012
0.17584000000000005
0.18823999999999982
0.17932799999999982
0.18499999999999994
0.1813759999999999
0.1703159999999999
0.17882800000000001
0.18125199999999983
0.1817879999999999
0.17963599999999993
0.16896800000000003
0.17548799999999998
0.18369200000000002
0.185008
0.1726399999999998
0.18199199999999996
0.17669999999999983
0.1837159999999999
