-8.811381040212023
-8.224027151987693
-7.8551539443989
-7.659607431503499
-7.486961731947555
-7.347241139808912
-7.257215306942205
-7.184233532962042
-7.104585886770035
-7.033141467628756
-6.924825390723806
-6.8913691434762745
-6.863720013329434
-6.78440890039144
-6.6673300332151735
-6.62271297522837
-6.547698336656964
-6.521811563177031
-6.475936858499329
-6.422980120707807
-6.346724859317132
-6.302119895838173
-6.24586536111496
-6.206222444918645
-6.117295135746449
-6.061564644910848
-6.016854964701439
-5.946610453926956
-5.956475645798257
-5.873719156331678
-5.872584319798937
-5.864998640210953
-5.84193585532703
-5.812477884317089
-5.796077415093561
-5.780036381940662
-5.714409804676263
-5.733409584365786
-5.745406672889632
-5.6660721004170345
-5.6155273348289505
-5.62304757722479
-5.581122812077037
-5.558074215272095
-5.465429414576708
-5.472835100084102
-5.431898814945623
-5.426684596155049
-5.385167350397038
-5.367853038556572
-5.313518443832699
-5.273222338029395
-5.220080768651287
-5.20517828131967
-5.1974271287350176
-5.1474754677454495
-5.192877675788248
-5.186758443550367
-5.185276038375184
-5.1596969327635485
-5.155598844552609
-5.154208104495707
-5.1446044368595745
-5.104130349758271
-5.114228945726185
-5.100927709962082
-5.098685975737024
-5.072168101022603
-5.061171687958957
-5.0353711506602545
-5.074791292148119
-5.006917829207753
-5.000948416646642
-4.957642726479781
-4.969631220738059
-4.966158084644288
-4.926201484060884
-4.941671747601711
-4.938258948970691
-4.958565182383693
-4.940915726926455
-4.942293967891319
-4.954200076236793
-4.956556706812288
-4.9266136274436825
-4.943959997247886
-4.9418483702711224
-4.951903016669016
-4.942284359215598
-4.9427598648234286
-4.931620032077634
-4.9226378580068495
-4.946555693961083
-4.917466952895822
-4.897566771823062
-4.908960908605087
-4.891339526681105
-4.903300809170805
-4.877248190329747
-4.926864987518474
-4.909924695533676
-4.89451995962817
-4.878858206763901
-4.834099728782633
-4.818935074366484
-4.8364475914916065
-4.818077777317419
-4.831119112578274
-4.815631588734751
-4.8150271298664356
-4.80771823155717
-4.789832821990275
-4.769218650982129
-4.807830931391701
-4.776825472302033
-4.763340948792725
-4.776942867973524
-4.779435792265475
-4.7137535410673514
-4.714313861663189
-4.716749743645623
-4.692627953113795
-4.6660743099511555
-4.661810438013255
-4.648534907728317
-4.699728967986902
-4.6557466217108905
-4.620156361298416
-4.659437917636732
-4.634249170184415
-4.605710293137872
-4.632857934762542
-4.614660163451767
-4.630442675498441
-4.619278542627875
-4.5922526914065545
-4.626469855912893
-4.612204248907231
-4.613830191990434
-4.6245906257823854
-4.577172138041676
-4.59703253786412
-4.587513494213436
-4.576370274886643
-4.583156838095792
-4.588680558324272
-4.553785415075575
-4.5397202999691215
-4.494645316190645
-4.501177358868165
-4.464636215769507
-4.5106618680122725
-4.489526584643337
-4.456361002274511
-4.457533943712817
-4.442787038469818
-4.441117618874449
-4.43022702606534
-4.427730833061629
-4.434890450022474
-4.413194996288999
-4.44474633878015
-4.433452357451372
-4.4285058224282485
-4.387842090702745
-4.411227196901724
-4.40113426123115
-4.383169523971052
-4.394179419209561
-4.395016517381309
-4.404837481775597
-4.3948997469625075
-4.385978551893088
-4.370518980860391
-4.347295124393948
-4.354699965177787
-4.3667103989259
-4.378750259606724
-4.402512379919807
-4.373674605632354
-4.377741460282398
-4.352505385982986
-4.3655954742665966
-4.3668131040061775
-4.357882992584713
-4.346003807024843
-4.342642091297162
-4.364391640616003
-4.354960737391135
-4.365499405909437
-4.338076088882856
-4.3616884469412165
-4.379709224211385
-4.349350931879031
-4.364181034888141
-4.365768328023543
-4.367465598917896
-4.348312416195093
-4.3220653669054405
-4.346209013526673
-4.348287861471002
-4.335992750368266
-4.342663240621619
-4.331507383093437
-4.326596361313642
-4.357162818765294
-4.345373562552165
-4.360262985844106
-4.331149130500215
-4.345334667260377
-4.342343449006067
-4.361350433331492
-4.363261703241784
-4.355846438290536
-4.359915185930779
-4.319992687822793
-4.331362778554575
-4.337692919529219
-4.342522865759931
-4.339645740119739
-4.3294347612766115
-4.337857238497573
-4.354672048959666
-4.317272678551036
-4.335160223382302
-4.328636187238417
-4.326407428046316
-4.33376887109856
-4.352323533222243
-4.330140979844909
-4.3334302940359
-4.32888365988934
-4.349547184836637
-4.355196647062844
-4.346639668271502
-4.32743186593344
-4.343119967205053
-4.324728429898779
-4.335142287231568
-4.337053613851423
-4.332516215160215
-4.324145206203969
-4.3281361491442185
-4.3026486188128565
-4.318699788819717
-4.320378612097834
-4.347864495193241
-4.325498784969634
-4.308808311300449
-4.329939621588822
-4.327095339390818
-4.3377404518006095
-4.312380717652995
-4.339200749235301
-4.340530386631564
-4.326362700384608
-4.324559481922938
-4.311239892918801
-4.3402923291260915
-4.334632426352153
-4.314103167198458
-4.335207590231791
-4.2937860947901045
-4.33909807183054
-4.335889676501097
-4.321320377145307
-4.353614896911444
-4.344019895165225
-4.323357691017485
-4.35324019669326
-4.335009583092286
-4.346655994529045
-4.352312213291145
-4.309577857367012
-4.351588270364921
-4.313611975908396
-4.3218638126646995
-4.3232294584776545
-4.346741666377463
-4.332164135198487
-4.313423802868009
-4.352234472673338
-4.332484813457976
-4.332448135619436
-4.3404892608588455
-4.334690707467393
-4.312301636209366
-4.328490350780212
-4.3451945481713885
-4.33657891421993
-4.325770182205494
-4.3566919617173685
-4.341772295605426
-4.349344741079244
-4.325642907548548
-4.339925670072472
-4.321322542016055
-4.341175066662458
-4.34689031229747
-4.323378519600788
-4.345259572625825
-4.353587839308265
-4.3668397773537295
-4.375300339525062
-4.3307446928072615
-4.317861635312977
-4.352676574591474
-4.332889641275085
-4.321296091712598
-4.321070620900762
-4.313875913028607
-4.303083921485023
-4.312465915447929
-4.3290196659072855
-4.321171313718483
-4.316998424533293
-4.324678468065368
-4.320473943301161
-4.300388433330065
-4.292099860064238
-4.312623074140077
-4.289231075227189
-4.294168632165367
-4.297190158790156
-4.293501073657766
-4.312487216740892
-4.285230326855151
-4.291925436806895
-4.275435024377645
-4.299363624592956
-4.26073446472623
-4.286789788580427
-4.243481251702041
-4.301529110543487
-4.272911917854688
-4.310528778464665
-4.290622982122535
-4.29140113146706
-4.265432793287201
-4.270704362863513
-4.28788037419385
-4.303111058723464
-4.287234783367327
-4.281029329424836
-4.261337708812231
-4.268003267064911
-4.279952531842068
-4.288403707690962
-4.2684580469700775
-4.285697624083334
-4.2629634801244505
-4.2873386945845064
-4.264363016266571
-4.249087169229758
-4.2453853575802745
-4.275937162029696
-4.2657550309919054
-4.27228532726532
-4.274156731722543
-4.291993558304163
-4.265975947131943
-4.261657556114922
-4.254892999838321
-4.263189139444482
-4.252850041850531
-4.2445863537881445
-4.257084488160214
-4.251688869671009
-4.2550009993409095
-4.268278032120801
-4.249649680650183
-4.263057069734798
-4.264180307837562
-4.258867283090574
-4.247775201720802
-4.277638179013261
-4.276214674870754
-4.270780099797527
-4.277143032564379
-4.24777817002386
-4.255530754485661
-4.247740649572544
-4.275273412403198
-4.278567466786962
-4.289850150426989
-4.251086758921617
-4.243993117100812
-4.2872484244525255
-4.2738482897123555
-4.265372983441798
-4.266243436984077
-4.262188617452922
-4.267203149263201
-4.269172127353212
-4.281081197321987
-4.258892376238171
-4.27869695964807
-4.258248494811094
-4.2566995545547375
-4.261919881041632
-4.258655049235353
-4.245087449286007
-4.277824220125115
-4.24667338142134
-4.247697279461232
-4.260851895938701
-4.25070352638901
-4.260421664762907
-4.264429525302484
-4.258554801444308
-4.271806712465915
-4.258292933015154
-4.260056264280611
-4.283639882844695
-4.281960893468782
-4.278422859208969
-4.268353814156196
-4.262644378545244
-4.257404591014568
-4.25504805299375
-4.265181857753827
-4.265519890422137
-4.24848166283894
-4.275148516541138
-4.263444468499231
-4.248405053289951
-4.2391457360712606
-4.2553644290910455
-4.26058445088163
-4.248760368417179
-4.238381551301614
-4.234504553637817
-4.279669183895163
-4.272829565720311
-4.248130156647758
-4.267954135182962
-4.272227621554092
-4.24480497053966
-4.257945408589266
-4.263645583877608
-4.245505802453681
-4.225796355879609
-4.278930497941324
-4.246704278878491
-4.222541077171913
-4.228297063787494
-4.274466558781111
-4.230310547137474
-4.2453301751126515
-4.2676821439375034
-4.275320033021569
-4.258851985276856
-4.249380250797195
-4.251983661621363
-4.214722865478051
-4.275654789308988
-4.2725172340276085
-4.219976413360194
-4.259177933511049
-4.251710567289569
-4.256793792345539
-4.262449731263837
-4.228324576389132
-4.253029189889282
-4.250494585275935
-4.2207215944514145
-4.236855213072489
-4.231069834330879
-4.263047765818943
-4.24761673299433
-4.225439309687077
-4.231111150848844
-4.220074946150009
-4.234894265255424
-4.206993665651555
-4.216640770927189
-4.218328406890293
-4.253533368634532
-4.240849802612577
-4.213935356656893
-4.226715633743032
-4.202706051731045
-4.218840304381216
-4.246888965042126
-4.215485280337147
-4.223286345346109
-4.199961928864366
-4.229629719940532
-4.241879668942044
-4.229277615660089
-4.224127350000867
-4.21180709306315
-4.208903251451826
-4.214189867614169
-4.220615793994905
-4.213668033329994
-4.231228216821294
-4.226559799100434
-4.226075695795226
-4.207824617863666
-4.214458117082366
-4.24581772456313
-4.220319657075378
-4.240588153481073
-4.208647213094804
-4.281811494970241
-4.217994360298961
-4.2203881654544695
-4.208397189896655
-4.23161062052685
-4.202286308771187
-4.205275728833023
-4.2131627306844175
-4.20519251278947
-4.23816297931377
-4.209699261377819
-4.216509128936369
-4.206071464865706
-4.22813798955545
-4.1939165259341475
-4.201856969254228
-4.226257412031129
-4.228261439021843
-4.235612312489647
-4.160514390085131
-4.19217186319363
-4.207924310402607
-4.205858045193021
-4.232880402159194
-4.2212693343697785
-4.202344488772417
-4.215304965477847
-4.182032626999663
-4.218883243324666
-4.178094810458742
-4.214671643083109
-4.224268852676751
-4.19168648731545
-4.194410070751252
-4.218271658519791
-4.23460079964331
-4.209826084092038
-4.202275487693998
-4.211557662522125
-4.203456966529169
-4.190575672918365
-4.214723786567638
-4.1925064081481915
-4.204228521688493
-4.220446454212607
-4.1983211672687135
-4.212270289100509
-4.210529256765171
-4.203199939279471
-4.180165927519891
-4.192730514946345
-4.221292795718129
-4.196413917118252
-4.181631721749701
-4.2007748823036835
-4.209191586136851
-4.1974728972919015
-4.202859640936396
-4.220136918192271
-4.2217761950218655
-4.207583910568272
-4.224931454512353
-4.20307798603996
-4.218879687378734
-4.217024026271025
-4.220094702927821
-4.190520817334089
-4.199767893416752
-4.212475334145157
-4.1980317220603025
-4.206023810877236
-4.211416090478112
-4.192839192273582
-4.196979596265737
-4.20483173378277
-4.190991211369475
-4.215243015309514
-4.1966808698700415
-4.188266605372135
-4.233659296260016
-4.221127442775076
-4.211397235506233
-4.175973883175904
-4.2222844266304085
-4.2122583279780965
-4.18175463231644
-4.198935308635938
-4.2088616855761805
-4.195067858068584
-4.195650333061135
-4.202707915477598
-4.192245268527806
-4.213466346497303
-4.193545821239434
-4.212071487017346
-4.2054356472572705
-4.223855146908348
-4.214737435668114
-4.215714070358516
-4.210743618950333
-4.177560813105612
-4.220534693337203
-4.210112187976832
-4.201395652141742
-4.190904047958001
-4.206358430569227
-4.191453990200769
-4.1887960080484286
-4.211723807622607
-4.2094530033375355
-4.181080367262869
-4.200644057202945
-4.190262153633768
-4.201069983683526
-4.190442865804405
-4.212032915352974
-4.192852340960144
-4.202906055838226
-4.22632124070137
-4.217808742559
-4.208873221164314
-4.227478284889865
-4.202511790349061
-4.184347098084098
-4.2158653928125025
-4.209105779628129
-4.1954598969217285
-4.215961276580246
-4.206344917804634
-4.221667820377256
-4.191802966990184
-4.208251500863364
-4.2367435267496365
-4.186236572346346
-4.221689423471901
-4.200109614676851
-4.203787100306211
-4.2071313328384
-4.200815893772774
-4.1716051171148445
-4.200696410120466
-4.222660498326165
-4.203143801699299
-4.211291067664799
-4.176226878918071
-4.205718806741385
-4.1932437469287835
-4.183091034168177
-4.195253217967711
-4.2036281311439705
-4.2145950143588395
-4.214932916350937
-4.183349101699208
-4.2194943929126465
-4.214903412864129
-4.198531208194558
-4.194314409236451
-4.172793525211167
-4.200155561448465
-4.190168813616382
-4.179383187063614
-4.1870314645104845
-4.1796155349974065
-4.1771280251009735
-4.203629072363555
-4.183934170770019
-4.188574514001809
-4.193846904633196
-4.1994266537106935
-4.173435991184444
-4.1810632933321825
-4.186239986205185
-4.17820707972099
-4.199645293052789
-4.200046637026798
-4.204523239379885
-4.177092821752082
-4.1937989132823805
-4.192631642871812
-4.1820927508082635
-4.1853506926073365
-4.150546092137857
-4.169810683374307
-4.172601214404053
-4.174014985974693
-4.154509276918569
-4.1832308032789225
-4.158950572082772
-4.149411216242765
-4.142845187852331
-4.187023164264995
-4.173633671656926
-4.18658661229749
-4.1671352546848865
-4.172755492318664
-4.184713136334555
-4.173640065123121
-4.169383090506308
-4.1729178467514085
-4.1979701261428275
-4.164091304222555
-4.164336809319797
-4.159895889142927
-4.180568638475589
-4.178356424090675
-4.1745515015152765
-4.191803048034595
-4.169274814980692
-4.169489178693042
-4.166736477845588
-4.154593690962138
-4.171414008919025
-4.171177244561003
-4.160398781066625
-4.167957310845086
-4.169334267825728
-4.166878051966024
-4.188891452071362
-4.169406412131765
-4.178957637063758
-4.186395072885157
-4.17939471064988
-4.159175045487767
-4.167978877929689
-4.154945044502771
-4.159849005874754
-4.161770031862911
-4.162673482587183
-4.17407188569094
-4.160700546799837
-4.18018742813874
-4.160260006967708
-4.1587393187862896
-4.161781024914611
-4.156517189778257
-4.1521114601136615
-4.191035370521038
-4.15170869854158
-4.169937428410805
-4.164669841617473
-4.163793170877002
-4.176649230370693
-4.173690458489171
-4.171835582917663
-4.149957380309828
-4.168619063561165
-4.166799455086915
-4.194814864159988
-4.183434076427105
-4.179719409740262
-4.154017149335751
-4.1826787415117
-4.201852902365081
-4.188931199025603
-4.179208042593286
-4.1857537263591755
-4.175704589875426
-4.166639028021444
-4.166858071382407
-4.18270513349458
-4.188281048296207
-4.173404529955573
-4.151228550946329
-4.179296975239048
-4.172363359383911
-4.1816569350283395
-4.169790836296947
-4.144673672151258
-4.150936725677379
-4.15095653025434
-4.154013333078007
-4.162346133194322
-4.149381438479408
-4.146010046973623
-4.150120938738211
-4.162728623796053
-4.177765689509143
-4.169088921379395
-4.1679371096599
-4.157179859085018
-4.162706838535693
-4.155515209221038
-4.121691292968124
-4.151253463396373
-4.133655832462476
-4.144434163707445
-4.158039790683183
-4.110346154790264
-4.171505096962988
-4.14829985949077
-4.160203061098599
-4.124139788365234
-4.153607410495104
-4.150889297735279
-4.131715822793995
-4.1381914620304325
-4.134836171767705
-4.1550709073809085
-4.1357471444249185
-4.163510607854157
-4.134602389824838
-4.142001507821124
-4.154148257834753
-4.159499503112685
-4.160032401192578
-4.1550504029476505
-4.139010033078551
-4.14957229167646
-4.128024598026895
-4.138739209423386
-4.155125689874802
-4.15514130217501
-4.134626436201155
-4.1579082393928175
-4.117158223920745
-4.164233455982359
-4.159125393589236
-4.122916930115233
-4.137014494680504
-4.133158643299309
-4.154271398421113
-4.142100855010145
-4.128802772921896
-4.147660921260431
-4.141201268820622
-4.152058968465479
-4.1268762303920905
-4.170740105026979
-4.155955135727542
-4.148641337028579
-4.122119608760681
-4.168697961891696
-4.180928045150924
-4.136844564025884
-4.115307689514264
-4.121804863512536
-4.121289402326128
-4.109115514045253
-4.125442782304359
-4.113129396320144
-4.098002650029842
-4.081246039715335
-4.122679802732798
-4.1141571652175
-4.104325618031013
-4.124999076485463
-4.1199623721402885
-4.128017638602947
-4.124417863648033
-4.147050652555956
-4.1331409338274225
-4.109300625662864
-4.118757477580432
-4.129770056091698
-4.136322907628687
-4.134350055563516
-4.137683991558088
-4.154649959314806
-4.136493936094664
-4.130858286942897
-4.1068426566059255
-4.1153642763491485
-4.120558290993647
-4.114482974341209
-4.132455736194886
-4.119183513294949
-4.125287143914701
-4.139384232215061
-4.095796782389943
-4.096373370685479
-4.129583139435615
-4.094304687669788
-4.1177835270996495
-4.136841266466507
-4.0947342044428625
-4.114907783089518
-4.141439815533675
-4.117783594248074
-4.117201184004463
-4.122107894271502
-4.116686095491503
-4.1328890639535185
-4.10039017863484
-4.118250931641191
-4.1181478552976145
-4.1143457856265755
-4.090122572217019
-4.108356446590772
-4.1189467283780665
-4.129167857680932
-4.11064469106921
-4.124581432310694
-4.113251843711152
-4.094979697289083
-4.124842250282191
-4.120374165790923
-4.086141870927097
-4.07665022597957
-4.100571776180484
-4.107100333786705
-4.12414761020524
-4.140754082690219
-4.111043894567005
-4.110293020958825
-4.105723721596625
-4.080308874254627
-4.115018411382324
-4.087776535236154
-4.118868065983521
-4.099784499422565
-4.098325630705734
-4.113037677753199
-4.109645300344227
-4.113147139975227
-4.112068997409988
-4.140839142496765
-4.102282830045872
-4.095282823731671
-4.092501714909725
-4.10017037903033
-4.0855391916113355
-4.077774444786561
-4.091297785864363
-4.060722099828526
-4.082268459421321
-4.0969475118188825
-4.099088004648572
-4.058884275972497
-4.080616355774588
-4.074057192746296
-4.0547067819419675
-4.076524255335334
-4.0813323215954
-4.057504086202589
-4.051012658410047
-4.0656764258363856
-4.088646521953583
-4.072244259698184
-4.094134247857969
-4.077830607863539
-4.1011669193022975
-4.071753283868614
-4.051829226499972
-4.034130527013847
-4.081167424038617
-4.066111031631846
-4.057441185152725
-4.084532469779932
-4.062249639863049
-4.067354547473694
-4.033229383122989
-4.0897982604274
-4.076926675316221
-4.053229747736931
-4.084804055069529
-4.045991367143092
-4.085204345741478
-4.086128043100971
-4.0515605597354165
-4.072575427236916
-4.078125979079528
-4.1038472590556605
-4.036603408424034
-4.052329344921033
-4.060221495828281
-4.0714903282287125
-4.069787054739438
-4.045343093831135
-4.019249593690046
-4.060346914304718
-4.055410048072743
-4.031579861878273
-4.04137985685454
-4.039807031532726
-4.045144174274588
-4.056855882921663
-4.080376158635241
-4.067948208298275
-4.048095915221197
-4.058371583851006
-4.047933711556454
-4.045277123688866
-4.048340486590829
-4.030559093446323
-4.032892636743182
-4.022299155100142
-4.013140384788795
-4.044456387100942
-4.03928466698115
-4.018763046716761
-4.0477870854862275
-4.012525190694163
-4.02341352936398
-4.012754598278334
-3.9813308104938625
-4.000584554690971
-4.016515707268721
-4.025776677190854
-4.006911846584629
-4.003390812124865
-4.020284450279131
-4.000152984244123
-3.985322184776672
-4.0134448316978215
-4.011640554062673
-4.005240619493808
-4.014282181262435
-4.028482745055646
-3.99659738525227
-4.012780413604328
-4.039798531726868
-4.0221547938988484
-4.008006633489454
-4.045986582374308
-4.029061334320163
-4.0071388814529865
-3.9971721415732264
-4.056603299591025
-3.999231960766159
-4.033552573894372
-3.9832608640074487
-4.003606287776765
-4.019177954651787
-3.997331242449963
-4.029941027603226
-4.015734226472082
-4.000996838011265
-4.008187458042326
-4.024411374922848
-4.021418073513259
-3.9887203631101964
-4.018519829289628
-4.008412203854396
-3.9884433834752535
-3.9907929850271326
-3.9926017970806886
-3.9945934239451217
-4.004323077988659
-4.008857669871313
-4.004596866516495
-3.9948256194119356
-4.001097641618562
-3.9916557850057135
-3.9916209690528826
-4.0092480428911905
-3.9646909294672743
-4.020371492307035
-3.9884742719351682
-3.9987970004034223
-3.982010079967716
-3.991987544139072
-4.007037635015963
-3.9830830913044974
-3.9912897414594726
-3.987999914065108
-3.982560772098547
-3.985557697424129
-4.002843597054174
-4.0008679176255475
-3.9931729852583002
-4.013548689752628
-3.9736576704702515
-3.9897059630644764
-3.976650933024782
-3.997350904549241
-4.009933198785797
-3.9858505225832754
-4.003307055133322
-3.9978892297139397
-3.9662313355157877
-3.9780450102482847
-3.9871282576430316
-3.993290930508142
-3.9972346790514717
-3.98154955284903
-3.9985274128718356
-3.9794487087230688
-4.0184079883914015
-3.9826770144064887
-3.967669813620538
-3.9938126128246165
-3.9737983224596407
-3.9821324242861738
-3.9747870832846597
-3.9938097982116596
-3.9900389281182265
-3.979427423967916
-3.999229503791791
-3.9741067768238825
-3.9911360576702197
-3.992575683158691
-4.000709015459085
-4.003379332078899
-3.986445807561477
-3.9885092874755634
-3.9985679724779573
-3.973069930835689
-4.000361167154173
-3.9912635587586704
-3.9743415877536523
-3.995577471704785
-3.965914280288715
-3.9874173538145197
-3.9860558139975506
-3.9807344635863684
-3.9966596780536876
-4.00032417294447
-3.995514514440041
-4.000057732225521
-4.014200714664858
-4.003364077345521
-3.985490488310134
-3.9826153504306996
-3.9805571387045693
-3.9881279041277464
-3.9621110980153755
-3.9911341413544124
-4.0068762148288375
-3.970777881969421
-3.98762036640696
-3.989244479265377
-3.9718230161106947
-3.9723587397451428
-3.984537679716031
-3.9696448102646213
-3.991804546119729
-3.9800902818329043
-3.974979252944136
-3.9757529727745773
-3.9822426402657554
-3.9756498401417533
-3.9965399768856265
-3.9739339572699977
-3.986709661810066
-3.9800715387319827
-3.9795386050595294
-3.969924050651453
-3.9743142045981266
-3.9867067576408464
-3.974847032887461
-3.970793859019874
-3.964253633917333
-3.9781201326637916
-4.009063026421498
-3.964602160494444
-3.9552205318558022
-3.9797932139084122
-3.9786680398733902
-3.9883318135290744
-3.9798105580619407
-3.959850529346864
-3.9424197644334993
-3.974834799576069
-3.9565542864186414
-3.9685572720850075
-3.9759257794722096
-3.9656618483177994
-3.9801214592163503
-3.9923461660647956
-3.9512947236801366
-3.975121555483964
-3.96282890657161
-3.9627475700433283
-3.9669091930779543
-3.9582622569409356
-3.9823642622874877
-3.989698690977266
-3.9441803741144263
-3.9680733657739804
-3.9577817647330544
-3.9606256860445357
-3.9438017490745834
-3.9588682339393033
-3.9763659667177604
-3.9759337517874327
-3.980772052664219
-3.976524068069905
-3.958049646702958
-3.9829131810880636
-3.943514846285871
-3.974284327896502
-3.963362281011439
-3.942983007879796
-3.9820576518511244
-3.988379127385362
-3.9705261327326555
-3.9867292490382185
-3.950960268379414
-3.961736836566481
-3.9758508592480495
-3.966895348750761
-3.961790769286119
-3.9783571477902404
-3.9888843789407353
-3.9614970162376397
-3.9441485204323867
-3.945886403244748
-3.9593127057442126
-3.943643571501362
-3.9516633884559305
-3.9386174549389734
-3.958619387863108
-3.9421653050907275
-3.9748447083317284
-3.956448850574528
-3.9419339474838426
-3.954793309239415
-3.9562735413630987
-3.9293101328003543
-3.959306661600039
-3.9646262590169403
-3.967221510609252
-3.976278977846894
-3.9528034445754696
-3.937796262750161
-3.946411694396066
-3.946226992246635
-3.9337463253463043
-3.9439138186854588
-3.928385377383983
-3.9532594312077185
-3.9696638752426474
-3.946591844498945
-3.9484129891815782
-3.930646625667252
-3.9589218175431866
-3.966642737121845
-3.9515353663723323
-3.9691202658210147
-3.961624108134205
-3.95957780581557
-3.9595584408838924
-3.937836214725456
-3.9390694962729693
-3.9500369764369334
-3.9452467749372335
-3.9327777737716945
-3.9574197069420562
-3.9537768916276765
-3.941741944538141
-3.9541005518123837
-3.945495888794627
-3.971498399451436
-3.955919375287869
-3.9634644851191463
-3.993876774184423
-3.9569069743584753
-3.946966708278148
-3.946169079435232
-3.958670969710838
-3.9643718266287022
-3.9544332209148694
-3.967281977530663
-3.952725278672174
-3.9687937823755317
-3.969741276791148
-3.9554869044175804
-3.9451511893533366
-3.9577720241041123
-3.9550192793469665
-3.961106380899791
-3.949478129346496
-3.96732429753673
-3.950371135349763
-3.962338634833854
-3.9327356048408872
-3.9549964024435997
-3.9627764587484737
-3.956014291672521
-3.9646999657607576
-3.9429200475940167
-3.972408794071504
-3.9731541353328352
-3.948365371960024
-3.981589227048779
-3.9476886404386526
-3.9571061905806255
-3.95543579034433
-3.9763721529954204
-3.954055517598756
-3.9605879209143056
-3.922681038723388
-3.9849782076100047
-3.9440251447012837
-3.941307046758078
-3.9807664604255835
-3.940258674854469
-3.9548435950512957
-3.976687489785425
-3.929381110202849
-3.9556795917171983
-3.9275652260759695
-3.9611111801015806
-3.9565156690050367
-3.958681742612688
-3.9327493992739897
-3.949000057241492
-3.928699316122668
-3.951745580070407
-3.943501440098641
-3.9374023161536233
-3.9322109595227577
-3.9341896440491255
-3.9391860393832974
-3.9513011122175787
-3.929809769191045
-3.941011688370776
-3.9495780872176804
-3.9408768009959885
-3.932138345423058
-3.918228507116221
-3.9454702566558284
-3.958801118882548
-3.918238053434449
-3.951585392396874
-3.960978193922676
-3.934266499912659
-3.9372762842131657
-3.952143653204601
-3.944300786556297
-3.9358264840601804
-3.9353673901173214
-3.9185190267632835
-3.953641216978827
-3.9477431685446764
-3.949888933941378
-3.95779392437156
-3.9253381497364783
-3.9289608091283554
-3.9590691050075186
-3.9306329634980477
-3.9266355070597223
-3.9262705640908386
-3.938261193249633
-3.9227399252704993
-3.907086825421698
-3.941557260496512
-3.9318713932505074
-3.940197035614964
-3.928390297289028
-3.910806393922565
-3.9177888044936355
-3.9493326624208023
-3.9254126352514875
-3.909414025788656
-3.9256260745638567
-3.929428825869593
-3.927377599397212
-3.9308573187251965
-3.9144589990350043
-3.929502971841641
-3.939547917728319
-3.9216841779217173
-3.919954560982319
-3.927258586392384
-3.914154131353705
-3.9172060309254544
-3.9199432185584984
-3.909514652526875
-3.924394147757237
-3.9234724801006506
-3.9006959532368253
-3.9409639521256334
-3.9189082321397524
-3.925057516571149
-3.901075480062519
-3.895557365900034
-3.914344324284458
-3.9054499466261716
-3.896357830188995
-3.9237343308301638
-3.8969011988067046
-3.9039296328681856
-3.8862213947816047
-3.9132827985831735
-3.9180799446398105
-3.8936558008986144
-3.8961797871352752
-3.8921121380055905
-3.8970704579481166
-3.881739003392391
-3.899030417866269
-3.883122747509587
-3.8804555026940437
-3.905250623416525
-3.9100620809546127
-3.9033719366997763
-3.8784403216594177
-3.919496304595188
-3.895614912877973
-3.8904054728142268
-3.8759870424465572
-3.871949059518167
-3.8649497710354326
-3.886444526341604
-3.873914744612234
-3.8932988328489757
-3.890999102389096
-3.8793946746345047
-3.87507703561148
-3.9047673755752736
-3.873918862428326
-3.8854918579463185
-3.9014595765415
-3.8818115815058043
-3.8848729963144883
-3.859311172661076
-3.866739435163526
-3.873293578414734
-3.870413634038777
-3.8640672205755933
-3.88944100498635
-3.8753283798086944
-3.8724926796246177
-3.873256052075385
-3.8587740094756544
-3.89401224223265
-3.8841463832347864
-3.902085016382356
-3.860035779858961
-3.8700026715410143
-3.872182603926179
-3.853741921136461
-3.856648073947142
-3.843809564275432
-3.8717532489092075
-3.8577373737379785
-3.8821005205395607
-3.8417808238042634
-3.8345188816504283
-3.8682336716997154
-3.8581944805320876
-3.852164394028124
-3.8541695106759106
-3.8498627694688725
-3.867346326974651
-3.8595895896016588
-3.8495790751502215
-3.8634756909472343
-3.854616566058949
-3.8467613079325913
-3.8394972791058524
-3.85610156923093
-3.8592126552127577
-3.856077930803612
-3.8596227461447876
-3.8396205237502827
-3.858400277166744
-3.8945325247554483
-3.867870567384459
-3.8586489801547437
-3.8558284677311168
-3.8604210319200716
-3.8610748973679967
-3.8627872735376543
-3.8850091316276187
-3.8561341041496053
-3.867575462703148
-3.861048225563996
-3.877036394196759
-3.876292699197311
-3.8578005787670033
-3.845858196681162
-3.8472634446868295
-3.8623627346520357
-3.867036903803882
-3.865730901155615
-3.861372888490941
-3.8499781368316004
-3.8642960182564186
-3.8505604521436676
-3.8556414619961545
-3.8462551863973626
-3.856250367402799
-3.8693022795456176
-3.8521372341072135
-3.8549635855317486
-3.865157465473701
-3.8620095656577154
-3.8550585273453906
-3.8446674120982682
-3.870786753457775
-3.843686305971397
-3.8621105929441604
-3.883057820009964
-3.8311565779290464
-3.8566886128034157
-3.871577818334889
-3.8728806712808224
-3.859571401606096
-3.8503821529764286
-3.876439878229297
-3.858115207887504
-3.8575298648275838
-3.8724157973083253
-3.8604083139155345
-3.8673063876240716
-3.8646472912512593
-3.8611031156388855
-3.8552543933220447
-3.849438717563412
-3.862896913098754
-3.84135201003789
-3.8442116111795825
-3.8658456990785286
-3.8480046327219504
-3.90103967642137
-3.847957725268161
-3.8656738464013016
-3.859643263081604
-3.8844864990482306
-3.8517689437560416
-3.8583717982711145
-3.877244967719205
-3.8583384629560653
-3.8804090464550915
-3.8808928208276314
-3.8464824671694346
-3.8342690220471196
-3.853087316131671
-3.8418161153250865
-3.8343265184127677
-3.8343093431987385
-3.8385450747511025
-3.8587847525305397
-3.849370940983943
-3.8582689574767146
-3.862151420065621
-3.8344726023944604
-3.8261792848685765
-3.8400493513012934
-3.8445077347257155
-3.847752909183362
-3.830744426462424
-3.861029692394089
-3.8473817048726904
-3.848727232216206
-3.847391183743145
-3.8482994940883914
-3.8383852995593073
-3.828229903019728
-3.843349013290391
-3.8809574756996725
-3.833069889130871
-3.8117164338163843
-3.8430509319003723
-3.839418216583368
-3.837216151950496
-3.8470613658564354
-3.8499070918608753
-3.8513612010568608
-3.843846195912653
-3.848525143950042
-3.836909442647029
-3.8408185659809364
-3.8462948782745836
-3.820077238888624
-3.8229500632287574
-3.8323739417757743
-3.8382068879162152
-3.8296202588565813
-3.869812721203204
-3.8649634280597898
-3.8659483867366387
-3.846067782691245
-3.854221469263528
-3.851509068207642
-3.847573447976595
-3.839434148525977
-3.8541953443196153
-3.83713626277898
-3.82030291078384
-3.8362512198045873
-3.836621141305071
-3.833443920750107
-3.841447782267507
-3.8447441549353742
-3.826054169570632
-3.841850744890954
-3.8278127142632177
-3.8335596751270957
-3.8279501532985
-3.832832050116733
-3.818183304226684
-3.811987305505055
-3.8249723602523087
-3.8144716831506273
-3.7895946910160934
-3.817166902058818
-3.821937574333636
-3.814630473018089
-3.8261705716921415
-3.818332963592988
-3.8197525710417977
-3.8303549750566344
-3.8099507199872704
-3.8105754894647546
-3.7927922082327865
-3.825759957298771
-3.8174962636743817
-3.8514634655484707
-3.8228996860728266
-3.836068318475973
-3.825221911299881
-3.801049265794422
-3.8097783877443505
-3.8153663687564734
-3.8248415154646067
-3.846343944527141
-3.814345632101103
-3.8208344846666757
-3.8149335641881343
-3.822270053114269
-3.8327154486016677
-3.8246687175395517
-3.832923928587831
-3.8128290106307343
-3.8074385614353927
-3.83354235313317
-3.8465476839255803
-3.831359936680569
-3.8375319962756462
-3.8269113010590603
-3.8190604883318016
-3.8116508590397995
-3.83950488207216
-3.8183890635111264
-3.813683509621524
-3.81573927214349
-3.8157097697949287
-3.82377827097351
-3.8038371754212443
-3.8430558116281945
-3.818175385254627
-3.799698730277482
-3.8236737252923088
-3.808884778740012
-3.8069329906296394
-3.8089991549412296
-3.831637327194837
-3.829982174580429
-3.8088708493820214
-3.8186164573204735
-3.806490443844725
-3.810458003275037
-3.8137533389827105
-3.7880930952499416
-3.823037935491375
-3.8052936604391836
-3.774488497380288
-3.788932643651955
-3.796011018504751
-3.805381603884767
-3.7955923734475077
-3.797106160940184
-3.8019480448934364
-3.813336773735051
-3.7970638457449932
-3.8098488651283007
-3.8183779235518345
-3.8014535967060463
-3.8051684569846707
-3.799682744783542
-3.788717762304708
-3.8080411898112994
-3.802555358078529
-3.8052701973074985
-3.8066687484959743
-3.807630917423083
-3.8033597451232155
-3.7907587186455927
-3.7955440046987077
-3.81716447821226
-3.7852668425540332
-3.823394685291593
-3.7906561559945904
-3.7941428142974907
-3.776580338635842
-3.814339507622413
-3.7963835715627
-3.8040862810981704
-3.811201060428017
-3.7670215031646643
-3.782034887050346
-3.7817339324705905
-3.8030677198196963
-3.7981125473965687
-3.8030575624645873
-3.8195128148533364
-3.807157693947923
-3.8053621361424423
-3.8029003847819483
-3.812958912927561
-3.7986357154345165
-3.792785959024183
-3.778656798880334
-3.7921137113338244
-3.8076186925387123
-3.805178412814117
-3.7991790258044245
-3.770437478368446
