-7.718370971692949
-7.184588041433742
-7.184588041433742
-7.051103293238612
-6.851151240786089
-6.725048082283011
-6.725048082283011
-6.6073657518334885
-6.487672253734702
-6.487672253734702
-6.432521051150041
-6.432521051150041
-6.3139300699011445
-6.296268142084996
-6.048215265888533
-6.048215265888533
-6.048215265888533
-6.048215265888533
-6.048215265888533
-5.901529483954927
-5.901529483954927
-5.775081178230953
-5.775081178230953
-5.775081178230953
-5.690996877854467
-5.648073129877609
-5.546407920129112
-5.444345138345706
-5.444345138345706
-5.321337218290107
-5.321337218290107
-5.321337218290107
-5.321337218290107
-5.321337218290107
-5.321337218290107
-5.321337218290107
-5.286893293570875
-5.286893293570875
-5.286893293570875
-5.286893293570875
-5.251238677790857
-5.187824604148514
-5.160452218324272
-5.078248333346145
-5.078248333346145
-5.078248333346145
-4.98268690710259
-4.98268690710259
-4.98268690710259
-4.96869715478302
-4.871501392680457
-4.810974987388854
-4.810974987388854
-4.810974987388854
-4.810974987388854
-4.763893145511531
-4.763893145511531
-4.763893145511531
-4.763893145511531
-4.763893145511531
-4.763893145511531
-4.649937024006789
-4.649937024006789
-4.649937024006789
-4.649937024006789
-4.649937024006789
-4.649937024006789
-4.649937024006789
-4.621994934532382
-4.621994934532382
-4.621994934532382
-4.614922998217076
-4.602460724744636
-4.548099072676931
-4.548099072676931
-4.548099072676931
-4.548099072676931
-4.548099072676931
-4.548099072676931
-4.548099072676931
-4.548099072676931
-4.548099072676931
-4.548099072676931
-4.548099072676931
-4.548099072676931
-4.548099072676931
-4.548099072676931
-4.548099072676931
-4.548099072676931
-4.548099072676931
-4.459127744116154
-4.459127744116154
-4.459127744116154
-4.459127744116154
-4.459127744116154
-4.459127744116154
-4.459127744116154
-4.459127744116154
-4.459127744116154
-4.459127744116154
-4.459127744116154
-4.459127744116154
-4.459127744116154
-4.415787048055559
-4.415787048055559
-4.415787048055559
-4.415787048055559
-4.415787048055559
-4.368517833969628
-4.3379245882690975
-4.3379245882690975
-4.3379245882690975
-4.3379245882690975
-4.3379245882690975
-4.3379245882690975
-4.3379245882690975
-4.272031189850221
-4.272031189850221
-4.272031189850221
-4.272031189850221
-4.272031189850221
-4.272031189850221
-4.272031189850221
-4.272031189850221
-4.272031189850221
-4.272031189850221
-4.272031189850221
-4.17386424476553
-4.17386424476553
-4.17386424476553
-4.17386424476553
-4.17386424476553
-4.17386424476553
-4.17386424476553
-4.17386424476553
-4.17386424476553
-4.17386424476553
-4.17386424476553
-4.17386424476553
-4.17386424476553
-4.17386424476553
-4.17386424476553
-4.17386424476553
-4.17386424476553
-4.17386424476553
-4.1548395114857675
-4.1548395114857675
-4.1548395114857675
-4.1548395114857675
-4.129885010996518
-4.129885010996518
-4.129885010996518
-4.129885010996518
-4.11946867818676
-4.11946867818676
-3.9984803335216412
-3.9984803335216412
-3.9984803335216412
-3.9984803335216412
-3.990738779722391
-3.990738779722391
-3.990738779722391
-3.990738779722391
-3.9786743920289256
-3.9786743920289256
-3.9786743920289256
-3.9786743920289256
-3.9786743920289256
-3.9786743920289256
-3.9786743920289256
-3.9786743920289256
-3.9786743920289256
-3.9786743920289256
-3.9786743920289256
-3.943750333296789
-3.943750333296789
-3.943750333296789
-3.943750333296789
-3.943750333296789
-3.943750333296789
-3.943750333296789
-3.943750333296789
-3.943750333296789
-3.943750333296789
-3.943750333296789
-3.943750333296789
-3.943750333296789
-3.943750333296789
-3.943750333296789
-3.943750333296789
-3.943750333296789
-3.943750333296789
-3.943750333296789
-3.943750333296789
-3.943750333296789
-3.943750333296789
-3.943750333296789
-3.943750333296789
-3.943750333296789
-3.943750333296789
-3.943750333296789
-3.943750333296789
-3.943750333296789
-3.943750333296789
-3.943750333296789
-3.943750333296789
-3.943750333296789
-3.943750333296789
-3.943750333296789
-3.943750333296789
-3.943750333296789
-3.943750333296789
-3.943750333296789
-3.943750333296789
-3.943750333296789
-3.943750333296789
-3.943750333296789
-3.943750333296789
-3.943750333296789
-3.943750333296789
-3.943750333296789
-3.928979049905907
-3.928979049905907
-3.928979049905907
-3.928979049905907
-3.928979049905907
-3.928979049905907
-3.928979049905907
-3.928979049905907
-3.928979049905907
-3.928979049905907
-3.928979049905907
-3.928979049905907
-3.928979049905907
-3.928979049905907
-3.928979049905907
-3.928979049905907
-3.928979049905907
-3.928979049905907
-3.928979049905907
-3.928979049905907
-3.928979049905907
-3.928979049905907
-3.928979049905907
-3.928979049905907
-3.928979049905907
-3.928979049905907
-3.928979049905907
-3.928979049905907
-3.928979049905907
-3.928979049905907
-3.928979049905907
-3.928979049905907
-3.928979049905907
-3.928979049905907
-3.928979049905907
-3.928979049905907
-3.928979049905907
-3.928979049905907
-3.928979049905907
-3.928979049905907
-3.928979049905907
-3.928979049905907
-3.928979049905907
-3.928979049905907
-3.928979049905907
-3.928979049905907
-3.928979049905907
-3.928979049905907
-3.928979049905907
-3.928979049905907
-3.928979049905907
-3.928979049905907
-3.928979049905907
-3.928979049905907
-3.928979049905907
-3.928979049905907
-3.928979049905907
-3.928979049905907
-3.928979049905907
-3.928979049905907
-3.928979049905907
-3.928979049905907
-3.928979049905907
-3.928979049905907
-3.928979049905907
-3.928979049905907
-3.928979049905907
-3.928979049905907
-3.928979049905907
-3.928979049905907
-3.928979049905907
-3.928979049905907
-3.928979049905907
-3.928979049905907
-3.928979049905907
-3.928979049905907
-3.928979049905907
-3.928979049905907
-3.928979049905907
-3.928979049905907
-3.928979049905907
-3.928979049905907
-3.928979049905907
-3.928979049905907
-3.928979049905907
-3.928418843139279
-3.928418843139279
-3.928418843139279
-3.928418843139279
-3.928418843139279
-3.928418843139279
-3.928418843139279
-3.928418843139279
-3.928418843139279
-3.920581538832473
-3.920581538832473
-3.920581538832473
-3.920581538832473
-3.920581538832473
-3.920581538832473
-3.920581538832473
-3.920581538832473
-3.920581538832473
-3.920581538832473
-3.920581538832473
-3.920581538832473
-3.920581538832473
-3.920581538832473
-3.920581538832473
-3.920581538832473
-3.920581538832473
-3.920581538832473
-3.920581538832473
-3.920581538832473
-3.920581538832473
-3.920581538832473
-3.920581538832473
-3.915548761991215
-3.915548761991215
-3.915548761991215
-3.915548761991215
-3.915548761991215
-3.915548761991215
-3.915548761991215
-3.915548761991215
-3.915548761991215
-3.915548761991215
-3.915548761991215
-3.915548761991215
-3.915548761991215
-3.915548761991215
-3.9105203269198046
-3.9105203269198046
-3.8558600628789437
-3.8558600628789437
-3.8558600628789437
-3.8558600628789437
-3.8558600628789437
-3.8558600628789437
-3.8558600628789437
-3.8558600628789437
-3.8558600628789437
-3.8558600628789437
-3.7849288432305337
-3.7849288432305337
-3.7849288432305337
-3.7849288432305337
-3.7849288432305337
-3.7849288432305337
-3.7849288432305337
-3.7849288432305337
-3.7849288432305337
-3.7849288432305337
-3.7849288432305337
-3.7849288432305337
-3.7849288432305337
-3.7849288432305337
-3.7849288432305337
-3.7849288432305337
-3.7849288432305337
-3.7849288432305337
-3.7849288432305337
-3.7849288432305337
-3.7849288432305337
-3.7849288432305337
-3.7849288432305337
-3.7849288432305337
-3.7849288432305337
-3.7849288432305337
-3.7849288432305337
-3.7849288432305337
-3.7849288432305337
-3.7849288432305337
-3.7849288432305337
-3.7849288432305337
-3.7849288432305337
-3.7849288432305337
-3.7849288432305337
-3.7849288432305337
-3.7849288432305337
-3.7849288432305337
-3.7849288432305337
-3.7849288432305337
-3.7849288432305337
-3.7849288432305337
-3.7849288432305337
-3.7849288432305337
-3.7849288432305337
-3.7849288432305337
-3.7849288432305337
-3.7849288432305337
-3.7849288432305337
-3.7849288432305337
-3.7849288432305337
-3.7849288432305337
-3.7849288432305337
-3.7849288432305337
-3.7849288432305337
-3.7849288432305337
-3.7849288432305337
-3.7849288432305337
-3.7849288432305337
-3.7849288432305337
-3.7849288432305337
-3.7849288432305337
-3.7849288432305337
-3.7849288432305337
-3.7849288432305337
-3.7849288432305337
-3.7849288432305337
-3.7849288432305337
-3.7849288432305337
-3.7849288432305337
-3.7849288432305337
-3.7849288432305337
-3.7849288432305337
-3.7849288432305337
-3.7849288432305337
-3.7849288432305337
-3.7849288432305337
-3.7849288432305337
-3.7849288432305337
-3.7849288432305337
-3.7803768798254276
-3.7803768798254276
-3.7803768798254276
-3.7803768798254276
-3.7803768798254276
-3.7803768798254276
-3.7803768798254276
-3.7803768798254276
-3.7803768798254276
-3.7803768798254276
-3.7803768798254276
-3.7803768798254276
-3.7803768798254276
-3.7803768798254276
-3.7803768798254276
-3.7803768798254276
-3.7803768798254276
-3.7803768798254276
-3.7803768798254276
-3.7803768798254276
-3.7803768798254276
-3.7803768798254276
-3.7803768798254276
-3.7803768798254276
-3.7803768798254276
-3.7803768798254276
-3.7803768798254276
-3.7803768798254276
-3.7803768798254276
-3.7803768798254276
-3.7803768798254276
-3.7803768798254276
-3.7803768798254276
-3.7803768798254276
-3.7803768798254276
-3.7803768798254276
-3.7803768798254276
-3.7803768798254276
-3.7803768798254276
-3.7803768798254276
-3.7803768798254276
-3.7803768798254276
-3.7803768798254276
-3.7803768798254276
-3.7803768798254276
-3.7803768798254276
-3.7803768798254276
-3.7803768798254276
-3.7803768798254276
-3.7803768798254276
-3.7803768798254276
-3.7803768798254276
-3.7803768798254276
-3.7803768798254276
-3.7803768798254276
-3.7803768798254276
-3.7803768798254276
-3.7803768798254276
-3.7803768798254276
-3.7803768798254276
-3.7803768798254276
-3.7803768798254276
-3.7803768798254276
-3.7803768798254276
-3.7803768798254276
-3.7803768798254276
-3.7803768798254276
-3.7803768798254276
-3.7803768798254276
-3.7803768798254276
-3.7803768798254276
-3.7803768798254276
-3.7803768798254276
-3.7803768798254276
-3.7803768798254276
-3.7803768798254276
-3.7803768798254276
-3.7803768798254276
-3.7803768798254276
-3.7803768798254276
-3.7803768798254276
-3.7803768798254276
-3.7803768798254276
-3.7803768798254276
-3.7803768798254276
-3.7803768798254276
-3.7803768798254276
-3.7803768798254276
-3.7803768798254276
-3.7803768798254276
-3.7803768798254276
-3.7803768798254276
-3.7803768798254276
-3.7803768798254276
-3.7803768798254276
-3.7803768798254276
-3.7803768798254276
-3.7803768798254276
-3.7803768798254276
-3.7803768798254276
-3.7803768798254276
-3.7803768798254276
-3.7803768798254276
-3.7803768798254276
-3.7803768798254276
-3.7803768798254276
-3.7803768798254276
-3.7803768798254276
-3.7803768798254276
-3.7803768798254276
-3.7803768798254276
-3.7803768798254276
-3.7803768798254276
-3.7803768798254276
-3.7803768798254276
-3.7803768798254276
-3.7803768798254276
-3.7803768798254276
-3.7803768798254276
-3.7803768798254276
-3.7803768798254276
-3.7803768798254276
-3.7803768798254276
-3.7803768798254276
-3.7803768798254276
-3.7803768798254276
-3.7803768798254276
-3.7803768798254276
-3.7803768798254276
-3.7803768798254276
-3.7803768798254276
-3.7803768798254276
-3.7803768798254276
-3.7803768798254276
-3.7803768798254276
-3.7803768798254276
-3.7803768798254276
-3.7803768798254276
-3.7803768798254276
-3.7803768798254276
-3.7803768798254276
-3.7803768798254276
-3.7803768798254276
-3.7803768798254276
-3.7803768798254276
-3.7803768798254276
-3.7803768798254276
-3.7803768798254276
-3.7803768798254276
-3.7803768798254276
-3.7803768798254276
-3.7803768798254276
-3.7803768798254276
-3.7803768798254276
-3.7803768798254276
-3.7803768798254276
-3.7803768798254276
-3.7803768798254276
-3.7803768798254276
-3.7803768798254276
-3.7803768798254276
-3.7803768798254276
-3.7803768798254276
-3.7803768798254276
-3.7803768798254276
-3.7803768798254276
-3.7803768798254276
-3.7803768798254276
-3.7803768798254276
-3.7803768798254276
-3.7803768798254276
-3.7803768798254276
-3.7803768798254276
-3.7803768798254276
-3.7803768798254276
-3.7803768798254276
-3.7803768798254276
-3.7803768798254276
-3.7803768798254276
-3.7803768798254276
-3.7803768798254276
-3.7803768798254276
-3.7803768798254276
-3.7803768798254276
-3.7803768798254276
-3.7803768798254276
-3.7803768798254276
-3.7803768798254276
-3.7803768798254276
-3.7803768798254276
-3.7803768798254276
-3.7803768798254276
-3.7803768798254276
-3.7803768798254276
-3.7803768798254276
-3.7803768798254276
-3.7803768798254276
-3.7803768798254276
-3.7803768798254276
-3.7803768798254276
-3.7803768798254276
-3.7803768798254276
-3.7803768798254276
-3.7803768798254276
-3.7803768798254276
-3.7803768798254276
-3.7803768798254276
-3.7803768798254276
-3.7803768798254276
-3.7803768798254276
-3.7803768798254276
-3.7803768798254276
-3.7803768798254276
-3.7803768798254276
-3.7803768798254276
-3.7803768798254276
-3.7803768798254276
-3.7803768798254276
-3.7803768798254276
-3.7803768798254276
-3.7803768798254276
-3.7803768798254276
-3.7803768798254276
-3.7803768798254276
-3.7803768798254276
-3.7803768798254276
-3.7803768798254276
-3.7803768798254276
-3.7803768798254276
-3.7803768798254276
-3.7803768798254276
-3.7803768798254276
-3.7803768798254276
-3.7803768798254276
-3.7803768798254276
-3.7803768798254276
-3.7803768798254276
-3.7803768798254276
-3.7803768798254276
-3.7803768798254276
-3.7803768798254276
-3.7803768798254276
-3.7803768798254276
-3.7803768798254276
-3.7803768798254276
-3.7803768798254276
-3.7803768798254276
-3.7803768798254276
-3.7803768798254276
-3.7803768798254276
-3.7803768798254276
-3.7803768798254276
-3.7803768798254276
-3.7803768798254276
-3.7803768798254276
-3.7803768798254276
-3.7803768798254276
-3.7803768798254276
-3.7803768798254276
-3.7803768798254276
-3.7803768798254276
-3.7803768798254276
-3.7803768798254276
-3.7803768798254276
-3.7406575848982584
-3.7406575848982584
-3.7406575848982584
-3.7406575848982584
-3.7406575848982584
-3.7406575848982584
-3.7406575848982584
-3.7406575848982584
-3.7406575848982584
-3.7406575848982584
-3.7406575848982584
-3.7406575848982584
-3.7406575848982584
-3.7406575848982584
-3.7406575848982584
-3.7406575848982584
-3.7406575848982584
-3.7406575848982584
-3.7406575848982584
-3.7406575848982584
-3.7406575848982584
-3.7406575848982584
-3.7406575848982584
-3.7406575848982584
-3.7406575848982584
-3.7406575848982584
-3.7406575848982584
-3.7406575848982584
-3.7406575848982584
-3.7406575848982584
-3.7406575848982584
-3.7406575848982584
-3.7406575848982584
-3.7406575848982584
-3.7406575848982584
-3.7406575848982584
-3.7406575848982584
-3.7406575848982584
-3.7406575848982584
-3.7406575848982584
-3.7406575848982584
-3.7406575848982584
-3.7406575848982584
-3.7406575848982584
-3.7406575848982584
-3.7406575848982584
-3.7406575848982584
-3.7406575848982584
-3.7406575848982584
-3.7406575848982584
-3.7406575848982584
-3.7406575848982584
-3.7406575848982584
-3.7406575848982584
-3.7406575848982584
-3.7406575848982584
-3.7406575848982584
-3.7406575848982584
-3.7406575848982584
-3.7406575848982584
-3.7406575848982584
-3.7406575848982584
-3.7406575848982584
-3.7406575848982584
-3.7406575848982584
-3.7406575848982584
-3.7406575848982584
-3.7406575848982584
-3.7406575848982584
-3.7406575848982584
-3.7406575848982584
-3.7406575848982584
-3.7406575848982584
-3.7406575848982584
-3.7406575848982584
-3.7406575848982584
-3.7406575848982584
-3.7406575848982584
-3.7406575848982584
-3.7406575848982584
-3.7406575848982584
-3.7406575848982584
-3.7406575848982584
-3.7406575848982584
-3.7406575848982584
-3.7406575848982584
-3.7406575848982584
-3.7406575848982584
-3.7406575848982584
-3.7406575848982584
-3.7406575848982584
-3.7406575848982584
-3.7406575848982584
-3.7406575848982584
-3.7406575848982584
-3.7406575848982584
-3.7406575848982584
-3.7406575848982584
-3.7406575848982584
-3.7406575848982584
-3.7406575848982584
-3.7406575848982584
-3.7406575848982584
-3.7406575848982584
-3.7406575848982584
-3.7406575848982584
-3.7406575848982584
-3.7406575848982584
-3.7406575848982584
-3.7406575848982584
-3.7406575848982584
-3.7406575848982584
-3.7406575848982584
-3.7406575848982584
-3.712354893067502
-3.712354893067502
-3.712354893067502
-3.712354893067502
-3.712354893067502
-3.712354893067502
-3.712354893067502
-3.712354893067502
-3.712354893067502
-3.712354893067502
-3.712354893067502
-3.712354893067502
-3.712354893067502
-3.712354893067502
-3.712354893067502
-3.712354893067502
-3.712354893067502
-3.712354893067502
-3.712354893067502
-3.712354893067502
-3.712354893067502
-3.712354893067502
-3.712354893067502
-3.712354893067502
-3.712354893067502
-3.712354893067502
-3.712354893067502
-3.712354893067502
-3.712354893067502
-3.712354893067502
-3.712354893067502
-3.712354893067502
-3.712354893067502
-3.712354893067502
-3.712354893067502
-3.712354893067502
-3.712354893067502
-3.712354893067502
-3.712354893067502
-3.712354893067502
-3.712354893067502
-3.712354893067502
-3.712354893067502
-3.712354893067502
-3.712354893067502
-3.712354893067502
-3.712354893067502
-3.712354893067502
-3.712354893067502
-3.712354893067502
-3.712354893067502
-3.712354893067502
-3.712354893067502
-3.712354893067502
-3.712354893067502
-3.712354893067502
-3.712354893067502
-3.712354893067502
-3.712354893067502
-3.712354893067502
-3.712354893067502
-3.712354893067502
-3.712354893067502
-3.712354893067502
-3.712354893067502
-3.712354893067502
-3.712354893067502
-3.712354893067502
-3.712354893067502
-3.712354893067502
-3.712354893067502
-3.712354893067502
-3.712354893067502
-3.712354893067502
-3.712354893067502
-3.712354893067502
-3.712354893067502
-3.712354893067502
-3.712354893067502
-3.712354893067502
-3.712354893067502
-3.712354893067502
-3.712354893067502
-3.712354893067502
-3.712354893067502
-3.712354893067502
-3.712354893067502
-3.712354893067502
-3.712354893067502
-3.712354893067502
-3.712354893067502
-3.712354893067502
-3.712354893067502
-3.712354893067502
-3.712354893067502
-3.712354893067502
-3.712354893067502
-3.712354893067502
-3.712354893067502
-3.6217557021063267
-3.6217557021063267
-3.6217557021063267
-3.6217557021063267
-3.6217557021063267
-3.6217557021063267
-3.6217557021063267
-3.6217557021063267
-3.6217557021063267
-3.6217557021063267
-3.6217557021063267
-3.6217557021063267
-3.6217557021063267
-3.6217557021063267
-3.6217557021063267
-3.6217557021063267
-3.6217557021063267
-3.6217557021063267
-3.6217557021063267
-3.6217557021063267
-3.6217557021063267
-3.6217557021063267
-3.6217557021063267
-3.6217557021063267
-3.6217557021063267
-3.6217557021063267
-3.6217557021063267
-3.6217557021063267
-3.6217557021063267
-3.6217557021063267
-3.6217557021063267
-3.6217557021063267
-3.6217557021063267
-3.6217557021063267
-3.6217557021063267
-3.6217557021063267
-3.6217557021063267
-3.6217557021063267
-3.6217557021063267
-3.6217557021063267
-3.6217557021063267
-3.6217557021063267
-3.6217557021063267
-3.6217557021063267
-3.6217557021063267
-3.6217557021063267
-3.6217557021063267
-3.6217557021063267
-3.6217557021063267
-3.6217557021063267
-3.6217557021063267
-3.6217557021063267
-3.6217557021063267
-3.6217557021063267
-3.6217557021063267
-3.6217557021063267
-3.6217557021063267
-3.6217557021063267
-3.6217557021063267
-3.6217557021063267
-3.6217557021063267
-3.6217557021063267
-3.6217557021063267
-3.6217557021063267
-3.6217557021063267
-3.6217557021063267
-3.6217557021063267
-3.6217557021063267
-3.6217557021063267
-3.6217557021063267
-3.6217557021063267
-3.6217557021063267
-3.6189263912494574
-3.6189263912494574
-3.6189263912494574
-3.6189263912494574
-3.6189263912494574
-3.6189263912494574
-3.6189263912494574
-3.6189263912494574
-3.6189263912494574
-3.6189263912494574
-3.6189263912494574
-3.6189263912494574
-3.6189263912494574
-3.6189263912494574
-3.6189263912494574
-3.6189263912494574
-3.6189263912494574
-3.6189263912494574
-3.6189263912494574
-3.6189263912494574
-3.6189263912494574
-3.6189263912494574
-3.6189263912494574
-3.6189263912494574
-3.6189263912494574
-3.6189263912494574
-3.6189263912494574
-3.6189263912494574
-3.6189263912494574
-3.6189263912494574
-3.6189263912494574
-3.6189263912494574
-3.6189263912494574
-3.6189263912494574
-3.6189263912494574
-3.6189263912494574
-3.6189263912494574
-3.6189263912494574
-3.6189263912494574
-3.6189263912494574
-3.6189263912494574
-3.6189263912494574
-3.6189263912494574
-3.6189263912494574
-3.6189263912494574
-3.6189263912494574
-3.6189263912494574
-3.6189263912494574
-3.6189263912494574
-3.6189263912494574
-3.6189263912494574
-3.6189263912494574
-3.6189263912494574
-3.6189263912494574
-3.6189263912494574
-3.6189263912494574
-3.6189263912494574
-3.6189263912494574
-3.6189263912494574
-3.6189263912494574
-3.6189263912494574
-3.6189263912494574
-3.6189263912494574
-3.6189263912494574
-3.6189263912494574
-3.6189263912494574
-3.6189263912494574
-3.6189263912494574
-3.6189263912494574
-3.6189263912494574
-3.6189263912494574
-3.6189263912494574
-3.6189263912494574
-3.6189263912494574
-3.6189263912494574
-3.6189263912494574
-3.6189263912494574
-3.6189263912494574
-3.6189263912494574
-3.6189263912494574
-3.6189263912494574
-3.6189263912494574
-3.6189263912494574
-3.6189263912494574
-3.6189263912494574
-3.6189263912494574
-3.6189263912494574
-3.6189263912494574
-3.6189263912494574
-3.6189263912494574
-3.6189263912494574
-3.6189263912494574
-3.6189263912494574
-3.6189263912494574
-3.6189263912494574
-3.6189263912494574
-3.6189263912494574
-3.6189263912494574
-3.6189263912494574
-3.6189263912494574
-3.6189263912494574
-3.6189263912494574
-3.6189263912494574
-3.6189263912494574
-3.6189263912494574
-3.6189263912494574
-3.6189263912494574
-3.6189263912494574
-3.6189263912494574
-3.6189263912494574
-3.6189263912494574
-3.6189263912494574
-3.6189263912494574
-3.6189263912494574
-3.6189263912494574
-3.6189263912494574
-3.6189263912494574
-3.6189263912494574
-3.6189263912494574
-3.6189263912494574
-3.6189263912494574
-3.6189263912494574
-3.6189263912494574
-3.6189263912494574
-3.527773889666128
-3.527773889666128
-3.527773889666128
-3.527773889666128
-3.527773889666128
-3.527773889666128
-3.527773889666128
-3.527773889666128
-3.527773889666128
-3.527773889666128
-3.527773889666128
-3.527773889666128
-3.527773889666128
-3.527773889666128
-3.527773889666128
-3.527773889666128
-3.527773889666128
-3.527773889666128
-3.527773889666128
-3.527773889666128
-3.527773889666128
-3.527773889666128
-3.527773889666128
-3.527773889666128
-3.527773889666128
-3.527773889666128
-3.527773889666128
-3.527773889666128
-3.527773889666128
-3.527773889666128
-3.527773889666128
-3.527773889666128
-3.527773889666128
-3.527773889666128
-3.527773889666128
-3.527773889666128
-3.527773889666128
-3.527773889666128
-3.527773889666128
-3.527773889666128
-3.527773889666128
-3.527773889666128
-3.527773889666128
-3.527773889666128
-3.527773889666128
-3.527773889666128
-3.527773889666128
-3.527773889666128
-3.527773889666128
-3.527773889666128
-3.527773889666128
-3.527773889666128
-3.527773889666128
-3.527773889666128
-3.527773889666128
-3.527773889666128
-3.527773889666128
-3.527773889666128
-3.527773889666128
-3.527773889666128
-3.527773889666128
-3.527773889666128
-3.527773889666128
-3.527773889666128
-3.527773889666128
-3.527773889666128
-3.527773889666128
-3.527773889666128
-3.527773889666128
-3.527773889666128
-3.527773889666128
-3.527773889666128
-3.527773889666128
-3.527773889666128
-3.527773889666128
-3.527773889666128
-3.527773889666128
-3.527773889666128
-3.527773889666128
-3.527773889666128
-3.527773889666128
-3.527773889666128
-3.527773889666128
-3.527773889666128
-3.527773889666128
-3.527773889666128
-3.527773889666128
-3.527773889666128
-3.527773889666128
-3.527773889666128
-3.527773889666128
-3.527773889666128
-3.527773889666128
-3.527773889666128
-3.527773889666128
-3.527773889666128
-3.527773889666128
-3.527773889666128
-3.527773889666128
-3.527773889666128
-3.527773889666128
-3.527773889666128
-3.527773889666128
-3.527773889666128
-3.527773889666128
-3.527773889666128
-3.527773889666128
-3.527773889666128
-3.527773889666128
-3.527773889666128
-3.527773889666128
-3.527773889666128
-3.527773889666128
-3.527773889666128
-3.527773889666128
-3.527773889666128
-3.527773889666128
-3.527773889666128
-3.527773889666128
-3.527773889666128
-3.527773889666128
-3.527773889666128
-3.527773889666128
-3.527773889666128
-3.527773889666128
-3.527773889666128
-3.527773889666128
-3.527773889666128
-3.527773889666128
-3.527773889666128
-3.527773889666128
-3.527773889666128
-3.527773889666128
-3.527773889666128
-3.527773889666128
-3.527773889666128
-3.527773889666128
-3.527773889666128
-3.527773889666128
-3.527773889666128
-3.527773889666128
-3.527773889666128
-3.527773889666128
-3.527773889666128
-3.527773889666128
-3.527773889666128
-3.527773889666128
-3.527773889666128
-3.527773889666128
-3.527773889666128
-3.527773889666128
-3.527773889666128
-3.527773889666128
-3.527773889666128
-3.527773889666128
-3.527773889666128
-3.527773889666128
-3.527773889666128
-3.527773889666128
-3.527773889666128
-3.527773889666128
-3.527773889666128
-3.527773889666128
-3.527773889666128
-3.527773889666128
-3.527773889666128
-3.527773889666128
-3.527773889666128
-3.527773889666128
-3.527773889666128
-3.527773889666128
-3.527773889666128
-3.527773889666128
-3.527773889666128
-3.527773889666128
-3.527773889666128
-3.527773889666128
-3.527773889666128
-3.527773889666128
-3.527773889666128
-3.527773889666128
-3.527773889666128
-3.527773889666128
-3.527773889666128
-3.527773889666128
-3.527773889666128
-3.527773889666128
-3.527773889666128
-3.527773889666128
-3.527773889666128
-3.527773889666128
-3.527773889666128
-3.527773889666128
-3.527773889666128
-3.527773889666128
-3.527773889666128
-3.527773889666128
-3.527773889666128
-3.527773889666128
-3.527773889666128
-3.527773889666128
-3.527773889666128
-3.527773889666128
-3.5083435376814456
-3.5083435376814456
-3.5083435376814456
-3.5083435376814456
-3.5083435376814456
-3.5083435376814456
-3.5083435376814456
-3.5083435376814456
-3.5083435376814456
-3.5083435376814456
-3.5083435376814456
-3.5083435376814456
-3.5083435376814456
-3.5083435376814456
-3.5083435376814456
-3.5083435376814456
-3.5083435376814456
-3.5083435376814456
-3.5083435376814456
-3.5083435376814456
-3.5083435376814456
-3.5083435376814456
-3.5083435376814456
-3.5083435376814456
-3.5083435376814456
-3.5083435376814456
-3.5083435376814456
-3.5083435376814456
-3.5083435376814456
-3.5083435376814456
-3.5083435376814456
-3.5083435376814456
-3.5083435376814456
-3.5083435376814456
-3.5083435376814456
-3.5083435376814456
-3.5083435376814456
-3.5083435376814456
-3.5083435376814456
-3.5083435376814456
-3.5083435376814456
-3.5083435376814456
-3.5083435376814456
-3.5083435376814456
-3.5083435376814456
-3.5083435376814456
-3.5083435376814456
-3.5083435376814456
-3.5083435376814456
-3.5083435376814456
-3.5083435376814456
-3.5083435376814456
-3.5083435376814456
-3.5083435376814456
-3.5083435376814456
-3.5083435376814456
-3.5083435376814456
-3.5083435376814456
-3.5083435376814456
-3.5083435376814456
-3.5083435376814456
-3.5083435376814456
-3.5083435376814456
-3.5083435376814456
-3.5083435376814456
-3.5083435376814456
-3.5083435376814456
-3.5083435376814456
-3.5083435376814456
-3.5083435376814456
-3.5083435376814456
-3.5083435376814456
-3.5083435376814456
-3.5083435376814456
-3.5083435376814456
-3.5083435376814456
-3.5083435376814456
-3.5083435376814456
-3.5083435376814456
-3.4561353689242638
-3.4561353689242638
-3.4561353689242638
-3.4561353689242638
-3.4561353689242638
-3.4561353689242638
-3.4561353689242638
-3.4561353689242638
-3.4561353689242638
-3.4561353689242638
-3.4561353689242638
-3.4561353689242638
-3.4561353689242638
-3.4561353689242638
-3.4561353689242638
-3.4561353689242638
-3.4561353689242638
-3.4561353689242638
-3.4561353689242638
-3.4561353689242638
-3.4561353689242638
-3.4561353689242638
-3.4561353689242638
-3.4561353689242638
-3.4561353689242638
-3.4561353689242638
-3.4561353689242638
-3.4561353689242638
-3.4561353689242638
-3.4561353689242638
-3.4561353689242638
-3.4561353689242638
-3.4561353689242638
-3.4561353689242638
-3.4561353689242638
-3.4561353689242638
-3.4561353689242638
-3.4561353689242638
-3.4561353689242638
-3.4561353689242638
-3.4561353689242638
-3.4561353689242638
-3.4561353689242638
-3.4561353689242638
-3.4561353689242638
-3.4561353689242638
-3.4561353689242638
-3.4561353689242638
-3.4561353689242638
-3.4561353689242638
-3.4561353689242638
-3.4561353689242638
-3.4561353689242638
-3.4561353689242638
-3.4561353689242638
-3.4561353689242638
-3.4561353689242638
-3.4561353689242638
-3.4561353689242638
-3.4561353689242638
-3.4561353689242638
-3.4561353689242638
-3.4561353689242638
-3.4561353689242638
-3.4561353689242638
-3.4561353689242638
-3.4561353689242638
-3.4561353689242638
-3.4561353689242638
-3.4561353689242638
-3.4561353689242638
-3.4561353689242638
-3.4561353689242638
-3.4561353689242638
-3.4561353689242638
-3.4561353689242638
-3.4561353689242638
-3.4561353689242638
-3.4561353689242638
-3.4561353689242638
-3.4561353689242638
-3.4561353689242638
-3.4561353689242638
-3.4561353689242638
-3.4561353689242638
-3.4561353689242638
-3.4561353689242638
-3.4561353689242638
-3.4561353689242638
-3.4561353689242638
-3.4561353689242638
-3.4561353689242638
-3.4561353689242638
-3.4561353689242638
-3.4561353689242638
-3.4561353689242638
-3.4561353689242638
-3.4561353689242638
-3.4561353689242638
-3.4561353689242638
-3.4561353689242638
-3.4561353689242638
-3.4561353689242638
-3.4561353689242638
-3.4561353689242638
-3.4561353689242638
-3.4561353689242638
-3.4561353689242638
-3.4561353689242638
-3.4561353689242638
-3.4561353689242638
-3.4561353689242638
-3.4561353689242638
-3.4561353689242638
-3.4561353689242638
-3.4561353689242638
-3.4561353689242638
-3.4561353689242638
-3.4561353689242638
-3.4561353689242638
-3.4561353689242638
-3.4561353689242638
-3.4561353689242638
-3.4561353689242638
-3.4561353689242638
-3.4561353689242638
-3.4561353689242638
-3.4561353689242638
-3.4561353689242638
-3.4561353689242638
-3.4561353689242638
-3.4561353689242638
-3.4561353689242638
-3.4561353689242638
-3.4561353689242638
-3.4561353689242638
-3.4561353689242638
-3.4561353689242638
-3.4561353689242638
-3.4561353689242638
-3.4561353689242638
-3.4561353689242638
-3.4561353689242638
-3.4561353689242638
-3.4561353689242638
-3.4561353689242638
-3.4561353689242638
-3.4561353689242638
-3.4561353689242638
-3.4561353689242638
-3.4561353689242638
-3.4561353689242638
-3.4561353689242638
-3.4561353689242638
-3.4561353689242638
-3.4561353689242638
-3.4561353689242638
-3.4561353689242638
-3.4561353689242638
-3.4561353689242638
-3.4561353689242638
-3.4561353689242638
-3.4561353689242638
-3.4561353689242638
-3.4561353689242638
-3.4561353689242638
-3.4561353689242638
-3.4561353689242638
-3.4561353689242638
-3.4561353689242638
-3.4561353689242638
-3.4561353689242638
-3.4561353689242638
-3.4561353689242638
-3.4561353689242638
-3.4561353689242638
-3.4561353689242638
-3.4561353689242638
-3.4561353689242638
-3.4561353689242638
-3.4561353689242638
-3.4561353689242638
-3.4561353689242638
-3.4561353689242638
-3.4561353689242638
-3.4561353689242638
-3.4561353689242638
-3.4561353689242638
-3.4561353689242638
-3.4561353689242638
-3.4561353689242638
-3.4561353689242638
-3.4561353689242638
-3.4561353689242638
-3.4561353689242638
-3.4561353689242638
-3.4561353689242638
-3.4561353689242638
-3.4561353689242638
-3.4561353689242638
-3.4561353689242638
-3.4561353689242638
-3.4561353689242638
-3.4561353689242638
-3.4561353689242638
-3.4561353689242638
-3.4561353689242638
-3.4561353689242638
-3.4561353689242638
-3.4391902017944136
-3.4391902017944136
-3.4391902017944136
-3.4391902017944136
-3.4391902017944136
-3.4391902017944136
-3.4391902017944136
-3.4391902017944136
-3.4391902017944136
-3.4391902017944136
-3.4391902017944136
-3.4391902017944136
-3.4391902017944136
-3.4391902017944136
-3.4391902017944136
-3.4391902017944136
-3.4391902017944136
-3.4391902017944136
-3.4391902017944136
-3.4391902017944136
-3.4391902017944136
-3.4391902017944136
-3.4391902017944136
-3.4391902017944136
-3.4391902017944136
-3.4391902017944136
-3.4391902017944136
-3.4391902017944136
-3.4391902017944136
-3.4391902017944136
-3.355126626344644
-3.355126626344644
-3.355126626344644
-3.355126626344644
-3.355126626344644
-3.355126626344644
-3.355126626344644
-3.355126626344644
-3.355126626344644
-3.355126626344644
-3.355126626344644
-3.355126626344644
-3.355126626344644
-3.355126626344644
-3.355126626344644
-3.355126626344644
-3.355126626344644
-3.355126626344644
-3.355126626344644
-3.355126626344644
-3.355126626344644
-3.355126626344644
-3.355126626344644
-3.355126626344644
-3.355126626344644
-3.355126626344644
-3.355126626344644
-3.355126626344644
-3.355126626344644
-3.355126626344644
-3.355126626344644
-3.355126626344644
-3.355126626344644
-3.355126626344644
-3.355126626344644
-3.355126626344644
-3.355126626344644
-3.355126626344644
-3.355126626344644
-3.355126626344644
-3.355126626344644
-3.355126626344644
-3.355126626344644
-3.355126626344644
-3.355126626344644
-3.355126626344644
-3.355126626344644
-3.355126626344644
-3.355126626344644
-3.355126626344644
-3.355126626344644
-3.355126626344644
-3.355126626344644
-3.355126626344644
-3.355126626344644
-3.355126626344644
-3.355126626344644
-3.355126626344644
-3.355126626344644
-3.355126626344644
-3.355126626344644
-3.355126626344644
-3.355126626344644
-3.355126626344644
-3.355126626344644
-3.355126626344644
-3.355126626344644
-3.355126626344644
