-10.16085473172774
-9.245793828905951
-8.753915836121106
-8.437335720521686
-8.115148079141322
-7.908252980923144
-7.961661405907378
-7.847084770923928
-7.774159138810091
-7.573993686540496
-7.48812287324382
-7.410598006740381
-7.412023487251625
-7.40176408577059
-7.183471090535043
-7.252379065311344
-7.18682228235585
-7.072083495327612
-7.011190442124427
-6.880954129679592
-7.015862068661043
-6.910571211233179
-6.628779885298061
-6.886653575943648
-6.70316037603247
-6.566516758987709
-6.477242336931171
-6.492108361033292
-6.607629847098044
-6.470729304878338
-6.56415005017043
-6.391621697928372
-6.54103904212089
-6.326749189584729
-6.420854783724336
-6.4465392128843675
-6.221889497744219
-6.2717498504551745
-6.161700925197043
-6.296012413930463
-6.1141815885025155
-5.988411830493884
-6.139796483846791
-6.25773164391767
-5.845375211850179
-5.904224097103915
-5.924091510486089
-6.462138815585481
-5.942526966711136
-5.959274787778633
-5.89932541915125
-5.693627025186346
-5.624794551305315
-5.6404649178496316
-5.8714546203117886
-5.619814616774788
-5.61199495167094
-5.612705530275659
-5.695061992685172
-5.61981461941204
-5.71493710146966
-5.741108308521358
-5.630014777073127
-5.67236999098793
-5.654735924899597
-5.7058319217692235
-5.5588722801357395
-5.70655040081009
-5.6967364212856
-5.648310990555693
-5.542178982608431
-5.429735367776868
-5.602289710824099
-5.426723910192957
-5.452008321976263
-5.520832248804743
-5.5243471671141045
-5.48599837503992
-5.461539261629694
-5.504682865105403
-5.489265119609413
-5.412839301749943
-5.509828517691328
-5.507723092642788
-5.425565939576936
-5.439472305188336
-5.360064088670153
-5.399209220746
-5.296458756737901
-5.375929508999824
-5.808218386672524
-5.414920479594413
-5.462004457986838
-5.3872152510748545
-5.3690276620967605
-5.502578747712796
-5.343542167271878
-5.3469814338393595
-5.4517759931652305
-5.479468825513058
-5.4838990394357685
-5.500475160724399
-5.332775374747327
-5.454796710904744
-5.347669465065319
-5.304666900284555
-5.438312534788779
-5.301701863227411
-5.497904849599648
-5.321337220322947
-5.338271501110579
-5.253958193968914
-5.343771415396685
-5.452472987506867
-5.253051580130881
-5.285755313101741
-5.396901308371653
-5.3975936132749105
-5.446202208480369
-5.280750151752066
-5.157093429561778
-5.32613924824769
-5.283934888248396
-5.22274037487557
-5.017336479623285
-5.195020235502746
-5.0649649341283185
-5.237428969296833
-5.222288847419824
-5.082016190517273
-5.041113215604336
-5.084011687688327
-5.098661303429346
-5.255771726101898
-5.010964767203745
-4.965203812630937
-5.179063916877502
-5.303526374793978
-5.275748139940241
-5.147920162243888
-5.073153626906586
-5.281432480747013
-5.060100158805872
-5.302386005227297
-5.131391076994651
-5.265980625022354
-5.08689499312223
-5.083568195838291
-5.028995337894786
-4.956041579141349
-4.791764124413172
-4.989472623976109
-5.015358478356223
-5.036704465710488
-4.958440125832281
-4.811188727799175
-4.84976549576748
-4.9521183647998
-4.821669844643347
-5.010745146737686
-4.876244540660622
-4.880343372201076
-4.771541545590426
-4.9112661947674665
-4.864607757021405
-4.80926527092332
-4.927753743571293
-4.789206537911104
-5.021733940343642
-4.790485223783016
-4.930794940039346
-4.8874678415118
-4.864607759658979
-4.779198130809613
-4.832594907941335
-4.940143580306975
-4.942972240456951
-4.943189877308824
-4.996702897377174
-5.017336494348691
-5.017776125809282
-4.908882899258599
-5.17143445142629
-4.794962375338788
-4.794749117813397
-4.815251025786768
-4.799869128633664
-5.030536535547268
-4.732324167843411
-4.919071495979866
-4.726196135376967
-4.787501997030095
-4.91842074110673
-4.869346418387572
-4.860087345015879
-4.854279506208635
-4.996264500374511
-4.809478969475875
-4.78643685870775
-4.843751175647463
-4.772817077255435
-4.766866541340251
-5.087782386836691
-4.922543170140686
-4.862670098417298
-4.950811083698125
-4.851054924993067
-5.0138203913573465
-4.8081969192921585
-4.909099527762157
-4.8390291222976405
-4.858366018819746
-4.965203780189611
-4.8489060046527
-4.771966696684599
-4.774305462867487
-4.735284425353592
-4.9745958844662965
-4.73295841274704
-4.926016471537638
-4.743749113692161
-4.7325355797456465
-4.900006469433066
-4.961275748147026
-4.756252921555411
-4.858581164066655
-4.970662882236124
-4.8609481631504545
-4.881854040125798
-4.970444434285183
-4.881422392760279
-4.858150873131811
-4.902170461900849
-4.830237127900327
-4.792830053134305
-4.839458274799989
-4.920156220424972
-4.9129999966395586
-4.7689911634579785
-4.929056956186982
-4.835596828413464
-4.814823307616043
-4.870208340737021
-4.775581503272457
-4.893518303998396
-4.90325269990377
-4.770691313293353
-4.729153838582666
-4.836454753456714
-4.861809077324077
-4.776857749507547
-4.823596591187259
-4.864392429984451
-4.75116397983212
-4.81268509145519
-4.854494530887301
-4.785584872598729
-4.829594230863573
-4.7779214623905695
-4.829379945600234
-4.738245921440666
-4.73168999183589
-4.773029683363199
-4.784945938166728
-4.741420321822177
-4.839029113532172
-4.900006468267788
-4.756465037000011
-4.858796317280253
-4.9062838093642664
-4.879696037558765
-4.9075832370480255
-4.936011333018269
-4.858365995948479
-4.97984311395081
-4.707843775273234
-4.7779214650883866
-4.803925052480735
-4.837527289599369
-4.757950038588685
-4.831737444060064
-5.047289789366275
-4.8452542861235735
-4.791977295450649
-4.8049927705278
-4.684707722557791
-4.775581491878648
-4.909099530469774
-4.916685664442453
-4.866115177297603
-4.86482308300868
-4.774518134746042
-4.790698354855909
-4.8995737456689135
-4.953425874569603
-4.89979010031652
-4.807555979157726
-4.975907345446523
-4.829379939493095
-4.957785900015384
-4.763043827062184
-4.744807908461261
-4.993853771744724
-5.008988428810495
-4.809906372606728
-4.85578479804736
-4.8480466077449025
-4.970881321996584
-4.845254271412491
-4.846113352924152
-4.813326495470582
-4.749680387272318
-4.751375943560435
-4.825309695918244
-4.766866552154251
-4.88358091180689
-4.843107074662282
-4.816962157828522
-4.86267009721554
-4.761770037245613
-4.675893983485167
-4.725773708800453
-4.730633152039327
-4.736976552316072
-4.703210479579223
-4.889412097093308
-4.720917582329546
-4.790911495821508
-4.833452475946348
-4.768778679002172
-4.878185804620619
-4.76686654664584
-4.751587919245662
-4.687648094931668
-4.7160648065761
-4.788993458299574
-4.904768099707569
-4.704684384283387
-4.718385278634308
-4.884660414237904
-4.833452473236824
-4.739727115511544
-4.7594353523010975
-4.787715034418369
-4.949939692152491
-4.778134222275687
-4.761770030027666
-4.743113914230989
-4.75646503352979
-4.711004577755332
-4.722606300243547
-4.684287765947689
-4.720495482188731
-4.791550959338983
-4.7053161493673965
-4.715642986932362
-4.689959246777292
-4.876891564183772
-4.8315230792230395
-4.781326407697191
-4.735284419010804
-4.7325355782102925
-4.696266251276217
-4.687648092897174
-4.675684271107871
-4.725351308875784
-4.638454673417603
-4.917336271762404
-4.6966869191692195
-4.87387257813927
-4.664997086637876
-4.67736218508591
-4.751587917785965
-4.7503161755009
-4.641584347913192
-4.794109368908507
-4.73190138052299
-4.815678772739866
-4.773667553580281
-4.749044643852601
-4.686597814121625
-4.690589685933508
-4.790485224767785
-4.753071906533436
-4.924279617837097
-4.657253835289644
-4.7097400844592485
-4.809906363849995
-4.866761316717367
-4.672958547329471
-4.683447940997741
-4.685967732716114
-4.769203668004082
-4.74544325850526
-4.798375417417792
-4.757101425599671
-4.667510249295823
-4.734015596785347
-4.7943226146025095
-4.647847914310175
-4.842033702532353
-4.709318641064395
-4.772817074621115
-4.747561508618958
-4.929491414496405
-4.686177756786623
-4.663531489076868
-4.80499278273103
-4.849335728944152
-4.71121535041851
-4.8736569863629065
-4.663112796262152
-4.749468453503908
-4.854924595220262
-4.8205996378078595
-4.797522005263842
-4.7679287808267885
-4.743749111651414
-4.7970953386145965
-4.685757708770119
-5.012502275352876
-4.725562505352304
-4.673797120751583
-4.885308189908826
-4.777708699626535
-4.7943226137389
-4.645133013830143
-4.7581621964625125
-4.6975283291416385
-4.658299713269688
-4.705105552079647
-4.680299476752405
-4.766866541357991
-4.701947386420865
-4.718385287366627
-4.695424991707384
-4.6910100218125175
-4.607650609437125
-4.9214580957549945
-4.691640552224021
-4.749680382636425
-4.748832758653684
-4.854709559877635
-4.666881874812511
-4.700053156770961
-4.687017912955393
-4.779623733865185
-4.7645301891654475
-4.827880114532007
-4.819529604099896
-4.871501388518891
-4.642419164379709
-4.7672914200019205
-4.810974981513563
-4.721550810461641
-4.833666876090634
-4.813540302740309
-4.652026758091011
-4.972410616977648
-4.696686914518934
-4.937968426262477
-4.684707722550176
-4.825523865707414
-4.692691589762397
-4.802430502584285
-4.6658347102745905
-4.756040790899901
-4.714588531937357
-4.709740080131469
-4.691220195651687
-4.793682908191495
-4.750316156619028
-4.650772839061006
-4.795388919195264
-4.645133014047713
-4.645341813289297
-4.649937020537095
-4.8396728516472995
-4.693112038057585
-4.705737356911779
-4.7283086535511405
-4.674845467051093
-4.820813671768305
-4.935141678990488
-4.804992783906951
-4.683238003530724
-4.760284239351281
-4.758586563109508
-4.688698516839197
-4.647639035966464
-4.692901805330885
-4.707843772635789
-4.6708625404735775
-4.6226192788006415
-4.567685741789205
-4.75031616939385
-4.593335987141411
-4.876675883083279
-4.746078664398676
-4.790698358424369
-4.650772842528097
-4.910832811899606
-4.7283086562551295
-4.740785323552988
-4.69143037576562
-4.777921466553081
-4.685547702414654
-4.710583051875141
-4.6397063712964375
-4.62532540375958
-4.659554986816004
-4.782390787302199
-4.673377819599098
-4.649310222377397
-4.791764122889199
-4.770691313301802
-4.698369839247488
-4.796882011261327
-4.770691319165334
-4.651190787812633
-4.670652977506057
-4.649310222367028
-4.750952010509633
-4.661019749150266
-4.657462999658644
-4.5784306429375174
-4.671700864574737
-4.770478774873552
-4.71648665158324
-4.737822771272725
-4.635951943027806
-4.6336585706763875
-4.895464154759064
-4.668138684059279
-4.583602447402423
-4.638246077370405
-4.623868123181244
-4.656208106395266
-4.570576947632496
-4.71543208124856
-4.7110045777574845
-4.7734549209039265
-4.667091328882742
-4.7422670682261705
-4.692901811185391
-4.606612322931922
-4.632199544554583
-4.603083306388219
-4.645550619679322
-4.794962376872145
-4.662484820453944
-4.59561604626
-4.604328636623513
-4.601630708110151
-4.611389731655362
-4.703421019602462
-4.610350891468925
-4.640332301671612
-4.6937427667474445
-4.582774699820327
-4.7505281155677155
-4.706790486369423
-4.604121064093944
-4.633450115298322
-4.683657893071674
-4.891789095856797
-4.69016938459028
-4.6178341010543305
-4.768566191516892
-4.729365152827127
-4.702368393493857
-4.624492632676924
-4.686387780758176
-4.859872157253206
-4.584430298108215
-4.895247919233309
-4.695214692898815
-4.732746994716578
-4.679040459315476
-4.713112568115922
-4.728097377579366
-4.745655055069285
-4.77579419146564
-4.698580232851589
-4.661438308093779
-4.651817750640722
-4.795175645456281
-4.562525918893837
-4.648056796965546
-4.671281694322483
-4.568098685263797
-4.631574330741679
-4.697528325675513
-4.815037168181658
-4.758162207122999
-4.707001121346248
-4.708475822556273
-4.8099063746421304
-4.611805326364523
-4.756465040017432
-4.645759434667709
-4.743960860444418
-4.661438309626366
-4.673377821634379
-4.718174307594092
-4.534524514457687
-4.730421804700044
-4.738245924148518
-4.726407354535019
-4.711636906969941
-4.7065798377976735
-4.609312196631904
-4.635951940636025
-4.674006775495892
-4.740150393020888
-4.60765060941568
-4.6918507501922795
-4.574089329747195
-4.5958233610481924
-4.769628672310355
-4.666044130019445
-4.679460125431659
-4.743960856279613
-4.709740087166813
-4.7683537157646905
-4.630324106610201
-4.684917709647769
-4.82595221386596
-4.568305186503102
-4.732324164952713
-4.796882013300668
-4.659973454089637
-4.661647593402578
-4.742902191211441
-4.6457594355308
-4.640958297030105
-4.862239564783052
-4.775156134868357
-4.725984919700929
-4.8396728540393665
-4.932967984331367
-4.88034336949398
-4.82338248624689
-4.643254071866915
-4.616794282536101
-4.820813664727188
-4.669605250248424
-4.665625292706814
-4.674426119207473
-4.672958543159215
-4.68071917843017
-4.772179281692866
-4.691220192948273
-4.6668818783778505
-4.678201280220359
-4.605366579089733
-4.756040805619741
-4.7862238504817585
-4.712480106809027
-4.6247008238735186
-4.65955498779833
-4.560256825098305
-4.715221181401973
-4.6432540771643245
-4.647847912371085
-4.715010293250175
-4.5242587544862065
-4.746714133291089
-4.596860026482039
-4.651817759149456
-4.66855767331552
-4.5705769415163235
-4.66395019526283
-4.784520019198524
-4.696686916460963
-4.620330304038046
-4.58484426549769
-4.7118476979892305
-4.679669952975799
-4.725984922727136
-4.577189986729741
-4.651817747748552
-4.588778155884353
-4.7579500385824565
-4.5939577523817565
-4.632616379437507
-4.746502305214909
-4.560050576646506
-4.689959247641018
-4.648265690644868
-4.645341814151464
-4.764530196398037
-4.658508913594912
-4.573469368472931
-4.630324101971609
-4.609104472061356
-4.576156281399062
-4.784094118163502
-4.657462996637404
-4.709318639019335
-4.648056796960011
-4.615338798853103
-4.687017913341276
-4.608481356676463
-4.619914210051536
-4.622827404886874
-4.63365857485124
-4.653698997241537
-4.677152410143034
-4.6649970866415185
-4.676942667347071
-4.57181640783141
-4.61596254487252
-4.64283661057976
-4.6155467078848025
-4.677152424378253
-4.789632747573025
-4.593335993002249
-4.599141231444647
-4.649310228479369
-4.676313447331781
-4.771541547624548
-4.781752139815903
-4.638454672241414
-4.741208652259105
-4.546658067092569
-4.696266246632442
-4.643254083645643
-4.740785329074378
-4.617418154909897
-4.497640315964219
-4.796882012437114
-4.731689989891268
-4.638454674282371
-4.708897219836911
-4.741420318259492
-4.855139633336128
-4.5672728152492015
-4.557782311658995
-4.527542109062542
-4.62928241536403
-4.739515502866822
-4.578637435925026
-4.671910465624403
-4.547893200245326
-4.559431887177686
-4.771966693208557
-4.666253556320569
-4.664368934632325
-4.584637281019685
-4.654953439545772
-4.567685743331327
-4.802430498036074
-4.6731681816478305
-4.640749622771244
-4.630949199083558
-4.750528108538369
-4.597689473868665
-4.681138932250331
-4.760284242920772
-4.810547524513482
-4.6263665043330295
-4.6388718839916185
-4.687858168342841
-4.672539297890527
-4.794962364673702
-4.537196147042823
-4.635326402271958
-4.671910463675111
-4.6639501928700895
-4.6956352986945475
-4.6305324639061975
-4.63595194650018
-4.546246406135559
-4.674426117746725
-4.553866153617673
-4.608481357274992
-4.720284434859614
-4.890276371912936
-4.668138685593481
-4.770266242301484
-4.605781804747668
-4.774518127697284
-4.568511664313608
-4.602253210398648
-4.612844398403906
-4.558400853517655
-4.596030682073162
-4.586500348201465
-4.650981809330997
-4.586086304681506
-4.612844393771086
-4.675055171167446
-4.851914672720414
-4.676942668889964
-4.677152424377096
-4.655789859065061
-4.663740838643232
-4.635326408773315
-4.620746423528964
-4.612428750777712
-4.649101305634711
-4.671491282058654
-4.588363953752559
-4.505819448213587
-4.75943535553645
-4.625117200762663
-4.62449263853253
-4.6251172026976
-4.729576468088375
-4.693532523082379
-4.59105669018751
-4.599141244812114
-4.516057311544621
-4.659764220074239
-4.600385863115156
-4.606819969155246
-4.658718112834425
-4.711426123769464
-4.5978968498413755
-4.760920973560335
-4.572642832356366
-4.596030674177968
-4.555720880255002
-4.591885442505946
-4.688698521174694
-4.706579846572104
-4.65098181279832
-4.523643291331668
-4.541514093963072
-4.64179304416269
-4.708475822554534
-4.701526402932791
-4.607858281658759
-4.659554981304992
-4.707843775272457
-4.801576607641645
-4.627407750813782
-4.657044672634383
-4.633658574251253
-4.549334470243164
-4.568305183871519
-4.526105438620675
-4.596860029507143
-4.530827045618347
-4.666253557491096
-4.604121062562741
-4.544394242553244
-4.5674792634001165
-4.550982007605716
-4.6190820893721245
-4.623243676989899
-4.804779215559603
-4.603083303680655
-4.640749627100513
-4.596030680037257
-4.723873095816114
-4.554896502232168
-4.698790636315581
-4.596238008472952
-4.546658069130583
-4.725562502642204
-4.616378394497763
-4.693112042705164
-4.684707707834789
-4.670443420348003
-4.605989406856305
-4.781965019983989
-4.522412562793636
-4.657881346797582
-4.658299715214656
-4.639497736952721
-4.6107664111552795
-4.880559163827335
-4.563763911422275
-4.6468035984799
-4.737188104108578
-4.629282406863357
-4.530416347830101
-4.683028062055073
-4.487022244524409
-4.635534913079686
-4.782603684494767
-4.51318914984154
-4.726829817505338
-4.590228044319699
-4.593128744254294
-4.458518216289008
-4.590849523107432
-4.7956021992591795
-4.7236619490300455
-4.645133004939223
-4.647847914315707
-4.573056089859143
-4.607235275023266
-4.655162535035831
-4.640332307549434
-4.692060953781603
-4.6251172007687105
-4.594994139897651
-4.554690402616724
-4.693953027712385
-4.697107612180728
-4.606404683808947
-4.610350894176202
-4.60391350101211
-4.885092258919105
-4.634283962902652
-4.586293324281479
-4.5232330207481155
-4.453643962027315
-4.601630706811799
-4.608689057335488
-4.490083418798038
-4.570576941520648
-4.66436893117009
-4.635951930258252
-4.561288139578624
-4.558813249033221
-4.524874248416213
-4.594165015255476
-4.672539286114447
-4.513803654860374
-4.69689725982905
-4.668557670619035
-4.6622755022952305
-4.6041210625689635
-4.565621337153285
-4.411549185485916
-4.693742772256719
-4.571609803864417
-4.586707401536772
-4.4518170342597685
-4.662694139873826
-4.477032053207742
-4.589813761041163
-4.5312377795714
-4.688908630734944
-4.540280114262606
-4.534113583594637
-4.548922647746543
-4.596860027659441
-4.48947108518523
-4.6673007842256276
-4.694373556596923
-4.693742773241956
-4.51708194389642
-4.418411843632549
-4.498662163618741
-4.692901807717964
-4.539868840415887
-4.619706171401819
-4.6359519476711215
-4.715642980438319
-4.5507760461762405
-4.535551943050641
-4.783455326483463
-4.68764809136205
-4.575742841792644
-4.701947374218655
-4.563557573660353
-4.528568478672586
-4.494575692166559
-4.572229604402199
-4.659973460201009
-4.573056082809418
-4.5945795670317535
-4.466039653905641
-4.585879278651433
-4.719862359952388
-4.668767176860464
-4.490899979534262
-4.518106731477117
-4.477847028288276
-4.634492433103592
-4.610143144188337
-4.442487209156944
-4.79688200973589
-4.490899979533397
-4.664997083932974
-4.483146708529963
-4.5495403837818
-4.5873285518446805
-4.49355445921
-4.603913499836328
-4.578844243252703
-4.601838191640967
-4.557369974938156
-4.621162567585995
-4.434384916698508
-4.553866148335291
-4.5302109913388335
-4.662275504231559
-4.4670567124407645
-4.5654149430426605
-4.654117118174482
-4.447353314293688
-4.589192365448214
-4.399657311234633
-4.404290583220917
-4.506842542504482
-4.4968229424456325
-4.500297438887511
-4.636160473756547
-4.472347905145348
-4.57140322928094
-4.350504439847087
-4.565621345931934
-4.5005018878448615
-4.564176632044423
-4.553866151232322
-4.529389684452556
-4.488246549340552
-4.342913686531016
-4.614507234812396
-4.595408735669857
-4.51728689201754
-4.490695838361236
-4.597067375213834
-4.529595012661449
-4.377743841784675
-4.385977969218686
-4.559225663601069
-4.692271159010488
-4.482127229516165
-4.367115011063626
-4.550982007603562
-4.511345969450618
-4.43721959846553
-4.484574292161804
-4.587535620784777
-4.5456289639241
-4.511141204551388
-4.606197051790266
-4.561081852580116
-4.439650288312302
-4.459127746045388
-4.4796810686125195
-4.402880109784964
-4.49335023418887
-4.420633637309799
-4.370321898623265
-4.51482794271838
-4.410742276247127
-4.442689892782176
-4.484166385343351
-4.4014699418145025
-4.553454063187978
-4.5025466065280035
-4.437827181209364
-4.5949941384359
-4.456893067608017
-4.4629894025447285
-4.557576139447756
-4.435397167427833
-4.399254580525579
-4.444717066553909
-4.526721120149507
-4.586293331311143
-4.574502671784708
-4.427303502651999
-4.403484566696873
-4.436207072497935
-4.456486840631094
-4.499684164406447
-4.400060080873796
-4.404492106097281
-4.422654095218406
-4.396838658777491
-4.49294179267228
-4.55860704757625
-4.406507641302312
-4.569957295628704
-4.519336698277054
-4.484778251939687
-4.528363198211166
-4.423866677108518
-4.55221792250807
-4.42851692363775
-4.335930014453613
-4.432968029411033
-4.407515646413986
-4.460143754987563
-4.35490313684294
-4.325368995977337
-4.543159740958103
-4.303703106908114
-4.425888118200313
-4.4923291856984315
-4.3805543324458505
-4.570370388607226
-4.608689039915512
-4.4481646724045145
-4.353103310340128
-4.529800337146495
-4.481719478914943
-4.369520032783345
-4.645341806244451
-4.39542978381665
-4.476217186594297
-4.45465913978111
-4.382763417903633
-4.40650763257528
-4.400261473158483
-4.39281409538319
-4.395832289942316
-4.358704386150467
-4.447758981272897
-4.411750927876668
-4.337326154993433
-4.492533380539491
-4.601008249424703
-4.567066359951859
-4.515442592401507
-4.535962954610733
-4.562938559352989
-4.514213343057849
-4.505614855139194
-4.427707951283971
-4.358504269372329
-4.414777783347403
-4.365912830687281
-4.459330937024716
-4.387786841786707
-4.506842540463476
-4.521797279901577
-4.464412675858637
-4.441879193741807
-4.480088700274262
-4.502342110986065
-4.377944547053412
-4.379751218564783
-4.425079469490851
-4.4503964405445355
-4.368718253568119
-4.340119323190193
-4.4572993188208105
-4.333736696843695
-4.42750572002325
-4.370722868160044
-4.326762867481049
-4.419623645589779
-4.432968027471601
-4.435397166565731
-4.4220478952458535
-4.437624652547091
-4.329949974007816
-4.377944555936823
-4.431551446695106
-4.423058273033761
-4.376941057533491
-4.425888118205496
-4.558813247868333
-4.38236171272722
-4.394423625497797
-4.414979626763482
-4.487838423342374
-4.383767800069045
-4.439852877141202
-4.4516140750640565
-4.422856180450142
-4.411750925836789
-4.41195267615135
-4.438434833776651
-4.445528110839086
-4.428516921605283
-4.5773967496396315
-4.462582808777159
-4.507047173347738
-4.387384826458673
-4.439447695687846
-4.459127750218302
-4.333138649785175
-4.4572993229915925
-4.349505156177609
-4.302314194175024
-4.352703425095516
-4.418007965355417
-4.480088694412281
-4.386580872667398
-4.437422118370973
-4.348306218221108
-4.451614070734857
-4.524669079179868
-4.382763422222051
-4.549540390809686
-4.45648684496164
-4.3497049993260894
-4.333736699867042
-4.407717266410203
-4.338722588812923
-4.408120515822356
-4.3110494517416855
-4.452222978488405
-4.616794287082355
-4.437827189105405
-4.430337469662482
-4.37774383984559
-4.414575953022061
-4.580498889549257
-4.418815742419571
-4.422654100519905
-4.470108814489772
-4.491104127719179
-4.351303992603537
-4.388791986360831
-4.297752741209917
-4.31224154125069
-4.447758990469375
-4.38798784741432
-4.338124081572682
-4.359304793260311
-4.4692947853231715
-4.3295515016595685
-4.433575227912043
-4.360906128489225
-4.407314036084325
-4.523233023647467
-4.333736696848005
-4.36050575763305
-4.362708084376427
-4.412154429375567
-4.317210932291665
-4.376339049101471
-4.425888124306022
-4.445730888119518
-4.38095593303485
-4.457096194668089
-4.454862193439422
-4.366113181209391
-4.483554577853164
-4.435397163862382
-4.332939308959062
-4.490491693095281
-4.397442549747878
-4.397643868884122
-4.489266972101257
-4.447556147831176
-4.389194085790931
-4.39824782864793
-4.407515643707742
-4.38075513442333
-4.415787049227709
-4.332939310140778
-4.428314671313175
-4.422452031382775
-4.410137159974467
-4.409330436450643
-4.4435006909544175
-4.492124995111582
-4.536785057414533
-4.397039948105548
-4.495597078304148
-4.278748417978531
-4.324572637262046
-4.466243053864292
-4.555720890631675
-4.358504272080352
-4.567892213818295
-4.480496356305467
-4.563351227325318
-4.369319572858621
-4.336129450689426
-4.383767801244159
-4.401469948865688
-4.395228537514443
-4.438232271081152
-4.478458315748994
-4.372126459115116
-4.454862191497913
-4.354303143706656
-4.436814570205944
-4.493146012661455
-4.378145270680429
-4.370121417742781
-4.330946265665082
-4.440865958621687
-4.342913673736238
-4.465429492891838
-4.535757442007869
-4.399455947439769
-4.462582810617863
-4.458111891424172
-4.46787046957485
-4.535962957315466
-4.457096192628788
-4.356103297437324
-4.401268510931642
-4.492533384013069
-4.445122579167532
-4.419017711787074
-4.510936432098182
-4.448773269660542
-4.369520032785372
-4.328754625712657
-4.461769692966328
-4.250543925208587
-4.375937727160481
-4.5041828328645055
-4.504591951565707
-4.369720487371796
-4.386781849637943
-4.4762171850717065
-4.299537273354115
-4.386781851673061
-4.43701708427519
-4.41376868055337
-4.460956674765781
-4.395228531648975
-4.4222499637549
-4.37292864974733
-4.4252816233079955
-4.36190716402909
-4.4046936324200106
-4.435802108563565
-4.485186199434516
-4.560256823929789
-4.320990225353773
-4.395832289557407
-4.502751105566781
-4.314030084912621
-4.326762871048351
-4.332540651702891
-4.396234811371021
-4.411145722950584
-4.430944428349577
-4.356703453125268
-4.341915557918411
-4.397442552134756
-4.499275346170255
-4.4556744698344355
-4.586500362930363
-4.347107488944791
-4.353103317365326
-4.392814091215424
-4.438232279591981
-4.412961502622366
-4.343512635658636
-4.509503287301631
-4.276376833881434
-4.4933502314816565
-4.3363288851131605
-4.33912162249075
-4.4230582700086325
-4.381357548819405
-4.381759200872249
-4.276376831250278
-4.327559497442741
-4.294185148228366
-4.371524890227826
-4.361106321577357
-4.357103593139589
-4.562938560523386
-4.385576067101713
-4.423866674401357
-4.439650287711067
-4.4970272773185895
-4.382160868145173
-4.338922103944849
-4.377743845360056
-4.437017081245794
-4.493350233017395
-4.306680342141572
-4.331544115535711
-4.5295950145089465
-4.3154215109748195
-4.326165459175648
-4.541102739006882
-4.414374127428013
-4.412961498296369
-4.235801029810495
-4.3040999920702605
-4.386580871206877
-4.355303166215391
-4.394624839934736
-4.4008656806446185
-4.383566909072461
-4.426090296636349
-4.300727234367573
-4.431146764900172
-4.3120428470202325
-4.263545932721483
-4.261377094975971
-4.319796527865922
-4.286660066946214
-4.320194404837752
-4.327559490214648
-4.27578407268775
-4.395429784200315
-4.362708102677982
-4.343911971189897
-4.3339360617382034
-4.279736842685683
-4.3597050878922206
-4.350304575098084
-4.354903138372141
-4.356503393254849
-4.366113178503797
-4.325369004856409
-4.4311467607331245
-4.287649699371632
-4.3727280935037225
-4.406709234604227
-4.299537273350071
-4.280329974650766
-4.3074745111146795
-4.30886453146068
-4.37192592738923
-4.401469941834565
-4.3797512118581405
-4.460550203297762
-4.288441523670861
-4.440460711969376
-4.303306242264656
-4.386580868508705
-4.414777786821192
-4.489675192106094
-4.269464691950529
-4.205245087852476
-4.262560008002995
-4.23894331617822
-4.408725450727554
-4.308467354919292
-4.560050583355295
-4.437422115976889
-4.279934551530203
-4.391808331645475
-4.207981264294561
-4.346308465312936
-4.271636271892283
-4.275981653665591
-4.3112481211919365
-4.327957834374262
-4.200557257009172
-4.27420364251369
-4.424675180348789
-4.334135430105473
-4.387585831484351
-4.274796254931883
-4.255859726951625
-4.236979205692595
-4.286660061428574
-4.298347529152059
-4.366513897079214
-4.374332719912096
-4.468684323686128
-4.241497566274918
-4.285274824305356
-4.258814866936209
-4.32516989892828
-4.325966338857062
-4.220700494050336
-4.306680348009242
-4.393216439959661
-4.286066350340371
-4.345309816970429
-4.289827450073146
-4.350504447071145
-4.2536934907304405
-4.263151537517791
-4.312638953204475
-4.283494242239003
-4.378546721138776
-4.321587155607407
-4.366914634630935
-4.367716185860736
-4.31363258836044
-4.311248120326941
-4.358504267447235
-4.286066350345558
-4.322781179773355
-4.285868464337675
-4.264926486949327
-4.460143750640522
-4.301719042071227
-4.33074699664225
-4.417604093648237
-4.211305359488809
-4.221484055508453
-4.370121423602069
-4.266110058357293
-4.249363228304832
-4.230305769592629
-4.394624831190443
-4.331743412579815
-4.332739965077792
-4.337126677994447
-4.30807019869001
-4.342314798546664
-4.289431429439637
-4.247592613548351
-4.209545328853258
-4.36811699833994
-4.367716183225834
-4.218937848551135
-4.4052982491318
-4.306680342160574
-4.2882435645688455
-4.396234813765297
-4.2592089860648725
-4.307474494876674
-4.194507300140983
-4.534729985242172
-4.326762870188326
-4.349105488075066
-4.373530358793857
-4.32417449800361
-4.2126746201360525
-4.2720311898476115
-4.2631515445542085
-4.347507032048511
-4.47784702867462
-4.259800215941258
-4.364310272360193
-4.24896972296205
-4.297554487112709
-4.243659658657823
-4.261179961509938
-4.467056711576984
-4.216979904795918
-4.410943980371188
-4.3647108705636315
-4.316614407737705
-4.409128766875319
-4.287649703699083
-4.385777012994827
-4.268083161134039
-4.1775594249170425
-4.405096698864337
-4.368718262070303
-4.3741321195537175
-4.405096705351862
-4.379349690310511
-4.189047818464228
-4.254284210492004
-4.342514423188069
-4.279934552229108
-4.31701208480639
-4.338722588808066
-4.334334796092648
-4.319199753948674
-4.335730597172848
-4.306283305103265
-4.248969722576406
-4.219133672389221
-4.2623628403113125
-4.300132210336547
-4.354303141003425
-4.226775609909473
-4.372728093488169
-4.236193731408187
-4.346508212935942
-4.214239841677945
-4.305290798644114
-4.36771618169809
-4.280923156496854
-4.2440528449508
-4.335132363665772
-4.2590119236415465
-4.327559501610978
-4.267885817432579
-4.235015698436051
-4.307474513154977
-4.305489277623848
-4.410943990778634
-4.261574229250808
-4.309063130203437
-4.328356229730118
-4.317807519537427
-4.422856185095352
-4.494167183065425
-4.322980211762484
-4.200557258186709
-4.339720224468022
-4.371324376889398
-4.242283697489275
-4.2373719756740496
-4.3982478394439735
-4.34970500519875
-4.243659652162637
-4.321786145080165
-4.2179588065138685
-4.2420871517773575
-4.274796258495147
-4.387987859426025
-4.299537273347238
-4.196068022834589
-4.31681324036683
-4.220896379954642
-4.44025809614232
-4.156778162046977
-4.1426399085428685
-4.223443373250047
-4.226187440133966
-4.409330431891129
-4.261574225772809
-4.294779610755252
-4.35590325727989
-4.284483392242374
-4.325767221687087
-4.360105411280058
-4.2434630736339605
-4.2334453350439
-4.183982544629259
-4.341516323661947
-4.236782793543136
-4.247789325105707
-4.319000852755613
-4.311645472234878
-4.253890385306915
-4.23069811860382
-4.234623068575127
-4.37092336959987
-4.463599339731741
-4.2167841603006675
-4.305489287557117
-4.204072791152512
-4.167451489268876
-4.245625832986769
-4.33513236220551
-4.398449173215146
-4.265320984219574
-4.179699734755631
-4.306481816617281
-4.3423147796535435
-4.250543923745233
-4.274796252990199
-4.322781186815348
-4.292402101699109
-4.2491664652491155
-4.3249708123005615
-4.199776284883689
-4.354903136842248
-4.2674911639792095
-4.326364587235085
-4.2303057689908155
-4.205635885573571
-4.4341824884548275
-4.384370502137784
-4.206613007597755
-4.2594060561088165
-4.293194505958308
-4.167451490126186
-4.18787854619849
-4.469091287220627
-4.222659574343887
-4.299735586256089
-4.226971673583424
-4.237371977202171
-4.242873352441143
-4.275191364811708
-4.264334775599564
-4.271438831294597
-4.2407115351119
-4.277364889475226
-4.17931053179392
-4.160269240605655
-4.210327507719937
-4.25251221669802
-4.351903698041853
-4.397241251699922
-4.33712668878651
-4.258026693505757
-4.215218297375641
-4.278946097313219
-4.219525340775628
-4.202314783558735
-4.271833728549303
-4.32994997400505
-4.25389039059396
-4.255662767495125
-4.299933898885934
-4.20485430331643
-4.437422120313004
-4.419623644727792
-4.167451488089452
-4.180478208774742
-4.423664566392884
-4.122938840685495
-4.286857980790115
-4.206026731922171
-4.290223479416823
-4.1929469644997575
-4.305290788711915
-4.143800749601233
-4.300925568281016
-4.2562536694734705
-4.2399255910901905
-4.320194398350462
-4.1699769399508
-4.225011260770663
-4.315023927011694
-4.346308457418508
-4.301123937720059
-4.2475926099768975
-4.263743138546067
-4.3735303572621165
-4.350104716691275
-4.263348736187114
-4.192361936879561
-4.225403291468855
-4.276179234614257
-4.212870249518106
-4.269464693122137
-4.647012444345746
-4.255662766313679
