0.008820819999999998
0.023271039999999993
0.0315397
0.03514342
0.04160791999999999
0.048009720000000006
0.052470860000000015
0.055557320000000014
0.058435020000000025
0.05959628000000002
0.06334282000000004
0.06287272000000003
0.06476856000000003
0.06656778000000005
0.06790216000000003
0.07006152000000003
0.07264518000000003
0.07436128000000003
0.07428342000000004
0.07418106000000005
0.07376894000000005
0.07460048000000004
0.07374902000000004
0.07435696000000004
0.07460862000000004
0.07614526000000003
0.07649678000000003
0.07879386000000003
0.07702928000000003
0.07891658000000004
0.08018160000000003
0.08065360000000003
0.08021292000000002
0.07793344000000002
0.07979628000000001
0.08114086000000004
0.08335052000000003
0.08219090000000001
0.08352582000000001
0.08640336000000001
0.08540226000000002
0.08463784
0.08511092000000002
0.08329166000000003
0.08177056000000003
0.08121210000000001
0.08397272000000003
0.08303042000000004
0.08606926000000004
0.08619238000000003
0.08588510000000005
0.08444158000000002
0.08498260000000002
0.08570302000000002
0.08625732000000003
0.08775158000000002
0.08693686000000003
0.08789970000000003
0.09100652000000002
0.09362708000000003
0.09693796000000005
0.09805200000000003
0.09800300000000003
0.09859900000000003
0.10153666000000003
0.10430968000000002
0.10316900000000004
0.10488028000000003
0.10519486000000004
0.10615566000000004
0.10714072000000002
0.11006502000000001
0.10859510000000004
0.10945812000000002
0.11238316000000001
0.11261802000000003
0.11453032
0.11373153999999999
0.11545226
0.11531928000000001
0.11793654
0.11841296
0.11514406
0.11420667999999999
0.11506309999999999
0.11501498
0.11602982
0.11635587999999998
0.1166657
0.11685262000000002
0.11738742
0.11502184000000003
0.11561802000000002
0.11333286000000004
0.11497088000000004
0.11362018000000003
0.11338694000000003
0.11338804000000004
0.11090032000000002
0.11116454000000003
0.11202728000000003
0.11294106000000002
0.11354696000000004
0.11323168000000003
0.11222662000000003
0.11292644000000004
0.11061128000000005
0.10939196000000007
0.11039712000000006
0.11055784000000006
0.10748024000000006
0.10600934000000006
0.10594462000000007
0.10794850000000007
0.10849930000000006
0.10753350000000006
0.10878604000000007
0.11061268000000006
0.10766084000000005
0.11131340000000005
0.11253976000000004
0.11444354000000007
0.11395310000000006
0.11632982000000006
0.11633972000000004
0.11798726000000004
0.11563038000000002
0.11436150000000005
0.11295198000000006
0.11179468000000005
0.11180676000000003
0.11063594000000006
0.10950630000000006
0.11114994000000004
0.10745800000000004
0.10885282000000003
0.10605510000000005
0.10736558000000004
0.10769158000000006
0.10915142000000005
0.10966434000000007
0.11025438000000004
0.10983844000000006
0.10802976000000004
0.10988958000000007
0.11060162000000005
0.10939638000000006
0.10560296000000005
0.10745780000000008
0.10679264000000006
0.10948302000000006
0.11019060000000006
0.11148176000000007
0.11250752000000006
0.11444700000000005
0.11469992000000005
0.11410644000000007
0.11367178000000006
0.11175680000000007
0.11153360000000007
0.11024204000000007
0.10914262000000004
0.11003728000000004
0.10896468000000004
0.10749938000000003
0.10874638000000005
0.10876686000000005
0.10796216000000004
0.10924122000000004
0.11054888000000006
0.11143716000000005
0.11422484000000005
0.11322458000000005
0.11193204000000005
0.11561050000000005
0.11628414000000004
0.11475936000000005
0.11250244000000002
0.10949660000000005
0.10812436000000006
0.10810034000000006
0.10991816000000004
0.11172772000000003
0.11122752000000002
0.11196210000000004
0.11206506000000005
0.11281340000000008
0.11021384000000005
0.10871868000000007
0.10856286000000007
0.10804766000000005
0.10659394000000005
0.10592228000000006
0.10679860000000004
0.10732790000000003
0.10797436
0.10786936000000001
0.10514018000000004
0.10421594000000002
0.10514620000000001
0.10352234000000003
0.10337648000000002
0.10402934000000003
0.10240952
0.10124484
0.10351076000000002
0.10549462
0.10588648
0.10539660000000001
0.10532486000000002
0.1067213
0.10593588000000002
0.10645956000000002
0.1070083
0.10676492000000001
0.10394484000000002
0.10405278
0.10515038
0.10612634
0.10628108000000001
0.10734166000000002
0.10887506000000002
0.10750496000000002
0.10679816000000003
0.10495628000000004
0.10314750000000003
0.10171884000000002
0.10056378
0.10279604
0.10093959999999999
0.10040208
0.09874078000000003
0.09930770000000001
0.09963426
0.10114792
0.10287596
0.10312596000000002
0.10261108000000001
0.10361070000000001
0.10694970000000001
0.10688696000000002
0.10550830000000001
0.10626390000000002
0.10774146000000001
0.10590348000000002
0.10391846
0.10588608000000001
0.10661974
0.10724644000000001
0.10691306
0.10822674000000003
0.10591184000000002
0.10595254000000001
0.10879642000000002
0.11009298000000001
0.11143826000000001
0.11362056000000002
0.11293676000000001
0.11522486000000001
0.11394069999999999
0.11464321999999999
0.11358286
0.11153229999999997
0.11142447999999998
0.11103803999999996
0.11287675999999999
0.11290399999999998
0.11210386
0.11086057999999997
0.10988161999999999
0.11016436
0.11173554
0.11054552000000001
0.11107394
0.10991662000000002
0.11100444000000001
0.11378058
0.11187302
0.11002918
0.11036438000000003
0.11199298000000002
0.11253182000000002
0.11576504
0.11717382000000001
0.1177355
0.11739055999999999
0.11591577999999998
0.11706911999999998
0.11853969999999998
0.11673921999999998
0.11590195999999998
0.11562619999999997
0.11668194
0.11648225999999998
0.11625656
0.1166451
0.11780333999999999
0.11895989999999998
0.12029819999999997
0.11887218
0.11785833999999998
0.1161188
0.11574406
0.11407012
0.11463178000000002
0.11202224000000001
0.11277626000000002
0.11462175999999999
0.11338574000000001
0.11251701999999998
0.11316868
0.1133317
0.10958498
0.10988094
0.10888452000000001
0.10820434000000001
0.10847666
0.10968641999999999
0.1075464
0.10439195999999999
0.10288256000000001
0.10153044000000001
0.10114208000000001
0.10049898
0.09740688000000003
0.09605854000000001
0.09555098000000001
0.09543644000000001
0.09486641999999999
0.09546123999999999
0.09679904
0.09546486
0.09640463999999999
0.09723957999999999
0.09705865999999999
0.09617732
0.09643447999999999
0.09984027999999999
0.09941515999999996
0.10029951999999998
0.10152747999999995
0.10333119999999997
0.10118493999999995
0.09874389999999997
0.09785167999999998
0.09535455999999998
0.09468499999999999
0.09847799999999995
0.09504793999999996
0.09575007999999997
0.09847595999999997
0.09781125999999997
0.10147319999999997
0.10110807999999995
0.10128799999999995
0.10261405999999994
0.10215377999999994
0.10594181999999992
0.10594395999999992
0.10816755999999993
0.10489537999999993
0.10787031999999991
0.10860053999999991
0.11139745999999988
0.11081275999999989
0.11165627999999989
0.11159165999999988
0.1123520599999999
0.1131324399999999
0.1118566399999999
0.10971095999999989
0.1123520999999999
0.1098059799999999
0.10955059999999989
0.1089383599999999
0.11028229999999993
0.10856285999999991
0.10603167999999993
0.1084015199999999
0.10774151999999992
0.10737479999999992
0.10633711999999992
0.10787323999999991
0.10654213999999992
0.10630171999999993
0.10456277999999992
0.10761789999999995
0.1100808799999999
0.11096231999999989
0.10890903999999992
0.11113739999999993
0.10689633999999995
0.10542319999999995
0.10631413999999996
0.10901509999999995
0.10957009999999995
0.10772803999999997
0.10613405999999996
0.10363417999999996
0.10327141999999995
0.10553787999999993
0.10805225999999994
0.10636783999999994
0.10652415999999994
0.10610259999999994
0.10808301999999995
0.10581537999999995
0.10751263999999995
0.10858473999999994
0.10933895999999993
0.11247501999999994
0.1153609799999999
0.11389943999999992
0.11211321999999992
0.1137531799999999
0.11510887999999991
0.1152377399999999
0.1114479399999999
0.1134138599999999
0.11005547999999993
0.10997535999999992
0.10841155999999992
0.11186573999999994
0.10969993999999993
0.10932235999999992
0.1099427799999999
0.10909777999999992
0.10761053999999991
0.10533769999999994
0.10505235999999993
0.10430411999999993
0.10448785999999993
0.10382779999999993
0.10403169999999992
0.10147695999999992
0.10299325999999993
0.10472227999999992
0.10503527999999993
0.10182597999999993
0.10395293999999992
0.10703785999999994
0.10741959999999993
0.10470391999999994
0.10283401999999996
0.10230329999999994
0.10113091999999994
0.10386749999999996
0.10381155999999994
0.10122011999999994
0.10353955999999993
0.10256291999999995
0.10496527999999991
0.10752385999999993
0.1087168599999999
0.10934381999999992
0.11009909999999991
0.10989341999999992
0.10653933999999993
0.10665143999999993
0.10404589999999996
0.10516823999999994
0.10656975999999993
0.10582485999999997
0.10367043999999995
0.10616025999999995
0.10740791999999993
0.11073867999999994
0.10743711999999993
0.10851557999999993
0.10860439999999993
0.10982637999999993
0.11033385999999991
0.11073333999999992
0.1142338999999999
0.11647891999999992
0.11648613999999989
0.1133112199999999
0.11143277999999991
0.1100601399999999
0.10978599999999991
0.1091951599999999
0.10740749999999992
0.10647397999999991
0.10733615999999993
0.10614333999999992
0.10352963999999992
0.10216413999999993
0.10230989999999993
0.10372671999999993
0.10252133999999993
0.10151769999999996
0.09967425999999993
0.10058669999999995
0.10148089999999993
0.09970677999999993
0.09906543999999994
0.09694253999999995
0.09838343999999997
0.09811553999999997
0.09867931999999997
0.09977945999999997
0.09804497999999999
0.09964415999999998
0.09713991999999998
0.09623065999999998
0.09654415999999998
0.09585951999999999
0.09490383999999999
0.09580938
0.09598367999999999
0.09616993999999998
0.09768937999999996
0.09688461999999996
0.09579315999999999
0.09430729999999997
0.0950519
0.09584259999999997
0.09729357999999998
0.09815655999999998
0.10015255999999997
0.10079221999999997
0.10229179999999997
0.10321657999999997
0.10365293999999997
0.10363251999999995
0.10461959999999997
0.10435685999999997
0.10508837999999997
0.10510171999999997
0.10598649999999996
0.10716557999999995
0.10554409999999997
0.10552005999999997
0.10373193999999997
0.10452137999999994
0.10927601999999993
0.10616329999999995
0.10613217999999996
0.10430691999999997
0.10472829999999998
0.10455837999999996
0.10553383999999993
0.10700615999999993
0.10646323999999995
0.10403285999999996
0.10579015999999995
0.10347953999999997
0.10137203999999997
0.10158183999999995
0.10152635999999995
0.10030597999999996
0.09975037999999996
0.09866869999999997
0.09874457999999996
0.09827987999999994
0.09736603999999995
0.09729385999999994
0.09741609999999995
0.09689127999999997
0.09897991999999994
0.10102601999999995
0.10166207999999993
0.10254759999999993
0.10288177999999994
0.10432917999999994
0.10721719999999994
0.10764925999999991
0.10588877999999995
0.10844799999999996
0.10885679999999993
0.11075015999999994
0.11179281999999993
0.11064981999999994
0.10627239999999995
0.10575389999999996
0.10617293999999994
0.10684445999999995
0.10751923999999996
0.10671857999999995
0.10972555999999994
0.10745477999999994
0.10764907999999995
0.10760597999999995
0.10642421999999996
0.10704247999999994
0.10678291999999995
0.10675607999999995
0.10678441999999994
0.10559251999999994
0.10564839999999993
0.10616261999999993
0.10654733999999993
0.10727561999999996
0.10585401999999997
0.10460447999999996
0.10569435999999996
0.10698699999999997
0.10761193999999996
0.10742971999999998
0.10817361999999996
0.10819881999999997
0.10771483999999998
0.10734143999999998
0.10460092
0.10580411999999999
0.10440271999999999
0.10632827999999998
0.10377843999999997
0.10406127999999999
0.1032341
0.10253073999999998
0.10298425999999998
0.10116125999999998
0.10124571999999998
0.10132345999999998
0.10005731999999996
0.10110511999999997
0.10172441999999997
0.10509743999999996
0.10589377999999995
0.10933339999999994
0.11140213999999993
0.11187759999999992
0.11104385999999994
0.11277313999999991
0.11290283999999992
0.11235213999999992
0.11170497999999991
0.11197677999999991
0.11269109999999992
0.11365465999999991
0.11211613999999993
0.11106285999999992
0.11058493999999992
0.10714917999999994
0.10452647999999996
0.10176139999999995
0.10363949999999995
0.10271203999999995
0.10305617999999996
0.10669583999999997
0.10667461999999996
0.10626147999999995
0.10757355999999994
0.10754179999999997
0.10972607999999998
0.11134259999999997
0.10989355999999997
0.11154101999999995
0.11028665999999995
0.10974485999999996
0.10673769999999998
0.10383279999999998
0.10327905999999995
0.10375547999999996
0.10638797999999994
0.10551613999999997
0.10727817999999995
0.10525267999999993
0.10754557999999992
0.10739795999999993
0.10491207999999994
0.10602653999999995
0.10749011999999994
0.10638127999999993
0.10859749999999993
0.10708175999999993
0.10716273999999991
0.1069348599999999
0.10376191999999992
0.1014909999999999
0.1034137999999999
0.10059083999999992
0.10070507999999989
0.09917967999999991
0.09562899999999992
0.0979558999999999
0.09585001999999992
0.09541741999999992
0.09461677999999991
0.09489895999999995
0.09728273999999995
0.09795991999999995
0.09792373999999995
0.10051431999999995
0.10412849999999993
0.10402119999999995
0.10480195999999994
0.10388423999999993
0.10438299999999995
0.10885429999999995
0.10785575999999994
0.10844985999999995
0.11002293999999994
0.11039113999999994
0.10944035999999993
0.10780077999999996
0.10901907999999995
0.10908233999999994
0.10998743999999995
0.10858469999999994
0.10975059999999993
0.10767379999999997
0.10934345999999996
0.10888827999999996
0.11047535999999994
0.10863345999999996
0.10896239999999996
0.10900465999999995
0.10833717999999996
0.10824329999999996
0.10739067999999996
0.10656327999999998
0.10375896
0.10223351999999998
0.09947098
0.1016501
0.10520599999999998
0.10830115999999997
0.11012939999999997
0.11221109999999995
0.11141067999999993
0.11303933999999995
0.11285635999999993
0.11025747999999996
0.10962125999999996
0.10651143999999997
0.10677635999999997
0.10490603999999998
0.1023065
0.1018766
0.10428365999999999
0.10396191999999997
0.10292635999999998
0.10209223999999996
0.10328701999999997
0.10195547999999995
0.10311685999999996
0.10369355999999996
0.10370129999999995
0.10151833999999997
0.10348005999999998
0.1049447
0.10324859999999997
0.10318655999999998
0.10285239999999998
0.10345519999999998
0.10457997999999996
0.10428439999999999
0.10344497999999998
0.10335407999999999
0.10410117999999999
0.10383816
0.10265666
0.10193726
0.10034599999999999
0.10169995999999999
0.10333308
0.10137646000000002
0.10134178
0.10232427999999999
0.10586538000000001
0.10746181999999999
0.10652357999999999
0.10546399999999999
0.10883867999999998
0.11117035999999998
0.11234203999999996
0.11319779999999995
0.11432023999999995
0.11438931999999995
0.11249033999999997
0.11328561999999995
0.11091887999999997
0.11013669999999998
0.10837783999999999
0.10769475999999999
0.10681636000000001
0.10611156000000001
0.10735322
0.10698874000000001
0.10617064000000002
0.10586236000000002
0.10721426
0.10355434000000002
0.10478576000000002
0.10606076000000002
0.10713930000000003
0.10954172000000001
0.11002114000000005
0.11009740000000003
0.10972852000000005
0.10752606000000003
0.10650562000000004
0.10579508000000003
0.10470294000000002
0.10369346000000002
0.10492512000000001
0.10558402000000003
0.10807770000000001
0.10942002
0.10957670000000003
0.10776886000000001
0.10553582
0.10709152000000004
0.11203204000000001
0.11150314000000001
0.11158446
0.11178974
0.11160354000000001
0.11085172
0.11054452000000001
0.10846448000000003
0.10653590000000002
0.10423952000000003
0.10522628
0.10403848000000003
0.10268442000000004
0.10269852000000004
0.10253096000000003
0.10088720000000002
0.09935578000000005
0.09673012000000003
0.09505860000000002
0.09519368
0.09416527999999999
0.09432166
0.09190286
0.09480974
0.09577580000000001
0.09798646
0.09778926
0.09664934
0.10066682
0.10025970000000001
0.10541094000000001
0.10614785999999998
0.10530046
0.10535382000000001
0.1039113
0.10495521999999999
0.10577002
0.1062265
0.10395516
0.10423924
0.10483378
0.10409573999999999
0.10216474
0.09965202
0.10218486
0.10098014
0.10290393999999999
0.10178452
0.10259796
0.1032127
0.10392142
0.10562896000000001
0.10795297999999999
0.10608208
0.10835413999999999
0.10817151999999997
0.10667903999999996
0.10661441999999997
0.10745599999999998
0.10557529999999998
0.10747969999999997
0.10470371999999997
0.10681227999999997
0.10634569999999996
0.10656771999999996
0.10806013999999997
0.10862174
0.10785229999999998
0.10912655999999997
0.10882655999999997
0.10860467999999997
0.1072017
0.10966063999999999
0.11003922
0.10957217999999999
0.11023274000000001
0.10859087999999999
0.11120123999999999
0.10945375999999998
0.11337687999999999
0.11336475999999998
0.11389543999999997
0.11578643999999998
0.11445422000000001
0.11351567999999998
0.11546607999999998
0.11521376
0.11430575999999998
0.11505423999999997
0.11400369999999999
0.11422057999999997
0.11424211999999997
0.11250661999999999
0.11190734
0.10882895999999999
0.10854777999999995
0.10788583999999997
0.10633639999999998
0.10687467999999999
0.10605547999999995
0.10591795999999996
0.10466321999999996
0.10163573999999997
0.10196307999999997
0.10340185999999996
0.10024367999999996
0.09916709999999997
0.09697709999999996
0.09830315999999996
0.09919501999999997
0.09831277999999997
0.10049457999999996
0.10158527999999997
0.10007397999999997
0.10115097999999995
0.10292817999999994
0.10626923999999996
0.10794549999999994
0.10541115999999995
0.10613109999999995
0.10448623999999995
0.10343105999999995
0.10227033999999996
0.10153935999999994
0.10207153999999996
0.10432161999999995
0.10471469999999992
0.10604805999999992
0.10640765999999992
0.11026791999999994
0.11252127999999993
0.11119335999999994
0.11267663999999993
0.11470835999999995
0.11673849999999994
0.11860435999999996
0.12058319999999995
0.12041531999999996
0.11969671999999995
0.11848573999999995
0.11716835999999993
0.11423395999999997
0.11502431999999997
0.11329411999999996
0.11327907999999998
0.11035143999999995
0.10732733999999995
0.10888543999999996
0.10819607999999996
0.10812801999999998
0.10867535999999997
0.10801923999999996
0.10907763999999996
0.11115393999999998
0.11043079999999997
0.11101188
0.10849257999999999
0.11065329999999998
0.11022721999999996
0.11072941999999998
0.11204669999999999
0.11098751999999998
0.11127249999999998
0.11066882
0.11067771999999998
0.1099855
0.10818749999999998
0.11137741999999999
0.10859973999999997
0.10765949999999998
0.10770949999999997
0.10707661999999997
0.10627189999999999
0.11117599999999998
0.11238517999999999
0.10969269999999998
0.10853803999999999
0.11046554
0.10600048
0.10664088
0.10600282
0.10762264
0.10821972
0.10616855999999998
0.10689958000000001
0.10959558000000001
0.10875156000000001
0.10904322000000001
0.11137922000000001
0.11085476000000001
0.11149366000000001
0.11079718
0.11079293999999998
0.11077381999999998
0.1077449
0.10680959999999999
0.10400075999999998
0.10700502
0.10621907999999998
0.10719653999999997
0.10879989999999998
0.10515539999999998
0.10427049999999997
0.10506027999999996
0.10555361999999999
0.10672357999999998
0.10997905999999996
0.10964318
0.11231546000000002
0.11164660000000001
0.11279814000000002
0.11392644
0.11254062000000001
0.11235764
0.11019846
0.10680027999999998
0.10826801999999999
0.10782777999999997
0.10586795999999998
0.10631011999999998
0.10540831999999996
0.10299841999999997
0.10298495999999996
0.10320193999999998
0.10552517999999997
0.10672179999999998
0.10534151999999995
0.10484685999999996
0.10489329999999997
0.10677732
0.10703885999999997
0.10814568
0.10745867999999996
0.1098584
0.11463438
0.11455932
0.11309175999999999
0.11338542
0.11388045999999999
0.11486986000000002
0.11555348
0.11565007999999999
0.1150846
0.11255346
0.11304358
0.11044013999999996
0.11258009999999999
0.11364052000000001
0.11490744000000001
0.11464442000000002
0.11584520000000001
0.11598120000000002
0.11436233999999999
0.11299089999999999
0.1130949
0.11277004000000002
0.11347325999999999
0.11562246000000002
0.11680316000000002
0.11432298000000002
0.11285344
0.10966213999999998
0.10717203999999998
0.10686245999999996
0.10406675999999998
0.10507875999999997
0.10605457999999997
0.10610077999999998
0.10849452
0.10936098
0.10969987999999997
0.1101258
0.11380169999999999
0.11284512
0.11289086
0.11308691999999997
0.11258753999999999
0.11238171999999999
0.11301899999999998
0.11094289999999997
0.10728067999999995
0.10556989999999995
0.10449339999999994
0.10642551999999997
0.10683705999999997
0.10531147999999996
0.11022709999999997
0.11035965999999997
0.10811241999999996
0.10831537999999999
0.10716574
0.11072049999999999
0.11148408
0.11241565999999999
0.1092688
0.10916269999999999
0.11078906
0.11233348
0.11441713999999999
0.11239537999999999
0.11120386
0.11176331999999999
0.11214816
0.11352529999999998
0.11345183999999998
0.11299205999999998
0.11346527999999996
0.11299663999999998
0.11077205999999996
0.11076915999999998
0.10914373999999998
0.10706075999999998
0.10616135999999997
0.10469085999999997
0.10696189999999998
0.10503789999999996
0.10369537999999995
0.10630509999999996
0.10715775999999995
0.10538541999999997
0.10455331999999994
0.10675733999999995
0.10491029999999991
0.10785885999999996
0.10498125999999995
0.10711389999999994
0.10803525999999994
0.10848897999999994
0.10937831999999995
0.11207465999999995
0.11146551999999996
0.11191181999999994
0.11148059999999996
0.10983525999999993
0.10908453999999995
0.10943525999999995
0.11056999999999995
0.11068455999999995
0.11283385999999997
0.11382515999999995
0.11688473999999996
0.11630061999999995
0.11597303999999994
0.11639517999999996
0.11491545999999994
0.11261073999999993
0.11034721999999995
0.11057933999999994
0.10918921999999993
0.10942645999999993
0.10808455999999993
0.10919957999999994
0.10846595999999994
0.10527223999999993
0.10658271999999994
0.10494325999999995
0.10410827999999996
0.10488689999999995
0.10536911999999994
0.10355533999999994
0.10401275999999993
0.10131793999999993
0.10269369999999992
0.10467997999999992
0.10494221999999992
0.10349533999999991
0.10525607999999992
0.10444955999999993
0.10646925999999994
0.10652811999999993
0.10845503999999995
0.11057985999999992
0.11179949999999994
0.11226137999999995
0.11530883999999997
0.11748315999999998
0.12002501999999994
0.11919491999999997
0.11836153999999997
0.11749719999999997
0.11611783999999997
0.11541429999999997
0.11732969999999997
0.11622105999999995
0.11062577999999994
0.10965239999999993
0.10951781999999993
0.11056369999999995
0.11118875999999993
0.1122375599999999
0.11425179999999995
0.11577805999999993
0.11623217999999996
0.11895487999999997
0.11718521999999996
0.11419337999999996
0.11511771999999997
0.11297633999999998
0.11262907999999996
0.11308645999999997
0.11200713999999998
0.10874391999999997
0.10811575999999995
0.10716595999999998
0.10677789999999998
0.10819601999999996
0.10934549999999996
0.10652341999999998
0.10816205999999993
0.10797639999999996
0.10916679999999995
0.10947223999999994
0.11212329999999994
0.10996139999999993
0.11033081999999995
0.10821915999999994
0.10873523999999996
0.10924915999999996
0.10797685999999995
0.10629629999999994
0.11017129999999996
0.10944475999999996
0.10885571999999996
0.10754331999999996
0.10545119999999995
0.10627401999999997
0.10598595999999998
0.10744175999999996
0.10844789999999996
0.10768603999999997
0.10795763999999995
0.10926711999999995
0.10989891999999996
0.10931139999999996
0.10767771999999994
0.10877815999999996
0.10824051999999995
0.10770185999999995
0.10740593999999995
0.10880807999999993
0.10546147999999991
0.10591849999999994
0.10757593999999994
0.10657357999999995
0.10563237999999994
0.10654441999999995
0.10456275999999992
0.10339617999999995
0.10158471999999995
0.10137037999999993
0.09989101999999991
0.10053589999999994
0.09781383999999996
0.09705535999999994
0.10018105999999995
0.09779989999999994
0.09843411999999993
0.09775345999999993
0.09668133999999991
0.09755635999999993
0.10041933999999991
0.10094149999999992
0.10119845999999992
0.10274617999999991
0.10230661999999992
0.10398109999999992
0.10375977999999993
0.10060941999999994
0.10240259999999993
0.10071111999999992
0.10107005999999993
0.10208757999999993
0.10305665999999994
0.10624709999999993
0.10419941999999993
0.10395801999999993
0.10695955999999994
0.10513673999999995
0.10614885999999993
0.10821147999999994
0.10654045999999993
0.10578595999999992
0.10405745999999992
0.10355545999999989
0.10375167999999992
0.10364241999999992
0.10156607999999993
0.10181341999999992
0.10361157999999993
0.10335059999999992
0.10452615999999992
0.10363429999999994
0.10429953999999991
0.10524527999999993
0.10297115999999992
0.10340557999999991
0.10351387999999993
0.09982063999999992
0.09905975999999994
0.0974917199999999
0.10052101999999995
0.10011629999999994
0.10256411999999994
0.10482043999999995
0.10668599999999995
0.10694791999999995
0.10577341999999995
0.10448273999999995
0.10361179999999993
0.10399411999999994
0.10557561999999994
0.10727495999999995
0.10719111999999996
0.10727835999999996
0.10698325999999997
0.10629275999999996
0.10515843999999994
0.10159349999999996
0.10332097999999995
0.10331951999999996
0.10339393999999995
0.10450679999999996
0.10770991999999996
0.10900679999999997
0.11195225999999998
0.11593395999999999
0.11635368
0.1145041
0.11501774000000001
0.11468841999999999
0.11472649999999998
0.11465703999999999
0.11067703999999999
0.11090563999999999
0.10951156000000001
0.10927537999999998
0.10677727999999999
0.10817277999999998
0.10749344
0.10707759999999998
0.10642705999999996
0.10486975999999998
0.10321767999999999
0.10221613999999998
0.10118773999999998
0.09993374
0.10280812
0.10607888000000003
0.10746628000000001
0.10586891999999999
0.10848876
0.10958204
0.11288481999999998
0.11203272
0.11131720000000002
0.11145237999999999
0.11154937999999999
0.11096115999999999
0.11106616000000001
0.11101678
0.10962097999999998
0.10906181999999999
0.11054834
0.10989964
0.11285005999999999
0.11289246
0.11450433999999998
0.11630074
0.11230961999999999
0.11084571999999998
0.1110823
0.10820159999999998
0.10774676
0.10928145999999998
0.11215357999999999
0.11080358
0.11385348
0.11507050000000002
0.11199014000000002
0.11135868000000002
0.10990684000000002
0.11354980000000003
0.11851710000000004
0.11667298000000006
0.11778594000000008
0.11727132000000004
0.11885260000000006
0.11994186000000007
0.12203186000000008
0.12056190000000008
0.12069718000000008
0.12118430000000008
0.11951850000000007
0.11709330000000007
0.11481504000000006
0.11673726000000009
0.11660228000000006
0.11622364000000004
0.11557002000000006
0.11370212000000006
0.11094616000000006
0.11328678000000007
0.11427226000000004
0.11264404000000006
0.11125124000000003
0.10893868000000005
0.10761228000000003
0.11174014000000003
0.11071644000000004
0.11094728000000005
0.11211700000000006
0.11161206000000005
0.10918468000000006
0.10867412000000005
0.10743426000000005
0.10719032000000006
0.10862526000000006
0.10486558000000004
0.10385524000000004
0.10364076000000004
0.10437410000000004
0.10477936000000004
0.10150904000000004
0.09988838000000005
0.10340760000000007
0.10444596000000007
0.10401534000000007
0.10192920000000007
0.10119930000000005
0.10255956000000005
0.10165436000000003
0.09985558000000004
0.09887508000000005
0.10029966000000004
0.09904646000000002
0.09838384000000001
0.09662332000000001
0.09682478000000001
0.09436338000000001
0.09466884
0.09435224
0.09268446
0.09229404000000001
0.09321201999999999
0.09199599999999998
0.09125082
0.09240055999999999
0.09377636
0.09473298
0.09637924
0.09797224
0.09946442
0.09776755999999999
0.09833298000000001
0.097856
0.09609896
0.09805009999999999
0.09631953999999997
0.09561113999999998
0.09468947999999999
0.09409148
0.09263164
0.09376293999999998
0.09503517999999996
0.09492365999999997
0.09758577999999997
0.09878455999999998
0.09704805999999998
0.0967213
0.09818112
0.10007706
0.09902396
0.0989885
0.09937039999999998
0.09761446
0.09587863999999997
0.09822995999999998
0.10015281999999998
0.09996025999999997
0.09725119999999998
0.09973993999999997
0.09865627999999997
0.10114541999999999
0.10182849999999999
0.10101171999999999
0.10295701999999997
0.10357187999999998
0.10340559999999996
0.10527279999999997
0.10486153999999999
0.10389995999999999
0.10342953999999999
0.10157757999999997
0.09984535999999998
0.09926615999999999
0.09915714000000002
0.10071102
0.10223151999999999
0.10614584
0.10755310000000001
0.10763108000000003
0.11011680000000001
0.11124041999999999
0.11051012
0.11206442000000003
0.10958020000000002
0.11067993999999999
0.1103305
0.10903780000000002
0.10672816000000002
0.10577584000000001
0.10519922000000001
0.10717426000000002
0.10811414000000001
0.10697950000000002
0.10493476000000002
0.10507134000000001
0.10304164
0.10271243999999999
0.10042634
0.09920694
0.09999592
0.10077725999999998
0.09932862
0.09850914
0.09726806
0.09581318
0.09666193999999999
0.09595483999999999
0.09689147999999999
0.09749594
0.09477457999999998
0.09582163999999999
0.09584529999999997
0.09823923999999998
0.09935275999999997
0.09916453999999997
0.10152781999999999
0.09973143999999998
0.09900101999999997
0.10187239999999999
0.10229455999999999
0.10330484000000001
0.09927221999999997
0.10003901999999996
0.10170111999999996
0.10160477999999996
0.09850911999999998
0.10093099999999997
0.10105927999999995
0.10459328
0.10837081999999999
0.11130079999999999
0.10958289999999998
0.10829942
0.11129452000000001
0.10992964000000001
0.11013108000000002
0.11094002000000001
0.10904106000000002
0.11131808000000003
0.10970856000000001
0.10784434000000001
0.10697704000000002
0.10596109999999999
0.10564658000000002
0.10493646
0.10509622
0.10534468000000001
0.10765409999999999
0.10839138
0.11077274000000002
0.11182568000000004
0.11167320000000004
0.11172024000000004
0.11235804000000003
0.11121076000000002
0.11007906000000002
0.11156928000000005
0.11193360000000004
0.11218618000000002
0.11229030000000005
0.11152744000000003
0.11145120000000006
0.11139846000000006
0.11101830000000003
0.11444888000000006
0.11640462000000007
0.11641720000000007
0.11621874000000007
0.11564876000000007
0.11390906000000005
0.11344004000000005
0.11225470000000003
0.11171078000000005
0.10900234000000003
0.10840684000000003
0.10949430000000004
0.11250892000000005
0.11195088000000006
0.11431986000000005
0.11246406000000003
0.11193774000000004
0.11127950000000002
0.11353096000000004
0.11343832000000004
0.11344852000000002
0.11410310000000007
0.11274038000000004
0.11059958000000002
0.11230344000000002
0.11187118000000003
0.11330098000000004
0.11222212000000004
0.11124222000000003
0.11351020000000006
0.11163888000000004
0.11350580000000005
0.11476782000000003
0.11328124000000005
0.11485606000000004
0.11152906000000005
0.11284524000000004
0.11258378000000004
0.11353106000000004
0.11386638000000004
0.11262058000000003
0.11390808000000005
0.11382002000000004
0.11472804000000003
0.11333084000000004
0.11351254000000002
0.11382770000000005
0.11343246000000004
0.11181820000000003
0.11379886000000004
0.11233648000000002
0.11348874000000003
0.11377038000000006
0.11453266000000006
0.11814632000000007
0.11572258000000005
0.11523588000000004
0.11666048000000007
0.11561482000000005
0.11266702000000003
0.11222680000000004
0.11151618000000002
0.10770788000000003
0.10654066000000001
0.10732750000000003
0.10715976
0.10804970000000001
0.10875897999999999
0.10801341999999998
0.1080536
0.10798825999999999
0.10606847999999999
0.10521719999999998
0.10412502
0.10226543999999997
0.10283161999999997
0.09966327999999997
0.09981524
0.09844879999999998
0.09991449999999999
0.10082854
0.10055947999999998
0.09550111999999998
0.09596845999999998
0.09325215999999997
0.09523393999999996
0.09798331999999998
0.09665453999999997
0.10085183999999998
0.10120427999999998
0.10064409999999999
0.10206617999999996
0.10218208
0.10209809999999997
0.10287172000000001
0.10437714000000002
0.10544343999999999
0.10563322000000001
0.10572664
0.10646329999999998
0.10580355999999998
0.10511565999999999
0.10636858
0.10555030000000003
0.10474326000000002
0.10509680000000003
0.10656758000000004
0.10408628
0.10354576
0.10426898000000001
0.10560982000000002
0.10534862000000002
0.10480936
0.10488706000000002
0.10410372000000002
0.10251140000000002
0.09944499999999999
0.09832487999999998
0.09519731999999997
0.09572564
0.09765532
0.09586292
0.0959828
0.09651484
0.09676621999999999
0.09830509999999998
0.09755999999999998
0.10112096
0.10155601999999998
0.10141767999999997
0.10317275999999996
0.10049075999999996
0.10058455999999996
0.09881841999999995
0.09944413999999996
0.09839121999999995
0.09787703999999994
0.10009879999999996
0.10234839999999998
0.10455668
0.10493201999999996
0.10562947999999998
0.10323853999999998
0.10523629999999999
0.10478314000000001
0.10395621999999999
0.10614744
0.10433492
0.10332104000000002
0.10313678
0.10521222
0.10569316000000001
0.10274306
0.10434894
0.10292934000000001
0.10198990000000001
0.10266732
0.10269892
0.10078134
0.10049201999999997
0.09962385999999998
0.09952279999999998
0.09881731999999997
0.09761975999999997
0.09790931999999998
0.09663041999999997
0.09551245999999997
0.09425493999999997
0.09599023999999996
0.09637123999999997
0.09730641999999999
0.09517861999999998
0.09903865999999997
0.09828901999999999
0.09633191999999999
0.09793531999999999
0.09775272000000002
0.09729325999999999
0.10156586
0.09992443999999999
0.10132017999999998
0.10052836
0.09822581999999996
0.09769883999999998
0.09515353999999998
0.09440206
0.09478749999999998
0.09403257999999998
0.09655367999999999
0.10137493999999998
0.10189798
0.10065687999999998
0.10088007999999998
0.10286517999999997
0.10308187999999997
0.10152984
0.10168895999999997
0.09870439999999998
0.0992277
0.09937518
0.09879210000000001
0.09793995999999999
0.09708316000000002
0.09828306000000002
0.09899956
0.10183586000000001
0.10363892000000002
0.10239724000000003
0.10385636000000002
0.10540044000000001
0.10659256000000003
0.1067565
0.10513944
0.10566472
0.10574236
0.1063878
0.10718586000000001
0.10683532000000001
0.10786920000000003
0.10887764000000003
0.11102418000000004
0.11105448000000002
0.10961738
0.10991958
0.11201326000000002
0.11352454000000002
0.11166882000000002
0.11279516000000003
0.11190418
0.11238660000000002
0.11255760000000002
0.11214710000000001
0.11168962000000002
0.10934198000000002
0.10898978000000004
0.10871468000000002
0.11064950000000003
0.10701540000000001
0.10699234
0.10879058000000001
0.11162674000000003
0.11047966000000002
0.11120434000000001
0.11333936000000003
0.11229318000000005
0.11197294000000003
0.11334376000000003
0.10982394000000002
0.10950134000000002
0.10737724
0.10782220000000002
0.10451917999999999
0.10791108
0.10628472
0.10547028000000001
0.10477428
0.10125798
0.10221575999999999
0.10155785999999999
0.10199797999999997
0.10226071999999999
0.10194231999999999
0.10152935999999999
0.1031673
0.10181961999999999
0.10187273999999999
0.10097359999999998
0.09933398
0.09987309999999999
0.09897619999999999
0.10209066
0.10317653999999997
0.10478199999999999
0.10669627999999999
0.10312204
0.10503552
0.10621508
0.10642348000000001
0.10791706000000001
0.10789430000000001
0.10881801999999999
0.11106722000000001
0.11206476
0.109991
0.10806106
0.1076771
0.10736008
0.10722394000000002
0.10762063999999999
0.10719768
0.10380574
0.10526569999999999
0.10503226
0.10685130000000001
0.1087377
0.10847006000000001
0.10691506
0.10575382000000001
0.10685704000000001
0.10399337999999998
0.10324368
0.1035604
0.10939636000000003
0.10830472000000001
0.10753133999999999
0.10738297999999999
0.10696945999999999
0.10641751999999999
0.10791598000000001
0.10708345999999999
0.11022952
0.11034329999999998
0.11120672
0.10853876
0.10820587999999999
0.10796272
0.10755158
0.10802586000000002
0.10900956
0.1101701
0.10967622000000002
0.10912784000000002
0.10791606000000004
0.10853852000000003
0.10844626000000006
0.10804394000000006
0.10577712000000006
0.10440778000000005
0.10654648000000001
0.10651528000000003
0.10437312000000003
0.10410488000000001
0.10450836000000001
0.10618028000000003
0.10606408
0.10600296000000001
0.10811919999999998
0.10746272000000001
0.1084121
0.11015646
0.11132415999999999
0.11308549999999999
0.11276517999999998
0.11337043999999999
0.11718333999999998
0.11468072
0.11291241999999997
0.11292545999999998
0.11398751999999998
0.11505895999999999
0.11631977999999998
0.11635805999999999
0.11499811999999998
0.11361277999999998
0.11457583999999998
0.11190638
0.11134215999999998
0.11046867999999999
0.11228449999999998
0.11127567999999999
0.11002793999999998
0.10822621999999997
0.10839769999999999
0.10690389999999997
0.10742365999999999
0.10853212
0.10671868
0.10633184
0.10888559999999999
0.10843011999999998
0.10812334
0.11084187999999998
0.10985025999999998
0.10998035999999997
0.11014373999999999
0.10889095999999998
0.10578014
0.10716144
0.10554017999999997
0.10250556
0.10022927999999996
0.09884833999999998
0.09893213999999997
0.10007801999999998
0.10022675999999998
0.10124955999999997
0.10138513999999997
0.10151964
0.10163528
0.1040926
0.10233591999999998
0.09967951999999997
0.10051563999999996
0.09863191999999998
0.10152725999999998
0.10268276
0.10322641999999999
0.10370085999999999
0.10311949999999999
0.1065839
0.10744873999999997
0.10404611999999998
0.10021479999999997
0.09842526
0.09812515999999999
0.09777733999999999
0.10195414
0.10201366
0.10266203999999998
