0.053640000000000056
0.06306000000000009
0.06533600000000003
0.07324000000000008
0.09145600000000008
0.09145600000000008
0.09171600000000005
0.09171600000000005
0.09171600000000005
0.09394000000000008
0.09394000000000008
0.09394000000000008
0.09394000000000008
0.09563600000000001
0.09691199999999998
0.09691199999999998
0.09752399999999999
0.09849200000000001
0.09849200000000001
0.09986400000000002
0.10070400000000007
0.10200399999999993
0.10070400000000007
0.10070400000000007
0.10070400000000007
0.102092
0.10219600000000004
0.10761600000000017
0.10761600000000017
0.10862000000000008
0.1123920000000001
0.12143600000000006
0.12143600000000006
0.12143600000000006
0.12143600000000006
0.11256399999999998
0.11256399999999998
0.1131680000000001
0.1131680000000001
0.12230800000000006
0.12230800000000006
0.12230800000000006
0.12230800000000006
0.12230800000000006
0.12230800000000006
0.12230800000000006
0.12230800000000006
0.115212
0.115212
0.115212
0.11704799999999993
0.11230400000000013
0.11833999999999995
0.11833999999999995
0.12774400000000002
0.12774400000000002
0.12774400000000002
0.12774400000000002
0.12774400000000002
0.13013200000000003
0.13365599999999997
0.13365599999999997
0.13365599999999997
0.13778799999999994
0.13778799999999994
0.14151199999999992
0.14173199999999997
0.14173199999999997
0.14173199999999997
0.14173199999999997
0.14173199999999997
0.14711999999999972
0.15087599999999993
0.14711999999999972
0.14711999999999972
0.14810799999999988
0.15940799999999988
0.15940799999999988
0.15940799999999988
0.15940799999999988
0.15940799999999988
0.15940799999999988
0.15940799999999988
0.15940799999999988
0.15940799999999988
0.15940799999999988
0.16117599999999999
0.16117599999999999
0.16117599999999999
0.16117599999999999
0.16117599999999999
0.16117599999999999
0.16117599999999999
0.14331599999999992
0.15520799999999987
0.15520799999999987
0.15520799999999987
0.15520799999999987
0.15520799999999987
0.15520799999999987
0.14490400000000003
0.14490400000000003
0.14506399999999986
0.15373599999999998
0.15373599999999998
0.15373599999999998
0.15373599999999998
0.15373599999999998
0.15373599999999998
0.15373599999999998
0.15373599999999998
0.15513199999999983
0.15513199999999983
0.1593119999999999
0.1593119999999999
0.1593119999999999
0.1593119999999999
0.1593119999999999
0.1593119999999999
0.1592119999999999
0.1592119999999999
0.1592119999999999
0.1592119999999999
0.16137199999999977
0.16774799999999987
0.16774799999999987
0.1591199999999999
0.1591199999999999
0.16041600000000011
0.16041600000000011
0.16041600000000011
0.16041600000000011
0.16041600000000011
0.16041600000000011
0.16041600000000011
0.145192
0.145192
0.145192
0.145192
0.145192
0.145192
0.15144799999999994
0.15144799999999994
0.15144799999999994
0.15144799999999994
0.15144799999999994
0.15144799999999994
0.15144799999999994
0.15144799999999994
0.15144799999999994
0.15144799999999994
0.15639999999999987
0.15639999999999987
0.15639999999999987
0.15639999999999987
0.15639999999999987
0.15639999999999987
0.15639999999999987
0.15639999999999987
0.15639999999999987
0.15639999999999987
0.15639999999999987
0.15639999999999987
0.15639999999999987
0.15639999999999987
0.15639999999999987
0.15639999999999987
0.15639999999999987
0.15639999999999987
0.15639999999999987
0.15639999999999987
0.15639999999999987
0.15639999999999987
0.15639999999999987
0.15639999999999987
0.15639999999999987
0.15639999999999987
0.15639999999999987
0.15639999999999987
0.15639999999999987
0.15639999999999987
0.15639999999999987
0.15639999999999987
0.15639999999999987
0.15639999999999987
0.15639999999999987
0.15639999999999987
0.14800000000000008
0.14800000000000008
0.14800000000000008
0.14800000000000008
0.14800000000000008
0.13475600000000007
0.13475600000000007
0.13475600000000007
0.13969600000000004
0.13969600000000004
0.13969600000000004
0.13969600000000004
0.13969600000000004
0.13969600000000004
0.13969600000000004
0.13969600000000004
0.13969600000000004
0.14229200000000003
0.14229200000000003
0.14623599999999995
0.14623599999999995
0.14229200000000003
0.14229200000000003
0.14229200000000003
0.14229200000000003
0.14229200000000003
0.14229200000000003
0.14229200000000003
0.14229200000000003
0.14229200000000003
0.13339600000000004
0.13339600000000004
0.13339600000000004
0.13339600000000004
0.13354799999999994
0.13815999999999987
0.14010000000000003
0.145052
0.145052
0.145052
0.145052
0.145052
0.145052
0.145052
0.145052
0.145052
0.145052
0.145052
0.145052
0.145052
0.145052
0.145052
0.145052
0.145052
0.145052
0.145052
0.14887199999999995
0.14887199999999995
0.14887199999999995
0.14887199999999995
0.14887199999999995
0.14887199999999995
0.14887199999999995
0.14887199999999995
0.14887199999999995
0.14887199999999995
0.15036799999999995
0.15036799999999995
0.15036799999999995
0.1509719999999998
0.15036799999999995
0.15036799999999995
0.14229199999999984
0.14229199999999984
0.14229199999999984
0.14229199999999984
0.13847999999999994
0.13847999999999994
0.13847999999999994
0.13847999999999994
0.13847999999999994
0.1381519999999999
0.1381519999999999
0.14321199999999984
0.14688399999999988
0.14321199999999984
0.14978399999999992
0.14978399999999992
0.147048
0.15009599999999995
0.147048
0.147048
0.1511119999999999
0.1511119999999999
0.1552719999999998
0.1552719999999998
0.1552719999999998
0.158992
0.158992
0.158992
0.158992
0.158992
0.15454799999999982
0.1512279999999997
0.15151599999999982
0.1512279999999997
0.1512279999999997
0.1512279999999997
0.1512279999999997
0.1512279999999997
0.1512279999999997
0.14992000000000005
0.14705599999999983
0.14686399999999983
0.14686399999999983
0.14825599999999992
0.14686399999999983
0.1443159999999999
0.150812
0.146572
0.14941599999999985
0.146572
0.146572
0.14976399999999984
0.14976399999999984
0.14976399999999984
0.13949599999999995
0.13949599999999995
0.13949599999999995
0.13949599999999995
0.14185599999999987
0.14185599999999987
0.14185599999999987
0.14185599999999987
0.14185599999999987
0.14185599999999987
0.14185599999999987
0.1310479999999999
0.1310479999999999
0.1310479999999999
0.14219599999999993
0.1310479999999999
0.1310479999999999
0.13858399999999968
0.13858399999999968
0.13858399999999968
0.13858399999999968
0.13858399999999968
0.13858399999999968
0.13858399999999968
0.13858399999999968
0.13858399999999968
0.13858399999999968
0.14428799999999978
0.14428799999999978
0.1471479999999998
0.1471479999999998
0.14428799999999978
0.14428799999999978
0.14428799999999978
0.14428799999999978
0.1406799999999998
0.1406799999999998
0.1406799999999998
0.1406799999999998
0.1406799999999998
0.1406799999999998
0.1406799999999998
0.1406799999999998
0.1406799999999998
0.1406799999999998
0.1406799999999998
0.14111999999999986
0.14111999999999986
0.1508199999999998
0.1508199999999998
0.15118799999999982
0.1508199999999998
0.1508199999999998
0.1508199999999998
0.1508199999999998
0.1508199999999998
0.1508199999999998
0.1508199999999998
0.1508199999999998
0.1508199999999998
0.1508199999999998
0.1508199999999998
0.1508199999999998
0.1508199999999998
0.1508199999999998
0.1508199999999998
0.1508199999999998
0.1508199999999998
0.1508199999999998
0.1508199999999998
0.1508199999999998
0.1508199999999998
0.1508199999999998
0.1508199999999998
0.1508199999999998
0.15016799999999975
0.15016799999999975
0.15016799999999975
0.15016799999999975
0.15016799999999975
0.15016799999999975
0.15016799999999975
0.15016799999999975
0.14057199999999975
0.14211599999999988
0.14239199999999977
0.14389199999999985
0.14652799999999994
0.14652799999999994
0.1445439999999998
0.14723199999999978
0.14723199999999978
0.14723199999999978
0.14723199999999978
0.14913599999999977
0.14913599999999977
0.14913599999999977
0.1499559999999998
0.1499559999999998
0.14376399999999978
0.14601199999999986
0.14601199999999986
0.1463359999999998
0.14601199999999986
0.14601199999999986
0.14601199999999986
0.14601199999999986
0.15041999999999983
0.1503359999999999
0.1503359999999999
0.14694799999999988
0.14601199999999986
0.14601199999999986
0.14601199999999986
0.14601199999999986
0.15079999999999988
0.14601199999999986
0.14601199999999986
0.14601199999999986
0.14601199999999986
0.14601199999999986
0.14601199999999986
0.14601199999999986
0.14601199999999986
0.14601199999999986
0.14601199999999986
0.14601199999999986
0.14601199999999986
0.14601199999999986
0.14601199999999986
0.14601199999999986
0.14601199999999986
0.14331999999999992
0.14331999999999992
0.14331999999999992
0.14331999999999992
0.14331999999999992
0.14331999999999992
0.14424799999999993
0.14821999999999994
0.1466839999999999
0.1466839999999999
0.1466839999999999
0.14549999999999993
0.14549999999999993
0.14549999999999993
0.14549999999999993
0.14743199999999992
0.14549999999999993
0.14549999999999993
0.14549999999999993
0.14549999999999993
0.14549999999999993
0.145696
0.14549999999999993
0.14549999999999993
0.14549999999999993
0.14549999999999993
0.14549999999999993
0.14549999999999993
0.14549999999999993
0.14549999999999993
0.14549999999999993
0.14549999999999993
0.14549999999999993
0.14549999999999993
0.1441799999999999
0.1441799999999999
0.1324319999999998
0.1324319999999998
0.1417479999999999
0.1328199999999998
0.1328199999999998
0.1328199999999998
0.1328199999999998
0.1328199999999998
0.1328199999999998
0.1328199999999998
0.1328199999999998
0.1328199999999998
0.1328199999999998
0.1328199999999998
0.1328199999999998
0.1328199999999998
0.1328199999999998
0.1328199999999998
0.1328199999999998
0.1328199999999998
0.1328199999999998
0.1328199999999998
0.1328199999999998
0.1328199999999998
0.1328199999999998
0.1328199999999998
0.1328199999999998
0.1328199999999998
0.1328199999999998
0.1328199999999998
0.1343559999999998
0.1343559999999998
0.1343559999999998
0.1343559999999998
0.13554399999999975
0.13554399999999975
0.13554399999999975
0.13554399999999975
0.13554399999999975
0.13724799999999981
0.13554399999999975
0.13922399999999968
0.13922399999999968
0.13922399999999968
0.13922399999999968
0.13922399999999968
0.13922399999999968
0.13922399999999968
0.14448799999999992
0.14274799999999965
0.14274799999999965
0.14274799999999965
0.14274799999999965
0.14274799999999965
0.14274799999999965
0.14274799999999965
0.14274799999999965
0.14274799999999965
0.14274799999999965
0.14274799999999965
0.14274799999999965
0.14274799999999965
0.14274799999999965
0.14274799999999965
0.14274799999999965
0.14274799999999965
0.14274799999999965
0.14274799999999965
0.14274799999999965
0.14274799999999965
0.14274799999999965
0.14274799999999965
0.14274799999999965
0.14274799999999965
0.14274799999999965
0.14274799999999965
0.14274799999999965
0.14274799999999965
0.14274799999999965
0.14274799999999965
0.14274799999999965
0.15001199999999973
0.15001199999999973
0.15001199999999973
0.15001199999999973
0.15001199999999973
0.15001199999999973
0.15001199999999973
0.15001199999999973
0.15001199999999973
0.15001199999999973
0.15001199999999973
0.15001199999999973
0.15001199999999973
0.15001199999999973
0.15001199999999973
0.15001199999999973
0.15001199999999973
0.15001199999999973
0.15001199999999973
0.15001199999999973
0.15001199999999973
0.15001199999999973
0.15001199999999973
0.15001199999999973
0.15001199999999973
0.15001199999999973
0.15001199999999973
0.15001199999999973
0.15001199999999973
0.15001199999999973
0.15001199999999973
0.13547999999999982
0.13784799999999983
0.13784799999999983
0.13784799999999983
0.13784799999999983
0.13784799999999983
0.14251999999999984
0.14251999999999984
0.13784799999999983
0.13784799999999983
0.13784799999999983
0.13784799999999983
0.14025999999999988
0.14025999999999988
0.14025999999999988
0.13641999999999996
0.13641999999999996
0.13641999999999996
0.13641999999999996
0.13012799999999983
0.13012799999999983
0.13012799999999983
0.1411119999999997
0.1411119999999997
0.1324279999999998
0.13673599999999989
0.13673599999999989
0.14042399999999963
0.14465599999999978
0.14896399999999968
0.15038399999999966
0.15038399999999966
0.15038399999999966
0.15038399999999966
0.15038399999999966
0.15038399999999966
0.15038399999999966
0.15038399999999966
0.15038399999999966
0.15038399999999966
0.15038399999999966
0.1386519999999999
0.1386519999999999
0.1386519999999999
0.14131999999999986
0.14131999999999986
0.1435199999999999
0.14513999999999985
0.14513999999999985
0.14513999999999985
0.14513999999999985
0.14513999999999985
0.14589199999999988
0.14589199999999988
0.14513999999999985
0.14513999999999985
0.14513999999999985
0.14513999999999985
0.14513999999999985
0.14513999999999985
0.14513999999999985
0.14112799999999992
0.14457599999999976
0.14112799999999992
0.14492399999999986
0.14492399999999986
0.14492399999999986
0.14492399999999986
0.14492399999999986
0.14492399999999986
0.13433999999999985
0.13433999999999985
0.13904399999999992
0.13806799999999989
0.14492399999999991
0.13831999999999972
0.13856399999999994
0.13831999999999972
0.13831999999999972
0.1402839999999997
0.1431959999999998
0.1431959999999998
0.1431959999999998
0.1431959999999998
0.1431959999999998
0.1431959999999998
0.1431959999999998
0.1431959999999998
0.1431959999999998
0.1431959999999998
0.14689599999999986
0.1431959999999998
0.14529999999999987
0.1431959999999998
0.1431959999999998
0.1431959999999998
0.15181199999999986
0.15181199999999986
0.15181199999999986
0.1549279999999998
0.1549279999999998
0.1549279999999998
0.1549279999999998
0.15181199999999986
0.15181199999999986
0.15181199999999986
0.15181199999999986
0.15181199999999986
0.15181199999999986
0.15181199999999986
0.15181199999999986
0.15181199999999986
0.15181199999999986
0.15181199999999986
0.15181199999999986
0.15181199999999986
0.15181199999999986
0.15181199999999986
0.15181199999999986
0.15181199999999986
0.15181199999999986
0.15181199999999986
0.15181199999999986
0.15181199999999986
0.15181199999999986
0.15181199999999986
0.15181199999999986
0.15181199999999986
0.15181199999999986
0.15181199999999986
0.15181199999999986
0.15181199999999986
0.15181199999999986
0.15181199999999986
0.15181199999999986
0.15181199999999986
0.13531599999999996
0.13531599999999996
0.13531599999999996
0.13737999999999984
0.13737999999999984
0.13531599999999996
0.13531599999999996
0.13531599999999996
0.13531599999999996
0.13531599999999996
0.13531599999999996
0.13531599999999996
0.13531599999999996
0.14054799999999995
0.1393239999999998
0.1393239999999998
0.1393239999999998
0.1393239999999998
0.1393239999999998
0.1393239999999998
0.1393239999999998
0.1393239999999998
0.1393239999999998
0.13287599999999988
0.1299679999999998
0.1305119999999999
0.1310399999999999
0.14117199999999974
0.14117199999999974
0.14337199999999983
0.14756799999999992
0.14756799999999992
0.147992
0.15667199999999992
0.15667199999999992
0.15667199999999992
0.14505599999999982
0.15090399999999993
0.14505599999999982
0.14966799999999988
0.14966799999999988
0.15092799999999998
0.15092799999999998
0.15092799999999998
0.15092799999999998
0.15092799999999998
0.15092799999999998
0.15092799999999998
0.15092799999999998
0.15092799999999998
0.15092799999999998
0.15092799999999998
0.15092799999999998
0.15092799999999998
0.15092799999999998
0.15092799999999998
0.15092799999999998
0.15092799999999998
0.15092799999999998
0.15092799999999998
0.15092799999999998
0.15092799999999998
0.15092799999999998
0.15092799999999998
0.15092799999999998
0.15092799999999998
0.15092799999999998
0.15092799999999998
0.15092799999999998
0.15209599999999995
0.15209599999999995
0.15553599999999998
0.15553599999999998
0.15553599999999998
0.15553599999999998
0.15209599999999995
0.15209599999999995
0.15209599999999995
0.15209599999999995
0.15209599999999995
0.15209599999999995
0.15209599999999995
0.138948
0.138948
0.138948
0.138948
0.138948
0.138948
0.138948
0.138948
0.13323999999999994
0.13323999999999994
0.13323999999999994
0.13323999999999994
0.13323999999999994
0.13323999999999994
0.13323999999999994
0.13323999999999994
0.13323999999999994
0.13323999999999994
0.134272
0.134272
0.134272
0.134272
0.134272
0.134272
0.13430000000000003
0.13430000000000003
0.13446800000000003
0.13446800000000003
0.13766
0.13766
0.13766
0.13766
0.13766
0.13766
0.12948000000000004
0.12948000000000004
0.14224799999999993
0.14224799999999993
0.132396
0.132396
0.132396
0.132396
0.13452399999999998
0.13452399999999998
0.13771599999999995
0.13771599999999995
0.13771599999999995
0.13771599999999995
0.13771599999999995
0.1398199999999999
0.1398199999999999
0.1398199999999999
0.1398199999999999
0.1398199999999999
0.14783999999999992
0.14783999999999992
0.14783999999999992
0.14783999999999992
0.14783999999999992
0.14783999999999992
0.14783999999999992
0.14783999999999992
0.14290799999999987
0.14290799999999987
0.14329599999999992
0.14290799999999987
0.14290799999999987
0.14720399999999997
0.14720399999999997
0.14720399999999997
0.14720399999999997
0.148004
0.148004
0.148004
0.148004
0.148004
0.148004
0.148004
0.148004
0.148004
0.148004
0.148004
0.148004
0.148004
0.148004
0.148004
0.1451759999999999
0.1451759999999999
0.1451759999999999
0.1451759999999999
0.1451759999999999
0.1451759999999999
0.1451759999999999
0.1451759999999999
0.1451759999999999
0.1451759999999999
0.1451759999999999
0.1451759999999999
0.1451759999999999
0.1451759999999999
0.1451759999999999
0.1451759999999999
0.1451759999999999
0.1302679999999999
0.13257200000000005
0.13487999999999978
0.13487999999999978
0.13487999999999978
0.13291199999999992
0.13874799999999993
0.13874799999999993
0.13874799999999993
0.14041600000000004
0.14041600000000004
0.14041600000000004
0.13874799999999993
0.13874799999999993
0.13874799999999993
0.13874799999999993
0.13874799999999993
0.13874799999999993
0.13874799999999993
0.13874799999999993
0.14840399999999987
0.14840399999999987
0.14840399999999987
0.14840399999999987
0.14840399999999987
0.15020399999999998
0.15037999999999999
0.15037999999999999
0.14840399999999987
0.14840399999999987
0.14840399999999987
0.14840399999999987
0.14462799999999998
0.14462799999999998
0.14462799999999998
0.14462799999999998
0.14462799999999998
0.1370639999999999
0.1370639999999999
0.1370639999999999
0.1370639999999999
0.1370639999999999
0.13831600000000002
0.13831600000000002
0.14628400000000005
0.15022400000000008
0.15022400000000008
0.15022400000000008
0.15022400000000008
0.13793999999999992
0.14662400000000006
0.14662400000000006
0.14662400000000006
0.14662400000000006
0.14662400000000006
0.14662400000000006
0.14662400000000006
0.14662400000000006
0.14662400000000006
0.14662400000000006
0.14662400000000006
0.14662400000000006
0.14074399999999998
0.14074399999999998
0.14074399999999998
0.14074399999999998
0.14074399999999998
0.14074399999999998
0.14074399999999998
0.14074399999999998
0.14858000000000007
0.14858000000000007
0.14858000000000007
0.14858000000000007
0.15564800000000004
0.15032400000000004
0.15032400000000004
0.15032400000000004
0.15032400000000004
0.15032400000000004
0.15032400000000004
0.15032400000000004
0.15032400000000004
0.15032400000000004
0.15032400000000004
0.15032400000000004
0.15032400000000004
0.15032400000000004
0.15032400000000004
0.15032400000000004
0.15032400000000004
0.15032400000000004
0.158816
0.158816
0.158816
0.158816
0.158816
0.158816
0.158816
0.158816
0.158816
0.158816
0.1448680000000001
0.1538400000000001
0.14583200000000018
0.14583200000000018
0.14583200000000018
0.14788800000000027
0.14583200000000018
0.14583200000000018
0.14245200000000008
0.14245200000000008
0.14245200000000008
0.14245200000000008
0.14245200000000008
0.14245200000000008
0.14245200000000008
0.14424
0.14424
0.14980400000000021
0.14980400000000021
0.14980400000000021
0.14980400000000021
0.14980400000000021
0.14440800000000023
0.14440800000000023
0.14746400000000012
0.14746400000000012
0.14746400000000012
0.14746400000000012
0.14763600000000004
0.14746400000000012
0.14746400000000012
0.14746400000000012
0.14314800000000014
0.14314800000000014
0.14314800000000014
0.14490400000000014
0.14490400000000014
0.14490400000000014
0.14490400000000014
0.14513200000000015
0.14513200000000015
0.14513200000000015
0.14513200000000015
0.1462040000000001
0.1462040000000001
0.1462040000000001
0.1462040000000001
0.1462040000000001
0.1462040000000001
0.14764399999999997
0.1462040000000001
0.1462040000000001
0.14471600000000007
0.14471600000000007
0.14471600000000007
0.14471600000000007
0.14471600000000007
0.14471600000000007
0.14471600000000007
0.14471600000000007
0.14471600000000007
0.14471600000000007
0.14471600000000007
0.14730400000000007
0.14730400000000007
0.14730400000000007
0.14730400000000007
0.14730400000000007
0.14730400000000007
0.139948
0.14054400000000009
0.14054400000000009
0.14054400000000009
0.14054400000000009
0.14054400000000009
0.1418600000000001
0.1428520000000001
0.1418600000000001
0.14054400000000009
0.14054400000000009
0.14164800000000005
0.14164800000000005
0.14232399999999998
0.14232399999999998
0.14232399999999998
0.14232399999999998
0.14232399999999998
0.1466800000000001
0.1466800000000001
0.1466800000000001
0.1466800000000001
0.1466800000000001
0.1466800000000001
0.1466800000000001
0.1466800000000001
0.1466800000000001
0.1466800000000001
0.1466800000000001
0.1466800000000001
0.1466800000000001
0.1466800000000001
0.1466800000000001
0.1466800000000001
0.1466800000000001
0.1466800000000001
0.1466800000000001
0.1409719999999999
0.1409719999999999
0.1514839999999999
0.1514839999999999
0.1514839999999999
0.1514839999999999
0.1514839999999999
0.1514839999999999
0.1514839999999999
0.1514839999999999
0.1514839999999999
0.1514839999999999
0.15715599999999996
0.15715599999999996
0.15715599999999996
0.15715599999999996
0.15715599999999996
0.15715599999999996
0.15715599999999996
0.15715599999999996
0.15715599999999996
0.15715599999999996
0.15715599999999996
0.15715599999999996
0.15715599999999996
0.15715599999999996
0.15715599999999996
0.15715599999999996
0.15715599999999996
0.15715599999999996
0.15715599999999996
0.15715599999999996
0.15715599999999996
0.15715599999999996
0.15818399999999994
0.15715599999999996
0.15715599999999996
0.15715599999999996
0.15715599999999996
0.15715599999999996
0.15715599999999996
0.15715599999999996
0.15715599999999996
0.15715599999999996
0.15715599999999996
0.15715599999999996
0.15715599999999996
0.15715599999999996
0.15715599999999996
0.15715599999999996
0.15715599999999996
0.15715599999999996
0.15715599999999996
0.15715599999999996
0.15715599999999996
0.15715599999999996
0.15715599999999996
0.15715599999999996
0.15715599999999996
0.15715599999999996
0.15715599999999996
0.15715599999999996
0.15715599999999996
0.15211200000000008
0.15211200000000008
0.15211200000000008
0.15265600000000012
0.15265600000000012
0.15265600000000012
0.15211200000000008
0.15211200000000008
0.1524600000000001
0.1524600000000001
0.1524600000000001
0.1524600000000001
0.1524600000000001
0.1524600000000001
0.1524600000000001
0.1524600000000001
0.1524600000000001
0.1524600000000001
0.1524600000000001
0.1524600000000001
0.1524600000000001
0.1524600000000001
0.1524600000000001
0.1524600000000001
0.1524600000000001
0.1524600000000001
0.1524600000000001
0.1524600000000001
0.13766800000000004
0.143172
0.14544800000000002
0.14544800000000002
0.14564800000000006
0.13761599999999996
0.147852
0.147852
0.147852
0.147852
0.147852
0.147852
0.147852
0.147852
0.14846800000000002
0.14846800000000002
0.14846800000000002
0.13966400000000007
0.13966400000000007
0.13966400000000007
0.1431960000000001
0.13966400000000007
0.13966400000000007
0.13966400000000007
0.13966400000000007
0.13966400000000007
0.13966400000000007
0.13966400000000007
0.14378400000000013
0.14378400000000013
0.13966400000000007
0.13966400000000007
0.13966400000000007
0.13966400000000007
0.13966400000000007
0.13966400000000007
0.13966400000000007
0.14008800000000005
0.14008800000000005
0.14008800000000005
0.14008800000000005
0.14076
0.14260000000000006
0.14260000000000006
0.14260000000000006
0.14260000000000006
0.14260000000000006
0.14260000000000006
0.14076
0.14076
0.14076
0.14076
0.14076
0.14076
0.14076
0.14165999999999998
0.14165999999999998
0.14165999999999998
0.14165999999999998
0.14165999999999998
0.14165999999999998
0.14165999999999998
0.14165999999999998
0.14165999999999998
0.14165999999999998
0.14165999999999998
0.14348
0.14165999999999998
0.14165999999999998
0.14165999999999998
0.14165999999999998
0.14165999999999998
0.14165999999999998
0.13922000000000004
0.13651599999999986
0.13651599999999986
0.13651599999999986
0.13651599999999986
0.1365679999999999
0.13670799999999997
0.14441599999999996
0.13670799999999997
0.14758399999999994
0.14271199999999998
0.14271199999999998
0.1434599999999999
0.14271199999999998
0.14271199999999998
0.14271199999999998
0.14271199999999998
0.14271199999999998
0.14271199999999998
0.14271199999999998
0.14271199999999998
0.14271199999999998
0.14271199999999998
0.14271199999999998
0.14271199999999998
0.14271199999999998
0.14271199999999998
0.14271199999999998
0.14271199999999998
0.14271199999999998
0.14402400000000007
0.14402400000000007
0.14402400000000007
0.14402400000000007
0.15360000000000013
0.15360000000000013
0.15360000000000013
0.15360000000000013
0.15360000000000013
0.15360000000000013
0.15360000000000013
0.15360000000000013
0.15360000000000013
0.15360000000000013
0.15360000000000013
0.15360000000000013
0.15360000000000013
0.15360000000000013
0.15360000000000013
0.15360000000000013
0.15360000000000013
0.15360000000000013
0.15360000000000013
0.15360000000000013
0.15360000000000013
0.15360000000000013
0.15360000000000013
0.15360000000000013
0.15360000000000013
0.15360000000000013
0.15360000000000013
0.15360000000000013
0.15360000000000013
0.13791600000000012
0.14355600000000007
0.14406799999999997
0.14406799999999997
0.1469680000000001
0.14355600000000007
0.14355600000000007
0.14370800000000009
0.14370800000000009
0.14370800000000009
0.14584800000000012
0.14629600000000004
0.14629600000000004
0.14629600000000004
0.14720800000000006
0.14629600000000004
0.15050400000000008
0.14629600000000004
0.15576400000000007
0.15576400000000007
0.15576400000000007
0.15692399999999998
0.15922000000000008
0.16011599999999998
0.15922000000000008
0.15922000000000008
0.15922000000000008
0.15922000000000008
0.15922000000000008
0.15922000000000008
0.15922000000000008
0.15922000000000008
0.15922000000000008
0.15922000000000008
0.15922000000000008
0.15922000000000008
0.15922000000000008
0.15922000000000008
0.15922000000000008
0.15922000000000008
0.15922000000000008
0.15922000000000008
0.15922000000000008
0.15922000000000008
0.15922000000000008
0.15922000000000008
0.15922000000000008
0.15922000000000008
0.15922000000000008
0.15922000000000008
0.15922000000000008
0.15922000000000008
0.15031600000000023
0.15031600000000023
0.15031600000000023
0.15031600000000023
0.1404880000000002
0.1434440000000001
0.1434440000000001
0.1434440000000001
0.1434440000000001
0.1434440000000001
0.14279200000000014
0.14279200000000014
0.14279200000000014
0.1473000000000002
0.1441600000000002
0.1441600000000002
0.1441600000000002
0.1441600000000002
0.1441600000000002
0.1441600000000002
0.13288000000000016
0.13288000000000016
0.13770800000000022
0.1308120000000002
0.13214800000000013
0.13214800000000013
0.13214800000000013
0.13214800000000013
0.1334640000000001
0.1334640000000001
0.134888
0.1334640000000001
0.1334640000000001
0.13168800000000014
0.1336120000000002
0.1350480000000001
0.1267480000000002
0.1267480000000002
0.13152400000000014
0.13152400000000014
0.13152400000000014
0.13152400000000014
0.13152400000000014
0.1353800000000002
0.13152400000000014
0.13152400000000014
0.13152400000000014
0.13152400000000014
0.13152400000000014
0.13152400000000014
0.13152400000000014
0.13152400000000014
0.13152400000000014
0.13152400000000014
0.1329000000000001
0.1329000000000001
0.1329000000000001
0.1329000000000001
0.1329000000000001
0.13152400000000014
0.13152400000000014
0.13152400000000014
0.13152400000000014
0.13588000000000025
0.13588000000000025
0.13588000000000025
0.13588000000000025
0.13588000000000025
0.13588000000000025
0.13588000000000025
0.12968800000000008
0.1318160000000001
0.1318160000000001
0.1318160000000001
0.1318160000000001
0.13198800000000005
0.13198800000000005
0.1318160000000001
0.1318160000000001
0.1318160000000001
0.1318160000000001
0.14398400000000008
0.14398400000000008
0.14398400000000008
0.14398400000000008
0.14398400000000008
0.14398400000000008
0.14398400000000008
0.14398400000000008
0.14398400000000008
0.14398400000000008
0.14398400000000008
0.14698000000000017
0.14398400000000008
0.14398400000000008
0.13949600000000015
0.13943600000000017
0.13943600000000017
0.13943600000000017
0.14510800000000004
0.1398640000000001
0.1398640000000001
0.1398640000000001
0.145
0.1514240000000001
0.1514240000000001
0.14269200000000012
0.14269200000000012
0.14269200000000012
0.144852
0.144852
0.1434520000000001
0.1394640000000002
0.13795200000000013
0.13659600000000016
0.13758800000000004
0.142824
0.13659600000000016
0.13659600000000016
0.13659600000000016
0.13730000000000003
0.13659600000000016
0.13659600000000016
0.13659600000000016
0.13659600000000016
0.13659600000000016
0.13659600000000016
0.13659600000000016
0.13659600000000016
0.13659600000000016
0.13659600000000016
0.13659600000000016
0.13659600000000016
0.13247200000000015
0.13333200000000017
0.13247200000000015
0.13247200000000015
0.13247200000000015
0.13247200000000015
0.13844800000000004
0.13844800000000004
0.13844800000000004
0.13844800000000004
0.13844800000000004
0.13844800000000004
0.13844800000000004
0.13844800000000004
0.13844800000000004
0.13844800000000004
0.140348
0.140348
0.140348
0.140348
0.140348
0.14517200000000008
0.140348
0.140348
0.140348
0.140348
0.140348
0.140348
0.140348
0.140348
0.140348
0.1419
0.140348
0.14336400000000016
0.14336400000000016
0.14336400000000016
0.14336400000000016
0.14336400000000016
0.14336400000000016
0.14336400000000016
0.14336400000000016
0.14608400000000027
0.14608400000000027
0.14640799999999998
0.14640799999999998
0.14640799999999998
0.147212
0.14608400000000027
0.14608400000000027
0.14635200000000012
0.15062800000000012
0.14635200000000012
0.14635200000000012
0.14635200000000012
0.14635200000000012
0.14635200000000012
0.1491040000000002
0.1466600000000002
0.1466600000000002
0.1466600000000002
0.1466600000000002
0.1466600000000002
0.1466600000000002
0.1466600000000002
0.1466600000000002
0.1466600000000002
0.1466600000000002
0.1466600000000002
0.13733600000000012
0.13733600000000012
0.14255200000000018
0.14621600000000015
0.14621600000000015
0.14621600000000015
0.14621600000000015
0.14621600000000015
0.14621600000000015
0.14621600000000015
0.14412000000000016
0.14412000000000016
0.14412000000000016
0.14412000000000016
0.14412000000000016
0.14412000000000016
0.14611600000000013
0.14611600000000013
0.14611600000000013
0.14611600000000013
0.14611600000000013
0.15177200000000013
0.14710400000000012
0.14710400000000012
0.14710400000000012
0.1474200000000001
0.1474200000000001
0.1397120000000001
0.1397120000000001
0.14300800000000016
0.14300800000000016
0.14300800000000016
0.14500800000000014
0.14500800000000014
0.14500800000000014
0.14500800000000014
0.14500800000000014
0.14500800000000014
0.14663600000000018
0.148344
0.15275600000000014
0.15275600000000014
0.1529000000000001
0.15755200000000014
0.15755200000000014
0.15755200000000014
0.1529000000000001
0.1529000000000001
0.144432
0.144432
0.144432
0.13661600000000015
0.13661600000000015
0.13981200000000024
0.13981200000000024
0.13981200000000024
0.1431800000000003
0.1431800000000003
0.1431800000000003
0.1431800000000003
0.1431800000000003
0.1431800000000003
0.13981200000000024
0.1312600000000002
0.1312600000000002
0.1312600000000002
0.1312600000000002
0.1312600000000002
0.1312600000000002
0.1312600000000002
0.12626800000000013
0.12656800000000004
0.12792400000000004
0.12792400000000004
0.12792400000000004
0.13169200000000014
0.1281720000000001
0.13004000000000007
0.136632
0.136632
0.13673200000000008
0.13673200000000008
0.13870800000000025
0.13870800000000025
0.13870800000000025
0.13859200000000022
0.13859200000000022
0.13859200000000022
0.13859200000000022
0.1324560000000001
0.1360200000000002
0.1360200000000002
0.1360200000000002
0.1360200000000002
0.1360200000000002
0.1360200000000002
0.1360200000000002
0.1360200000000002
0.1360200000000002
0.1360200000000002
0.1360200000000002
0.13858800000000027
0.13858800000000027
0.13858800000000027
0.13858800000000027
0.13858800000000027
0.13858800000000027
0.13858800000000027
0.14308800000000013
0.14036000000000032
0.14036000000000032
0.14036000000000032
0.14175200000000016
0.1372000000000001
0.1372000000000001
0.1372000000000001
0.1372000000000001
0.1372000000000001
0.1372000000000001
0.1379520000000001
0.1379520000000001
0.1379520000000001
0.1379520000000001
0.1379520000000001
0.1379520000000001
0.1379520000000001
0.1379520000000001
0.1379520000000001
0.1379520000000001
0.1379520000000001
0.1379520000000001
0.1379520000000001
0.13860800000000012
0.13860800000000012
0.13924000000000009
0.1379520000000001
0.1379520000000001
0.1379520000000001
0.1390760000000001
0.14098400000000014
0.14098400000000014
0.14098400000000014
0.14098400000000014
0.14098400000000014
0.14098400000000014
0.14098400000000014
0.14098400000000014
0.14098400000000014
0.14098400000000014
0.14098400000000014
0.14098400000000014
0.14098400000000014
0.14098400000000014
0.14098400000000014
0.14098400000000014
0.14098400000000014
0.14098400000000014
0.14098400000000014
0.14098400000000014
0.14098400000000014
0.14098400000000014
0.1284920000000002
0.13125200000000026
0.13125200000000026
0.13388000000000014
0.1331880000000001
0.1331880000000001
0.13780800000000012
0.13377600000000006
0.13377600000000006
0.13377600000000006
0.13377600000000006
0.13377600000000006
0.13377600000000006
0.13377600000000006
0.13377600000000006
0.13377600000000006
0.13197200000000006
0.13197200000000006
0.13197200000000006
0.13197200000000006
0.13197200000000006
0.13197200000000006
0.13197200000000006
0.13197200000000006
0.13197200000000006
0.141708
0.141708
0.13876000000000008
0.13876000000000008
0.13876000000000008
0.13876000000000008
0.13876000000000008
0.13876000000000008
0.13876000000000008
0.13876000000000008
0.13876000000000008
0.13876000000000008
0.14195200000000008
0.14274800000000012
0.14274800000000012
0.14274800000000012
0.14274800000000012
0.14356400000000008
0.14274800000000012
0.1466080000000002
0.1466080000000002
0.1466080000000002
0.1493400000000001
0.1493400000000001
0.1466080000000002
0.14884
0.1466080000000002
0.1466080000000002
0.14721599999999999
0.14721599999999999
0.14721599999999999
0.14721599999999999
0.14721599999999999
0.14721599999999999
0.1466080000000002
0.1466080000000002
0.1466080000000002
0.1466080000000002
0.1466080000000002
0.1466080000000002
0.1466080000000002
0.1466080000000002
0.1466080000000002
0.1466080000000002
0.1466080000000002
0.1466080000000002
0.1466080000000002
0.1466080000000002
0.1466080000000002
0.1466080000000002
0.1466080000000002
0.1408840000000002
0.1408840000000002
0.1408840000000002
0.1408840000000002
0.1408840000000002
0.1408840000000002
0.1408840000000002
0.1408840000000002
0.1408840000000002
0.1408840000000002
0.1408840000000002
0.1408840000000002
0.1408840000000002
0.1408840000000002
0.1408840000000002
0.1439360000000001
0.1439360000000001
0.1439360000000001
0.13726000000000005
0.13726000000000005
0.13726000000000005
0.13726000000000005
0.13726000000000005
0.13806000000000004
0.13806000000000004
0.13952400000000004
0.14721599999999996
0.14238000000000012
0.14332000000000006
0.14332000000000006
0.14332000000000006
0.14332000000000006
0.14422800000000008
0.14422800000000008
0.14422800000000008
0.14422800000000008
0.14422800000000008
0.14422800000000008
0.14422800000000008
0.14422800000000008
0.14422800000000008
0.14532000000000012
0.14532000000000012
0.14532000000000012
0.14532000000000012
0.14532000000000012
0.14532000000000012
0.14532000000000012
0.14532000000000012
0.14532000000000012
0.14532000000000012
0.14532000000000012
0.14532000000000012
0.14532000000000012
0.14532000000000012
0.14532000000000012
0.14532000000000012
0.14532000000000012
0.14532000000000012
0.14532000000000012
0.14532000000000012
0.14532000000000012
0.14532000000000012
0.15158800000000017
0.14532000000000012
0.14532000000000012
0.14532000000000012
0.14532000000000012
0.14532000000000012
0.14532000000000012
0.14532000000000012
0.14532000000000012
0.14532000000000012
0.15047199999999997
0.14690799999999998
0.152836
0.14690799999999998
0.14690799999999998
0.14690799999999998
0.14690799999999998
0.14690799999999998
0.14772800000000003
0.14772800000000003
0.14772800000000003
0.14772800000000003
0.14772800000000003
0.14772800000000003
0.14772800000000003
0.14772800000000003
0.14772800000000003
0.14423600000000003
0.14564800000000008
0.15244400000000008
0.15244400000000008
0.15244400000000008
0.15244400000000008
0.15244400000000008
0.15244400000000008
0.15244400000000008
0.15244400000000008
0.15244400000000008
0.15244400000000008
0.14578799999999995
0.14578799999999995
0.14578799999999995
0.14578799999999995
0.14578799999999995
0.14578799999999995
0.14578799999999995
0.14578799999999995
0.14578799999999995
0.14578799999999995
0.14578799999999995
0.14578799999999995
0.14578799999999995
0.14578799999999995
0.14578799999999995
0.14578799999999995
0.14578799999999995
0.14578799999999995
0.14578799999999995
0.14578799999999995
0.14578799999999995
0.14578799999999995
0.14578799999999995
0.14578799999999995
0.14578799999999995
0.14578799999999995
0.14578799999999995
0.14578799999999995
0.14578799999999995
0.14578799999999995
0.14578799999999995
0.14578799999999995
0.14578799999999995
0.14578799999999995
0.14578799999999995
0.14578799999999995
0.14578799999999995
0.14578799999999995
0.14578799999999995
0.14578799999999995
0.14578799999999995
0.14578799999999995
0.14578799999999995
0.14578799999999995
0.14578799999999995
0.14578799999999995
0.14578799999999995
0.14578799999999995
0.14578799999999995
0.14578799999999995
0.14578799999999995
0.14578799999999995
0.136356
0.136356
0.136356
0.136356
0.13967999999999997
0.137384
0.13885200000000003
