-0.027267999999999994
-0.028435999999999996
-0.005300000000000023
-0.005823999999999992
-0.007867999999999993
0.013131999999999986
0.021992
0.02072799999999998
0.011676000000000002
0.021791999999999985
0.02373599999999999
0.02373599999999999
0.022139999999999996
0.029923999999999996
0.014667999999999992
0.03154
0.04025199999999999
0.04017199999999998
0.04786800000000001
0.03727599999999998
0.045548
0.045548
0.044636
0.03554799999999997
0.045592
0.046848000000000056
0.040264
0.038915999999999985
0.03958799999999999
0.04567199999999998
0.043748
0.048531999999999985
0.044843999999999995
0.031143999999999967
0.04606800000000003
0.04606800000000003
0.049051999999999985
0.04225200000000001
0.049051999999999985
0.054956
0.05181600000000002
0.05912399999999999
0.05712800000000004
0.055
0.05712800000000004
0.03524400000000001
0.04427599999999999
0.04427599999999999
0.05370800000000001
0.05370800000000001
0.053200000000000025
0.04684399999999998
0.05615599999999995
0.06270800000000006
0.057816
0.05672800000000006
0.05183600000000005
0.05183600000000005
0.05183600000000005
0.055912000000000045
0.05331600000000008
0.05578800000000008
0.0625360000000001
0.049836
0.06278800000000005
0.059388000000000024
0.06794
0.06545199999999997
0.06545199999999997
0.06018799999999998
0.06201599999999992
0.05751999999999989
0.05751999999999989
0.07232399999999999
0.077136
0.0773000000000001
0.072072
0.072072
0.072072
0.06502000000000001
0.07677599999999997
0.08442399999999997
0.07315600000000003
0.07529599999999997
0.08279999999999998
0.08107599999999998
0.07156400000000002
0.08048400000000001
0.07225200000000007
0.06796000000000009
0.08864000000000015
0.07872800000000002
0.08446800000000006
0.08211200000000006
0.0871840000000001
0.08023600000000013
0.0811280000000001
0.07574800000000009
0.07574800000000009
0.06340400000000006
0.07876400000000003
0.0763960000000001
0.06541200000000008
0.06541200000000008
0.0750560000000001
0.08261600000000005
0.06232800000000002
0.07434400000000012
0.07892400000000009
0.0708840000000001
0.07126400000000008
0.07218800000000004
0.06703200000000001
0.07061600000000004
0.07359600000000008
0.06287200000000007
0.06988000000000001
0.07622000000000004
0.06498400000000001
0.07480800000000012
0.0691160000000001
0.06901199999999995
0.0691160000000001
0.07986800000000006
0.076296
0.083456
0.08072000000000008
0.06528
0.08057600000000006
0.07742400000000008
0.07284400000000005
0.07317600000000003
0.07188400000000005
0.07184800000000004
0.061688000000000014
0.06482799999999998
0.068276
0.0682480000000001
0.071512
0.071512
0.0772560000000001
0.0772560000000001
0.07021200000000005
0.06590399999999998
0.06950400000000002
0.06950400000000002
0.06950400000000002
0.06251199999999998
0.060576000000000046
0.0655960000000001
0.06792400000000001
0.05905600000000005
0.07472400000000004
0.06740400000000007
0.06688000000000009
0.06688000000000009
0.07699600000000012
0.07572000000000012
0.06411200000000009
0.06636800000000007
0.07307200000000004
0.07304000000000009
0.08005199999999997
0.07326
0.07468000000000001
0.08291200000000001
0.07534800000000003
0.06551200000000003
0.06551200000000003
0.06949999999999996
0.07251600000000008
0.07330400000000004
0.07337199999999999
0.065868
0.065868
0.06060000000000006
0.06060000000000006
0.06060000000000006
0.08244000000000005
0.07614400000000002
0.07585600000000006
0.06421600000000004
0.08091200000000008
0.07474800000000004
0.06694800000000004
0.06694800000000004
0.07961600000000005
0.07974400000000006
0.07381999999999997
0.07381999999999997
0.07669200000000004
0.06345200000000005
0.07541999999999999
0.062472000000000034
0.07651999999999996
0.06242800000000005
0.07658400000000011
0.07658400000000011
0.07579600000000003
0.07392000000000004
0.06242000000000005
0.05670000000000002
0.05670000000000002
0.055292000000000084
0.056860000000000015
0.05110400000000002
0.053336000000000036
0.052616000000000045
0.0612
0.061031999999999996
0.06795199999999998
0.07190000000000002
0.06231600000000008
0.06832799999999996
0.07332400000000006
0.06832800000000006
0.06108000000000005
0.07265599999999998
0.07462000000000005
0.06966800000000001
0.07814799999999998
0.08259200000000004
0.07706799999999997
0.079312
0.07969600000000004
0.07430399999999998
0.076116
0.06993999999999996
0.07370799999999998
0.07055999999999998
0.07177600000000003
0.061488000000000056
0.06728799999999997
0.056724000000000004
0.06980800000000002
0.06747200000000009
0.06773599999999999
0.06184399999999997
0.063572
0.06251200000000004
0.06251200000000004
0.06586800000000008
0.06586800000000008
0.06586800000000008
0.07174000000000008
0.06695199999999998
0.075048
0.07341200000000006
0.06705200000000001
0.06690399999999996
0.06637600000000003
0.0665000000000001
0.0665000000000001
0.0570520000000001
0.05097999999999997
0.07269200000000003
0.07269200000000003
0.07269200000000003
0.07269200000000003
0.07106
0.07106
0.07106
0.07919600000000007
0.07919600000000007
0.08183999999999997
0.07836799999999997
0.083564
0.084732
0.08633999999999992
0.07599599999999997
0.07442399999999995
0.06676
0.06676
0.07729200000000004
0.07729200000000004
0.07896399999999995
0.08031600000000007
0.082888
0.07169199999999995
0.07046800000000003
0.07580400000000014
0.07580400000000014
0.07223999999999996
0.07776000000000004
0.06872800000000005
0.07155200000000006
0.06821599999999998
0.06250400000000003
0.07239999999999999
0.0654680000000001
0.0654680000000001
0.07623200000000002
0.064388
0.052707999999999984
0.06686399999999998
0.07666799999999994
0.06564800000000003
0.07191600000000006
0.06942399999999997
0.08049199999999998
0.08023999999999991
0.08278800000000003
0.08478000000000002
0.08523200000000002
0.08188
0.08188
0.08008799999999992
0.077936
0.08523200000000004
0.07577600000000005
0.08160800000000008
0.07441199999999995
0.07441199999999995
0.07787200000000007
0.07840800000000002
0.07181600000000003
0.071964
0.07594799999999996
0.06043999999999997
0.06934799999999999
0.05313600000000004
0.07036400000000013
0.07034800000000001
0.056412000000000004
0.056412000000000004
0.0638
0.062324000000000025
0.06318800000000005
0.06094399999999999
0.053427999999999976
0.054703999999999996
0.05527999999999998
0.05629199999999996
0.054916
0.05567999999999999
0.06698800000000006
0.05399200000000004
0.06201999999999997
0.05103599999999999
0.048019999999999986
0.05103599999999999
0.07146000000000004
0.06476800000000002
0.06476800000000002
0.055760000000000046
0.06434399999999993
0.06624799999999997
0.06644400000000002
0.05931199999999999
0.06279999999999998
0.06240400000000001
0.057095999999999966
0.06705200000000006
0.06407999999999997
0.06831999999999995
0.06455999999999991
0.060099999999999966
0.06601599999999998
0.06474799999999999
0.06403199999999996
0.06403199999999996
0.061443999999999936
0.061443999999999936
0.06746800000000007
0.05750799999999999
0.07219599999999995
0.07360399999999999
0.07623599999999998
0.054903999999999994
0.054167999999999994
0.06883599999999998
0.06883599999999998
0.06368000000000003
0.06713599999999997
0.05920000000000004
0.05920000000000004
0.06348800000000002
0.06348800000000002
0.06758400000000002
0.06314
0.06392000000000002
0.06392000000000002
0.058751999999999915
0.080524
0.079736
0.057467999999999936
0.06718399999999998
0.06718399999999998
0.06896800000000003
0.06352399999999996
0.06984399999999999
0.05559200000000001
0.056079999999999984
0.05653200000000003
0.06603200000000005
0.06563200000000002
0.060320000000000006
0.05763600000000005
0.055760000000000004
0.06220000000000005
0.05752000000000007
0.06055199999999995
0.06681599999999999
0.06426800000000005
0.06315200000000007
0.07286
0.05642399999999999
0.06937199999999995
0.06369200000000004
0.06369200000000004
0.07426400000000004
0.07215600000000001
0.060803999999999976
0.06912400000000003
0.07384400000000003
0.07779999999999997
0.07473200000000009
0.06584399999999993
0.07228799999999996
0.06473999999999999
0.07218000000000004
0.07362399999999994
0.07731199999999995
0.06991199999999999
0.07541999999999996
0.078056
0.06922800000000001
0.06922800000000001
0.06792800000000003
0.06844799999999998
0.07037599999999994
0.06523600000000003
0.06523600000000003
0.05646399999999995
0.06282799999999998
0.06962800000000004
0.071872
0.06323599999999999
0.06185999999999999
0.06567199999999994
0.07061200000000005
0.07100399999999997
0.07100399999999997
0.07100399999999997
0.062944
0.062944
0.07069200000000005
0.07253199999999999
0.06610000000000006
0.06212400000000005
0.06021200000000002
0.056664
0.06944399999999995
0.070668
0.07224799999999999
0.0760799999999999
0.07663600000000005
0.069384
0.06527200000000001
0.06454799999999995
0.06360800000000004
0.06694800000000008
0.0704
0.07050400000000001
0.06937599999999997
0.06788800000000005
0.07319199999999998
0.07319199999999998
0.07319199999999998
0.06705600000000002
0.06705600000000002
0.06097999999999997
0.06228799999999992
0.06228799999999992
0.06228799999999992
0.07740800000000003
0.06654399999999999
0.07201999999999997
0.07767599999999997
0.08214399999999998
0.08420800000000003
0.0742280000000001
0.06727600000000009
0.08016800000000003
0.07349200000000002
0.0707
0.07107200000000005
0.06354800000000008
0.06436400000000006
0.07447600000000003
0.07107200000000008
0.05914400000000004
0.06708000000000003
0.06709999999999999
0.06495200000000001
0.06335199999999995
0.04489200000000005
0.04489200000000005
0.05202800000000003
0.06669599999999996
0.06669599999999996
0.056676
0.05903200000000003
0.05903200000000003
0.06738400000000005
0.06738400000000005
0.06628000000000009
0.06104400000000005
0.06236400000000001
0.06873599999999999
0.057076
0.067076
0.05631199999999993
0.06531600000000004
0.050755999999999996
0.059311999999999976
0.06077999999999999
0.05234800000000001
0.06077999999999999
0.060783999999999984
0.071428
0.06150800000000001
0.07515200000000007
0.07534400000000002
0.06072399999999996
0.06142799999999998
0.06804400000000001
0.07547200000000001
0.06994799999999995
0.06565200000000002
0.07270399999999999
0.06934399999999995
0.07090799999999996
0.05338400000000003
0.05338400000000003
0.05338400000000003
0.06489999999999996
0.06960399999999999
0.059824
0.07567600000000005
0.06994400000000002
0.06995599999999996
0.07198000000000002
0.07198000000000002
0.06343999999999997
0.070448
0.07378399999999996
0.06916400000000002
0.07093600000000001
0.07093600000000001
0.07179200000000002
0.07179200000000002
0.05194000000000001
0.056708000000000015
0.07062000000000002
0.06871199999999997
0.06715999999999994
0.05875999999999996
0.05764399999999994
0.05825200000000001
0.06465600000000003
0.06333599999999996
0.06940400000000002
0.05912799999999995
0.05912799999999995
0.059676
0.059676
0.066404
0.07659999999999999
0.07957599999999997
0.07504000000000004
0.07193199999999997
0.07654000000000008
0.07419200000000004
0.073248
0.073592
0.062904
0.06904000000000009
0.06904000000000009
0.06717600000000001
0.06344800000000002
0.07579599999999999
0.07517600000000002
0.07605200000000002
0.07166800000000006
0.07166800000000006
0.06339600000000001
0.07114400000000005
0.061591999999999994
0.058475999999999986
0.058475999999999986
0.058475999999999986
0.07373200000000002
0.073404
0.073404
0.063688
0.07209200000000003
0.07330799999999998
0.075204
0.07375199999999997
0.06694799999999997
0.06459199999999998
0.064944
0.064944
0.067896
0.067896
0.07685600000000002
0.06992799999999998
0.07094399999999997
0.07094399999999997
0.06668399999999995
0.07107999999999999
0.06389999999999996
0.06335199999999999
0.0733719999999999
0.06977599999999998
0.07485599999999992
0.06770799999999998
0.05866799999999996
0.06742000000000001
0.06600399999999998
0.06943200000000002
0.07662799999999995
0.05159599999999999
0.07444800000000003
0.07710400000000002
0.072948
0.06815200000000003
0.05474400000000003
0.07208000000000005
0.07297599999999997
0.07649599999999995
0.07986399999999994
0.07576799999999996
0.06117199999999997
0.07240399999999998
0.06669999999999993
0.06647200000000003
0.06647200000000003
0.065732
0.07590000000000004
0.07114000000000002
0.07154
0.074184
0.07779199999999994
0.073668
0.069128
0.07394800000000004
0.07862000000000001
0.062992
0.062992
0.06480000000000005
0.061611999999999986
0.06932000000000002
0.06691999999999998
0.06744799999999997
0.06972
0.055732000000000025
0.06642400000000002
0.07287600000000004
0.07123600000000001
0.07004399999999997
0.06745999999999999
0.07786399999999995
0.069176
0.07182399999999994
0.07182399999999994
0.07498400000000005
0.07529200000000001
0.07471599999999992
0.07652799999999998
0.07156800000000002
0.06810000000000004
0.07619199999999995
0.052292000000000005
0.05983999999999996
0.07186399999999993
0.05819200000000001
0.060064
0.05377600000000001
0.06304400000000002
0.062164
0.05322000000000002
0.05335600000000001
0.05928799999999999
0.06123999999999994
0.060724
0.06415999999999994
0.060656000000000015
0.053568000000000005
0.042408
0.060656000000000015
0.05637199999999999
0.06423999999999999
0.06423999999999999
0.07128399999999993
0.07628399999999991
0.06729999999999992
0.07115999999999993
0.07347599999999992
0.062068000000000005
0.06481199999999997
0.06481199999999997
0.05888000000000001
0.05888000000000001
0.07496399999999999
0.07602
0.06660400000000002
0.071116
0.07241599999999998
0.07728000000000006
0.07713999999999997
0.07056799999999998
0.058688
0.06724799999999997
0.054739999999999976
0.054739999999999976
0.06635199999999998
0.052855999999999986
0.07033599999999998
0.07239199999999997
0.07003200000000001
0.07239199999999997
0.07785199999999998
0.07074399999999999
0.07074399999999999
0.071192
0.07510799999999997
0.06354400000000003
0.06940399999999998
0.06613599999999997
0.06672800000000002
0.07397600000000001
0.06825199999999997
0.07066800000000005
0.06330400000000003
0.05216799999999995
0.05216799999999995
0.06400000000000006
0.06400000000000006
0.06400000000000006
0.06989200000000005
0.07434800000000003
0.06744799999999997
0.07067599999999993
0.07067599999999993
0.08254
0.07343199999999997
0.07343199999999997
0.07009600000000002
0.07009600000000002
0.07009600000000002
0.07436800000000002
0.07023999999999997
0.07338800000000005
0.068716
0.06852000000000004
0.07120400000000002
0.06865999999999996
0.054423999999999986
0.06714000000000002
0.06242
0.05851600000000003
0.05698799999999999
0.05816399999999997
0.06369199999999996
0.055036
0.06359199999999997
0.07174799999999999
0.07239999999999994
0.06161999999999997
0.076168
0.076168
0.05891600000000003
0.060976000000000044
0.060976000000000044
0.07287600000000002
0.06994800000000001
0.06994800000000001
0.06994800000000001
0.058372
0.058372
0.058372
0.06797600000000002
0.05667999999999997
0.07232000000000004
0.06189599999999997
0.07487199999999998
0.0717600000000001
0.0766279999999999
0.07856
0.07258399999999998
0.07875999999999994
0.07338399999999998
0.07785200000000003
0.07530000000000008
0.07283199999999997
0.0719
0.07157200000000001
0.07370799999999997
0.07237600000000001
0.07654400000000006
0.07382000000000002
0.05858000000000002
0.06633599999999999
0.06620399999999996
0.068156
0.06527200000000001
0.07614000000000012
0.08470800000000007
0.07868000000000006
0.07868000000000006
0.0683
0.07549200000000003
0.062224
0.07527999999999999
0.07313600000000002
0.07253200000000001
0.07313600000000002
0.0793880000000001
0.06657600000000001
0.06330000000000001
0.05985999999999999
0.06286399999999998
0.062104000000000006
0.05385200000000001
0.05245999999999999
0.04929199999999998
0.05245999999999999
0.052643999999999996
0.052948000000000016
0.052948000000000016
0.05366400000000001
0.057284
0.057284
0.05764000000000008
0.06749199999999997
0.06476799999999999
0.06741600000000005
0.07093199999999998
0.05748799999999996
0.064208
0.06877599999999998
0.06467999999999997
0.06467999999999997
0.06449199999999997
0.06600399999999997
0.05369199999999998
0.06346399999999995
0.04704399999999994
0.04704399999999994
0.05833599999999996
0.05833599999999996
0.05568799999999995
0.05833599999999996
0.05833599999999996
0.07187999999999997
0.07187999999999997
0.07183999999999999
0.07722000000000001
0.07190799999999996
0.07269999999999993
0.070808
0.071756
0.06360399999999997
0.07179199999999998
0.05898799999999996
0.07276
0.07270800000000004
0.05760400000000001
0.06479599999999996
0.06472399999999998
0.06472399999999998
0.07651199999999998
0.06761199999999995
0.06770799999999998
0.06827200000000001
0.07192399999999996
0.07192399999999996
0.07619199999999995
0.07262
0.06939199999999998
0.06484
0.06593599999999998
0.07091599999999991
0.07091599999999991
0.07357999999999995
0.07746799999999994
0.07743199999999995
0.07020399999999995
0.06781999999999995
0.07042799999999999
0.07042799999999999
0.07689199999999995
0.067088
0.07592399999999995
0.07915599999999998
0.08521199999999995
0.08432399999999995
0.07393599999999996
0.07074399999999999
0.07510799999999995
0.076608
0.06773199999999992
0.06773199999999992
0.061087999999999996
0.06647199999999992
0.05554799999999998
0.06810799999999996
0.063632
0.06810799999999996
0.06369599999999996
0.06369599999999996
0.06369599999999996
0.06369599999999996
0.07036399999999998
0.06521199999999994
0.05517599999999999
0.049696
0.060459999999999944
0.06197999999999997
0.076664
0.07040000000000002
0.059100000000000014
0.06671200000000005
0.06023600000000003
0.07179199999999998
0.06500800000000001
0.059871999999999995
0.05784399999999997
0.06772399999999999
0.072416
0.06356399999999997
0.06522399999999999
0.06522399999999999
0.07027599999999995
0.07599199999999992
0.07789599999999991
0.078816
0.0851159999999999
0.08746400000000001
0.08840399999999995
0.08840399999999995
0.09079199999999997
0.08242399999999991
0.0761999999999999
0.0761999999999999
0.08091199999999994
0.07937999999999998
0.08773599999999997
0.08220399999999989
0.07475199999999996
0.07268399999999987
0.06343200000000003
0.06343200000000003
0.07306799999999994
0.07488399999999996
0.08052399999999996
0.06775199999999999
0.07986399999999995
0.07203199999999993
0.05983600000000002
0.05983600000000002
0.07156400000000003
0.07156400000000003
0.08026399999999993
0.07720399999999997
0.06602399999999996
0.0661119999999999
0.07084799999999995
0.07084799999999995
0.06811999999999996
0.06811999999999996
0.06948399999999995
0.06881599999999995
0.07055999999999993
0.06343599999999995
0.06916399999999996
0.06916399999999996
0.06916399999999996
0.073452
0.0717999999999999
0.071544
0.07337999999999995
0.06683999999999994
0.06553999999999992
0.07513199999999996
0.06666399999999999
0.06385999999999996
0.06253199999999996
0.07444800000000006
0.06763599999999997
0.06948799999999997
0.07265599999999994
0.07211999999999999
0.07106799999999992
0.07279199999999998
0.07235999999999991
0.0750759999999999
0.07027599999999995
0.06412799999999994
0.06737999999999987
0.07977999999999989
0.06820399999999995
0.06931999999999991
0.0783119999999999
0.06458799999999999
0.06458799999999999
0.06168799999999998
0.06523999999999995
0.07316
0.05957599999999999
0.056527999999999995
0.056527999999999995
0.061143999999999914
0.06242799999999996
0.05163599999999995
0.060315999999999925
0.07130399999999992
0.07130399999999992
0.06131599999999992
0.054187999999999965
0.07595199999999992
0.05562000000000002
0.05103199999999999
0.05103199999999999
0.07154799999999988
0.0658119999999999
0.06993199999999992
0.06873599999999995
0.07208799999999989
0.06841599999999996
0.06964799999999993
0.069052
0.06546799999999989
0.07437200000000004
0.06432399999999996
0.0636639999999999
0.066052
0.07977999999999989
0.06613199999999995
0.06613199999999995
0.08444799999999997
0.08651999999999993
0.07842399999999991
0.07877199999999995
0.08625999999999993
0.08465599999999983
0.07784799999999993
0.07696399999999998
0.0774159999999999
0.08148799999999985
0.08152000000000001
0.0805119999999999
0.08152000000000001
0.07810799999999998
0.07952399999999996
0.07952399999999996
0.08730799999999991
0.07488799999999994
0.076436
0.07803999999999991
0.08251199999999999
0.08772799999999994
0.08324399999999989
0.08120399999999992
0.0753839999999999
0.073788
0.07141599999999998
0.0692
0.0692
0.0692
0.06380799999999996
0.08176399999999998
0.07176799999999994
0.08038799999999999
0.07070799999999997
0.07243599999999996
0.07243599999999996
0.07834399999999994
0.06594799999999996
0.06594799999999996
0.07446399999999997
0.07446399999999997
0.07352799999999991
0.07352799999999991
0.06770799999999995
0.06770799999999995
0.060224
0.060224
0.05833199999999996
0.07253199999999996
0.07575199999999996
0.07233199999999997
0.07345999999999993
0.06971199999999994
0.06098400000000006
0.06678000000000003
0.07847599999999988
0.06975200000000002
0.06867999999999995
0.06562799999999999
0.06978799999999998
0.06978799999999998
0.06978799999999998
0.06618399999999995
0.07831199999999998
0.075784
0.06798799999999998
0.07702799999999997
0.08213199999999997
0.07861599999999994
0.07861599999999994
0.08080799999999994
0.075632
0.07790399999999995
0.07369199999999998
0.07784399999999995
0.07468399999999994
0.07223599999999991
0.07387199999999998
0.07397199999999994
0.07565999999999996
0.07257199999999994
0.07208799999999992
0.06465199999999993
0.06465199999999993
0.06877599999999995
0.06215599999999993
0.06215599999999993
0.07938799999999994
0.07764800000000001
0.07311999999999995
0.07311999999999995
0.07485200000000004
0.07591999999999995
0.0851359999999999
0.0802159999999999
0.08283199999999998
0.07356400000000003
0.07375200000000005
0.07278799999999995
0.076284
0.07325599999999984
0.07325599999999984
0.07665999999999999
0.06747599999999997
0.07735999999999993
0.0798999999999999
0.08426399999999999
0.05918800000000001
0.05918800000000001
0.07969599999999992
0.07775999999999991
0.07327199999999995
0.07100399999999997
0.073392
0.07701999999999991
0.07701999999999991
0.06362799999999993
0.06945199999999996
0.06789199999999991
0.052344000000000016
0.06707199999999991
0.05861999999999999
0.07165199999999998
0.07124399999999993
0.06703999999999989
0.06482399999999994
0.060864
0.07016399999999992
0.0693759999999999
0.07069999999999996
0.07702399999999991
0.07702399999999991
0.06102799999999995
0.07071199999999998
0.07440399999999997
0.07440399999999997
0.06565999999999994
0.06565999999999994
0.07276400000000001
0.06640799999999993
0.08669199999999999
0.07945999999999996
0.08669199999999999
0.08130399999999992
0.07867199999999988
0.08699199999999999
0.08192399999999997
0.06657199999999998
0.07727599999999991
0.07622799999999998
0.07515199999999995
0.06836800000000001
0.07675199999999996
0.07739999999999993
0.07357199999999994
0.08493199999999984
0.08532800000000001
0.0747359999999999
0.07735199999999996
0.08361599999999991
0.08432799999999992
0.073036
0.07475599999999992
0.07475599999999992
0.07475599999999992
0.07476799999999996
0.059775999999999954
0.06546399999999995
0.06849999999999988
0.068612
0.07329599999999996
0.05723999999999995
0.07282399999999989
0.07282399999999989
0.07480399999999988
0.057595999999999925
0.057595999999999925
0.07291599999999991
0.07339999999999999
0.07339999999999999
0.07392799999999992
0.05388000000000004
0.07372799999999997
0.07223199999999996
0.07066399999999998
0.06991999999999998
0.06251199999999998
0.06679599999999992
0.06319199999999993
0.06364799999999993
0.05424
0.05424
0.06858799999999993
0.06793199999999991
0.062459999999999946
0.06719599999999998
0.055616
0.05097199999999998
0.05097199999999998
0.05097199999999998
0.07115599999999994
0.07227599999999998
0.06455600000000002
0.06203200000000005
0.06643200000000003
0.06643200000000003
0.06203599999999998
0.06201600000000001
0.06625999999999997
0.065532
0.065532
0.06826000000000002
0.06025200000000002
0.06749999999999992
0.06200399999999996
0.055596000000000007
0.058651999999999975
0.06479599999999999
0.06596799999999994
0.06050799999999992
0.05849999999999992
0.05421999999999999
0.05421999999999999
0.058575999999999975
0.058575999999999975
0.0710559999999999
0.06699199999999997
0.06849199999999996
0.07485199999999995
0.06809999999999987
0.06327599999999999
0.057691999999999986
0.06906799999999992
0.06304000000000003
0.07024399999999993
0.06782399999999994
0.06689199999999994
0.06403199999999998
0.07269199999999998
0.060315999999999974
0.063268
0.07244800000000003
0.08185999999999996
0.0663
0.06493200000000006
0.07043999999999989
0.07116800000000001
0.07366399999999995
0.06343599999999998
0.06667600000000003
0.07407999999999998
0.06451599999999998
0.06873199999999993
0.05538399999999999
0.06718399999999988
0.07249199999999992
0.07115999999999996
0.07387599999999998
0.07002799999999998
0.06489600000000001
0.062008000000000014
0.059571999999999944
0.06747999999999996
0.07398399999999997
0.07411200000000003
0.060123999999999955
0.05854000000000003
0.06412399999999992
0.07175599999999996
0.07175599999999996
0.07362399999999997
0.06612
0.07295199999999993
0.06892799999999993
0.06892799999999993
0.06791999999999995
0.06865999999999993
0.06715199999999993
0.061135999999999954
0.059895999999999984
0.05331999999999999
0.05810799999999998
0.06058399999999998
0.06058399999999998
0.06713199999999994
0.06293199999999995
0.060587999999999934
0.07342800000000001
0.08067599999999993
0.07331199999999996
0.08173999999999994
0.07865599999999988
0.06772399999999995
0.08076399999999977
0.06206799999999997
0.06206799999999997
0.06517199999999998
0.07640799999999988
0.07319999999999997
0.07852399999999991
0.07269999999999993
0.07158399999999991
0.07555999999999989
0.06925599999999989
0.07195200000000002
0.07377999999999997
0.06002799999999998
0.06541199999999996
0.053712000000000024
0.053712000000000024
0.053712000000000024
0.06775999999999992
0.06460399999999997
0.06460399999999997
0.06460399999999997
0.07098799999999998
0.06500399999999992
0.07782399999999999
0.07366799999999989
0.07138799999999995
0.06429999999999995
0.06429999999999995
0.07077599999999996
0.08198800000000003
0.0720359999999999
0.07394799999999992
0.0795519999999999
0.073364
0.08351599999999997
0.07958799999999994
0.07749199999999998
0.07881999999999993
0.08153599999999997
0.07485599999999995
0.07228799999999998
0.07616000000000002
0.07936399999999996
0.07767199999999996
0.06365199999999999
0.06957999999999995
0.058151999999999995
0.058151999999999995
0.055692000000000005
0.06861199999999996
0.079564
0.06764399999999997
0.06764399999999997
0.07136400000000004
0.08125599999999997
0.0774399999999999
0.08421599999999989
0.07503999999999998
0.08972399999999997
0.07394000000000003
0.08413599999999992
0.07431599999999998
0.07903199999999994
0.07780399999999991
0.08222399999999995
0.08222399999999995
0.080772
0.0757639999999999
0.07104799999999997
0.06535999999999997
0.07421599999999999
0.07421599999999999
0.07421599999999999
0.07294399999999993
0.07176799999999998
0.08096399999999997
0.07445599999999997
0.07445599999999997
0.07932799999999997
0.08077200000000004
0.07447599999999995
0.07275199999999996
0.06317200000000003
0.063016
0.06723999999999998
0.061223999999999966
0.068324
0.062223999999999946
0.0711399999999999
0.06327999999999999
0.060079999999999974
0.060079999999999974
0.060079999999999974
0.06768399999999992
0.07028799999999998
0.07521199999999992
0.07691200000000005
0.07555199999999998
0.07599599999999995
0.06618399999999997
0.064848
0.06523199999999997
0.06790799999999998
0.07053599999999992
0.05291999999999998
0.05291999999999998
0.05291999999999998
0.06897199999999998
0.04809600000000003
0.066668
0.06609999999999996
0.065852
0.06455999999999995
0.06154000000000001
0.066108
0.066108
0.060299999999999986
0.07129199999999997
0.06866399999999996
0.06978399999999993
0.05613199999999991
0.058711999999999924
0.05629599999999997
0.060132000000000005
0.060132000000000005
0.061243999999999924
0.06471999999999999
0.06201600000000002
0.06380799999999998
0.060147999999999945
0.060147999999999945
0.055436000000000034
0.05441600000000004
0.06039599999999988
0.06093599999999997
0.055175999999999975
0.055175999999999975
0.05894399999999991
0.05444799999999999
0.05444799999999999
0.05375999999999997
0.05375999999999997
0.06296799999999993
0.058244000000000004
0.058244000000000004
0.058244000000000004
0.05686400000000003
0.056039999999999986
0.06116399999999999
0.06557999999999999
0.06363599999999996
0.06714800000000001
0.06714800000000001
0.07013199999999992
0.06896799999999993
0.073216
0.07524400000000002
0.07504399999999994
0.07504399999999994
0.07504399999999994
0.06752799999999992
0.06299999999999993
0.061855999999999974
0.061855999999999974
0.06398000000000005
0.05935599999999999
0.05895200000000001
0.05895200000000001
0.059859999999999955
0.07637199999999998
0.05191199999999989
0.05191199999999989
0.07350799999999998
0.07350799999999998
0.07448799999999998
0.07628399999999992
0.071684
0.06328
0.071684
0.07077599999999994
0.07310799999999998
0.072368
0.07222399999999993
0.06316399999999994
0.07060799999999999
0.07155599999999997
0.06877599999999999
0.07193999999999996
0.06876799999999998
0.06876799999999998
0.06859599999999996
0.06689199999999997
0.06689199999999997
0.06385600000000005
0.06532399999999997
0.05650399999999995
0.05650399999999995
0.05650399999999995
0.05650399999999995
0.06083600000000007
0.06083600000000007
0.057120000000000004
0.05757599999999994
0.05673599999999991
0.05505199999999992
0.06855599999999987
0.05867199999999999
0.053367999999999985
0.045707999999999985
0.052571999999999994
0.053568
0.055339999999999966
0.05461999999999998
0.05170799999999998
0.060367999999999936
0.049208
0.049208
0.061868000000000006
0.050855999999999964
0.07107599999999997
0.06933999999999997
0.06336400000000002
0.06456399999999987
0.06462799999999996
0.07406399999999992
0.05414399999999993
0.07406399999999992
0.07241199999999995
0.07241199999999995
0.07241199999999995
0.05885199999999993
0.06822399999999998
0.05638799999999992
0.05676799999999988
0.05695200000000001
0.06717999999999992
0.06717999999999992
0.07600399999999993
0.07024399999999993
0.06961599999999986
0.06820399999999995
0.0783239999999999
0.06720799999999988
0.06713199999999998
0.06221599999999987
0.06713199999999998
0.06713199999999998
0.07689199999999999
0.07627199999999992
0.07971199999999992
0.07001599999999994
0.07940799999999995
0.08082399999999992
0.07182399999999996
0.07182399999999996
0.07940399999999992
0.07975999999999994
0.07975999999999994
0.08439599999999989
0.08221999999999993
0.07466
0.05536
0.07597599999999995
0.07429999999999994
0.07735199999999993
0.07735199999999993
0.06930399999999994
0.06930399999999994
0.07828399999999992
0.07764000000000001
0.07725999999999995
0.07873599999999999
0.07873599999999999
0.07611199999999987
0.07992799999999992
0.07715599999999993
0.06671199999999997
0.07375999999999996
0.07559999999999997
0.07774399999999995
0.07774399999999995
0.07800399999999993
0.06749199999999993
0.07761199999999996
0.06904399999999997
0.08130399999999999
0.08171999999999999
0.07262399999999998
0.0768439999999999
0.06364399999999996
0.07132399999999994
0.06592399999999993
0.0686679999999999
0.08228799999999996
0.08395199999999998
0.08105599999999996
0.08100000000000002
0.0810639999999999
0.07960799999999997
0.08086000000000003
0.0745919999999999
0.0745919999999999
0.07499599999999995
0.08113199999999995
0.08186399999999988
0.07905999999999992
0.07409599999999998
0.07242000000000001
0.083128
0.07573599999999998
0.07986399999999996
0.08101599999999994
0.08030799999999998
0.07515199999999991
0.07273599999999993
0.06867999999999999
0.06376399999999995
0.06592799999999999
0.06609999999999996
0.06565999999999994
0.07010799999999995
0.07396399999999992
0.07224399999999995
0.07224399999999995
0.07638399999999997
0.06264799999999997
0.06859199999999999
0.06830799999999997
0.06866799999999998
0.06421999999999989
0.068532
0.066276
0.057908000000000015
0.06597999999999997
0.06221600000000002
0.06221600000000002
0.06221600000000002
0.06166799999999995
0.062904
0.06550799999999993
0.066976
0.06540399999999995
0.059583999999999936
0.06211200000000002
0.05138799999999997
0.06312799999999992
0.06312799999999992
0.07095599999999991
0.06459999999999995
0.074688
0.07597599999999992
0.07078799999999993
0.07078799999999993
0.06495999999999999
0.06078399999999997
0.0708
0.06978799999999993
0.058324000000000015
0.07297599999999997
0.06403600000000001
0.06403600000000001
0.06317199999999998
0.06317199999999998
0.06696399999999991
0.07307200000000001
0.07230799999999989
0.06796800000000001
0.07234000000000002
0.07005199999999995
0.06448800000000003
0.06670399999999993
0.06625999999999996
0.05941199999999996
0.05956799999999996
0.05844799999999998
0.050475999999999924
0.05060800000000002
0.05051600000000007
0.05058799999999999
0.049720000000000035
0.061763999999999965
0.05539600000000003
0.048388000000000014
0.04807600000000001
0.06631999999999992
0.06631999999999992
0.06811199999999995
0.05516800000000001
0.06342800000000003
0.063372
0.05903199999999988
0.057095999999999966
0.057095999999999966
0.059284
0.056928000000000034
0.07119599999999993
0.06750399999999991
0.06490799999999998
0.060175999999999986
0.06877200000000004
0.064172
0.07173199999999995
0.05798799999999996
0.06583599999999995
0.071968
0.07631199999999992
0.06354799999999995
0.06985999999999996
0.05888000000000004
0.069532
0.07049599999999998
0.06654399999999995
0.06789599999999996
0.07189999999999995
0.06665199999999995
0.056047999999999994
0.06300399999999999
0.06536799999999994
0.06347199999999986
0.061308
0.05842399999999994
0.05605199999999993
0.05605199999999993
0.05605199999999993
0.05605199999999993
0.060640000000000055
0.060640000000000055
0.06042399999999998
0.06042399999999998
0.066488
0.056632
0.0552
0.06762399999999995
0.056636
0.06525199999999998
0.06525199999999998
0.06609200000000001
0.06521599999999994
0.05542799999999996
0.07066400000000003
0.06177600000000003
0.06177600000000003
0.07205599999999997
0.061916000000000054
0.06125200000000004
0.06125200000000004
0.06095199999999998
0.07560000000000001
0.06574000000000002
0.06983199999999992
0.06983199999999992
0.07086400000000001
0.06964000000000005
0.06785600000000006
0.06090799999999997
0.06212000000000005
0.06996000000000006
0.06751999999999998
0.06767599999999996
0.06404800000000002
0.06807600000000001
0.059128
0.069932
0.07038799999999995
0.07012000000000002
0.06289200000000003
0.06242000000000002
0.06242000000000002
0.06617599999999997
0.058112
0.05803200000000001
0.05803200000000001
0.05803200000000001
0.05803200000000001
0.07291599999999997
0.06162400000000001
0.06304799999999999
0.058388
0.07396399999999995
0.06822799999999993
0.07421199999999993
0.07421199999999993
0.07674799999999984
0.07690399999999994
0.0798919999999999
0.07816000000000001
0.07995199999999995
0.07452799999999991
0.08189199999999992
0.08006399999999997
0.08045599999999994
0.07412799999999994
0.07052399999999998
0.07412799999999994
0.07591599999999997
0.07788399999999995
0.078908
0.06899999999999994
0.06930799999999991
0.06930799999999991
0.06930799999999991
0.06490800000000002
0.070256
0.073512
0.06945999999999998
0.06945999999999998
0.07330799999999996
0.07330799999999996
0.07330799999999996
0.07537999999999995
0.07186399999999991
0.06873599999999995
0.07622399999999997
0.07666799999999996
0.07511599999999986
0.06455600000000003
0.06314399999999996
0.06876399999999988
0.06798399999999993
0.07270799999999995
0.0696559999999999
0.057451999999999996
0.06265199999999996
0.059183999999999994
0.05115600000000002
0.05115600000000002
0.05115600000000002
0.06292799999999997
0.06292799999999997
0.06056399999999998
0.06660400000000002
0.06653999999999999
0.05870799999999996
0.07316800000000001
0.07775599999999999
0.06949199999999998
0.06949199999999998
0.07862000000000004
0.0735
0.07138000000000001
0.06798399999999993
0.054051999999999975
0.054051999999999975
0.06063600000000001
0.06485999999999997
0.0711439999999999
0.06283999999999997
0.05346399999999996
0.05346399999999996
0.06779999999999999
0.06460799999999992
0.06460799999999992
0.058948
0.058948
0.04982000000000001
0.04982000000000001
0.07438799999999995
0.06120400000000004
0.06264000000000002
0.06303599999999991
0.060723999999999986
0.060723999999999986
0.060723999999999986
0.05567999999999996
0.078292
0.07901199999999994
0.06590000000000003
0.06348399999999993
0.06279599999999991
0.06589199999999995
0.07068799999999997
0.07068799999999997
0.07068799999999997
0.07156400000000002
0.07861999999999993
0.06880400000000003
0.07323999999999992
0.07323999999999992
0.07054
0.07861200000000004
0.07138000000000001
0.07138000000000001
0.07316400000000006
0.059511999999999975
0.0595719999999999
0.05781999999999993
0.05673599999999992
0.06249599999999993
0.06249599999999993
0.06457599999999997
0.06549199999999991
0.05578399999999996
0.04581199999999999
0.04581199999999999
0.04581199999999999
0.06264399999999998
0.06264399999999998
0.08057199999999998
0.08251600000000005
0.08251600000000005
0.08107600000000002
0.08186799999999995
0.06965199999999996
0.084728
0.08440399999999992
0.08302399999999997
0.07801599999999995
0.07332000000000001
0.08089199999999996
0.07454000000000004
0.07630399999999997
0.07630399999999997
0.06628399999999991
0.06628399999999991
0.07230799999999996
0.06450399999999999
0.06950799999999999
0.073244
0.07025999999999996
0.07025999999999996
0.06854399999999997
0.07175999999999991
0.06515999999999993
0.07175999999999991
0.06954799999999997
0.08087599999999995
0.07096799999999996
0.07096799999999996
0.07096799999999996
0.07779999999999991
0.07492800000000004
0.07307199999999989
0.07307199999999989
0.05803599999999994
0.063792
0.057939999999999964
0.057939999999999964
0.06015999999999996
0.060447999999999946
0.06317599999999998
0.06019599999999992
0.05957999999999999
0.062183999999999955
0.06985199999999994
0.07089599999999997
0.05772399999999992
0.05698399999999994
0.05698399999999994
0.054567999999999985
0.054567999999999985
0.054567999999999985
0.054567999999999985
0.059108000000000015
0.059108000000000015
0.07301199999999995
0.07327199999999995
0.07288399999999991
0.05702399999999999
0.06365999999999997
0.06745200000000008
0.06745200000000008
0.05503999999999995
0.058043999999999894
