0.009102479999999994
0.028228159999999995
0.04537087999999998
0.048923999999999974
0.056728319999999964
0.05939447999999997
0.06470423999999997
0.06763783999999998
0.07114343999999996
0.07684383999999997
0.07937959999999998
0.08715327999999996
0.08817567999999996
0.08858503999999996
0.09027223999999996
0.09072399999999999
0.09371823999999997
0.09485415999999995
0.09432311999999994
0.09506495999999996
0.09672247999999996
0.09728479999999992
0.09661783999999994
0.09591807999999995
0.09955791999999991
0.10082823999999993
0.10122807999999996
0.10265079999999994
0.10321799999999992
0.10510567999999994
0.10417727999999996
0.10454111999999993
0.10248559999999993
0.10414271999999991
0.10307679999999994
0.1061196799999999
0.1058748799999999
0.10718007999999993
0.10762479999999992
0.10911207999999993
0.10947775999999992
0.11047679999999993
0.11146511999999992
0.11121487999999995
0.11440239999999996
0.11592943999999993
0.11499895999999994
0.11584967999999994
0.11697447999999992
0.11671847999999993
0.11888295999999995
0.11841775999999994
0.12003535999999991
0.12086111999999993
0.12032263999999994
0.12178287999999995
0.12136143999999995
0.12177031999999995
0.12595903999999997
0.12630792
0.12334823999999997
0.12402143999999998
0.12576727999999998
0.12573568000000002
0.12710176000000004
0.12812920000000003
0.12918344000000004
0.12745176
0.128262
0.13093792
0.13145984000000005
0.13069688000000002
0.13127048000000002
0.13092511999999998
0.13338280000000005
0.13201880000000002
0.13543656000000007
0.13355136
0.13623520000000006
0.13294272000000004
0.13697552000000002
0.13430712
0.13705816
0.13691192000000002
0.13611232000000004
0.13573248
0.13851104000000003
0.13707376000000002
0.13705711999999998
0.14048256
0.13762719999999998
0.13913080000000003
0.13745239999999997
0.13949584
0.13754336
0.13574368
0.13552352
0.14002912000000003
0.14057264000000003
0.13905
0.13815703999999998
0.13933040000000002
0.14017600000000002
0.14252016
0.14015792
0.14115808000000002
0.14144328
0.13986920000000003
0.14147584
0.14611352
0.14326192000000001
0.14160296000000003
0.14495736000000004
0.14449768000000004
0.14300000000000002
0.14162384000000003
0.14236616000000002
0.14155488000000005
0.14390432000000003
0.14389200000000002
0.14264192000000003
0.14150072000000005
0.14246368000000004
0.14076816000000003
0.14162496000000002
0.1412016
0.14116368000000004
0.1419332
0.14292680000000002
0.14267888000000004
0.14342720000000003
0.14321024000000002
0.14217104000000003
0.14344200000000004
0.14219888000000003
0.14434024000000004
0.14432728000000003
0.14468872000000005
0.14424472000000002
0.14468592000000002
0.14253176
0.145882
0.14615128000000002
0.14689192
0.14961384000000005
0.14619872000000003
0.14771696000000004
0.14565272000000004
0.14713008000000002
0.14925808000000002
0.14747544000000004
0.15073912000000006
0.14898288000000004
0.14755656000000003
0.15280104000000005
0.14893824000000003
0.14977912000000002
0.14878112000000004
0.14795216000000008
0.15160728
0.15040624000000005
0.15043152000000004
0.15130448000000005
0.15091776000000004
0.15573600000000004
0.15412456000000005
0.15469480000000008
0.15658032000000005
0.15431568
0.15658256000000004
0.15675608000000005
0.15371824000000003
0.15399528
0.15172160000000004
0.15606064000000006
0.15234744000000006
0.15173640000000005
0.15421568000000005
0.15482744000000007
0.15549272000000003
0.15522040000000006
0.15330032000000005
0.15492640000000005
0.15483296000000005
0.15648936000000005
0.15677648000000005
0.15467768000000007
0.15868336000000002
0.15613160000000004
0.15597632000000006
0.15707744000000004
0.15928272000000004
0.15769448000000003
0.15848632
0.15556416000000003
0.16021936000000003
0.15940512000000007
0.16104672000000003
0.16172592000000002
0.15931648000000004
0.15838312000000004
0.16036336
0.15724048000000004
0.15979224000000003
0.15993592000000006
0.16097296000000008
0.15896904000000003
0.1612280800000001
0.16154880000000005
0.1608579200000001
0.1607840000000001
0.16104920000000006
0.16199416000000005
0.16100552000000007
0.1610910400000001
0.16061000000000006
0.16107104000000005
0.1651293600000001
0.15913808000000007
0.1627432000000001
0.16117392000000008
0.16129848000000005
0.15985200000000008
0.16280544000000005
0.15947008000000007
0.16380176000000005
0.16137040000000005
0.1616048800000001
0.16051728000000007
0.16106768000000005
0.16085368000000005
0.1605666400000001
0.15954056000000008
0.15888232000000005
0.16067640000000008
0.1629752800000001
0.16261440000000008
0.1597195200000001
0.15839960000000008
0.16009192000000008
0.16163312000000013
0.1625551200000001
0.1603406400000001
0.16147800000000007
0.16075904000000008
0.16037544000000004
0.16207952000000006
0.1582795200000001
0.15876592000000006
0.1627877600000001
0.1625646400000001
0.16097696000000009
0.1634884000000001
0.1612514400000001
0.16180312000000008
0.1603501600000001
0.16142624000000008
0.15977752000000006
0.16185904000000007
0.1620368800000001
0.16255864000000006
0.16219704000000007
0.16243808000000012
0.16141328000000008
0.1629447200000001
0.15968304000000008
0.15961416000000006
0.1602981600000001
0.1619669600000001
0.1633683200000001
0.16108800000000006
0.16347536000000004
0.16309600000000007
0.16216280000000008
0.16563632000000006
0.16239136000000012
0.1656405600000001
0.16169264000000005
0.1609306400000001
0.1631336800000001
0.16349576000000007
0.16267608000000006
0.16315304000000008
0.1634425600000001
0.1641006400000001
0.16430336000000006
0.16254000000000005
0.16421920000000007
0.16291264000000008
0.1639040800000001
0.16461776000000009
0.16505784000000012
0.1624704000000001
0.16259232000000007
0.1627124000000001
0.16324320000000012
0.1636658400000001
0.16449728000000005
0.16277952000000007
0.16246976000000007
0.1637450400000001
0.16089080000000006
0.16457864000000008
0.16295168000000007
0.16247344000000005
0.16203800000000004
0.16394336000000007
0.16318392000000007
0.16345784000000008
0.16643912000000008
0.1648366400000001
0.16546704000000007
0.16300288000000004
0.16527288000000007
0.16434512000000004
0.1650267200000001
0.16505872000000008
0.16114600000000007
0.16588048000000005
0.16409984000000008
0.16186456000000007
0.1640300000000001
0.16244120000000006
0.16333344000000008
0.16615304000000009
0.16570336000000008
0.16353832000000004
0.16482056000000006
0.16387680000000007
0.16531344000000003
0.1671468000000001
0.16365584000000005
0.16409560000000006
0.16623376000000006
0.16457984000000012
0.16533496000000006
0.1639328000000001
0.16670376000000012
0.16554672000000006
0.1650943200000001
0.16520544000000004
0.16320376000000006
0.16680952000000007
0.1650484000000001
0.16530792000000005
0.1640901600000001
0.16461952000000007
0.1628920000000001
0.1642252000000001
0.16462840000000004
0.16640512000000007
0.1660542400000001
0.16385296000000008
0.16671504000000006
0.16369728000000008
0.16442768000000008
0.16073864000000007
0.1665543200000001
0.1650734400000001
0.1649084000000001
0.16200320000000004
0.1654985600000001
0.1658134400000001
0.16491072000000007
0.16474392000000004
0.1649234400000001
0.16560344000000007
0.16552104000000006
0.1643237600000001
0.16393496000000007
0.16492832000000007
0.16350592000000005
0.16472600000000007
0.16625744000000003
0.16301536000000005
0.16328040000000005
0.16182392000000004
0.16414432
0.16614216000000007
0.1647642400000001
0.16424200000000005
0.16447272000000004
0.16439032000000003
0.1641956800000001
0.1670215200000001
0.16620144000000006
0.16336800000000004
0.16734560000000007
0.16356208000000005
0.16488336000000003
0.16349088
0.16494400000000006
0.16412048000000007
0.16366872000000005
0.16260328000000004
0.16423656
0.16324952000000006
0.1637236800000001
0.16313344000000007
0.16400368000000007
0.16281568000000005
0.16371368000000003
0.16322064000000008
0.16239384000000004
0.16240728000000004
0.16274312000000005
0.16352128000000005
0.16263664000000005
0.16204744000000004
0.16364328000000003
0.1632332000000001
0.16188328000000002
0.16594648000000004
0.16409056000000002
0.16450664000000007
0.16250752000000004
0.1629039200000001
0.1638126400000001
0.16624440000000007
0.16460728000000008
0.16280488
0.16518896000000008
0.16369712000000006
0.16360704000000006
0.16554784000000006
0.16494672000000005
0.16430928000000006
0.16268568000000008
0.16739984000000002
0.16590912000000002
0.1619536000000001
0.16534136000000008
0.16605472000000002
0.1652001600000001
0.16450152000000007
0.16692656000000006
0.16626344000000007
0.16483096000000008
0.16616576000000005
0.16326088000000008
0.16435352000000006
0.16483216000000003
0.16534248000000004
0.16509184000000005
0.16495368000000002
0.16496216000000008
0.16566616000000003
0.16548576000000007
0.16525504000000005
0.16377704000000004
0.16515080000000007
0.16427744000000008
0.16428344000000009
0.16351720000000008
0.1653348000000001
0.16685672000000007
0.16348544000000004
0.16403920000000005
0.16458456000000005
0.16665168000000005
0.16615296000000007
0.16414424000000008
0.16533032000000009
0.16480504000000007
0.16516704000000004
0.16373904000000006
0.16471304000000006
0.16545936000000008
0.16370408000000006
0.16404192000000006
0.16585336000000006
0.16713440000000004
0.1664152800000001
0.16472280000000009
0.16722440000000005
0.16441152000000006
0.16403248000000004
0.16399832000000006
0.1646292000000001
0.16472616000000007
0.16294120000000004
0.16335760000000007
0.1635513600000001
0.16453368000000004
0.16397008000000002
0.16635344000000007
0.16469376000000008
0.16459968000000003
0.1647924800000001
0.16502096000000005
0.16340984000000006
0.16555168000000006
0.16533920000000002
0.1661247200000001
0.1668217600000001
0.16521528000000008
0.16623000000000004
0.1673420800000001
0.16557552000000006
0.16470128000000003
0.16525480000000006
0.16591000000000009
0.16718152000000003
0.16582392
0.16582120000000003
0.16475592000000008
0.16459752000000005
0.16606392000000006
0.1666891200000001
0.16543016000000008
0.16739672000000005
0.16719720000000005
0.16739632000000004
0.16879096000000005
0.1655475200000001
0.16615136000000008
0.16815552000000009
0.1637536800000001
0.16750000000000004
0.16555496000000006
0.16625576000000006
0.16569488000000007
0.16602480000000003
0.16577488000000007
0.16852832000000006
0.16852160000000005
0.16668712000000008
0.16577176000000007
0.16622128000000008
0.16847728000000003
0.16626768000000008
0.1687127200000001
0.16839840000000006
0.16813688000000002
0.16624792000000008
0.16838008000000004
0.16876720000000006
0.16689904000000005
0.16744840000000008
0.1649085600000001
0.16909984000000006
0.16623504000000008
0.16748448000000007
0.16687064000000007
0.16735728000000008
0.16991976000000011
0.16583080000000006
0.16714200000000004
0.1688020000000001
0.1691733600000001
0.1686745600000001
0.16956616000000005
0.16879496000000002
0.16896568000000006
0.1686484000000001
0.16530816000000004
0.16822584000000007
0.16750240000000005
0.16685184000000006
0.16712800000000005
0.16585792000000002
0.16784896000000005
0.16736960000000006
0.16550224000000002
0.16871064000000008
0.16687320000000005
0.16855448000000003
0.16969560000000009
0.16670264000000007
0.16714896000000007
0.16866232000000003
0.16825872000000003
0.16795048
0.16951704000000006
0.16475240000000008
0.16687424000000006
0.1672319200000001
0.16756424000000006
0.16958736000000005
0.1687429600000001
0.16801216000000008
0.1674708000000001
0.16540544000000007
0.16955160000000005
0.16764840000000003
0.16637000000000005
0.16779384000000008
0.16817272000000003
0.16917008000000006
0.16843064000000005
0.16926008000000003
0.16736888000000005
0.1679936
0.16786864000000004
0.17129192000000007
0.17079864
0.16820984000000005
0.16807464000000005
0.16734832000000005
0.16992344000000004
0.1685475200000001
0.1694792800000001
0.16511888000000002
0.16878576000000003
0.16724128000000008
0.16997168000000007
0.16832536000000003
0.17026776000000005
0.16973680000000005
0.16733424000000002
0.1672396000000001
0.16680224000000007
0.16813688000000002
0.16897840000000003
0.16550912000000004
0.16885264000000005
0.16870752000000006
0.16975176000000006
0.16723112000000007
0.17003576000000004
0.16830992000000003
0.1678828800000001
0.16746416000000003
0.16689768000000005
0.16930008000000002
0.16922632000000004
0.17048976000000005
0.1688568
0.1688616
0.17101072000000006
0.16524000000000005
0.17032624000000002
0.16829824000000002
0.16990200000000003
0.16834088000000005
0.16875496
0.17013512000000006
0.16870343999999998
0.16783216000000004
0.16774200000000003
0.17088424
0.16745832000000005
0.16675072000000005
0.17110432000000003
0.16832968
0.16972792000000006
0.16925056000000005
0.16976664
0.16774288
0.17052247999999998
0.16875712000000004
0.16841576000000008
0.16873240000000003
0.16786
0.16799032
0.17005472000000005
0.16833208
0.16987656
0.16975992000000006
0.16805088000000004
0.17005784000000002
0.16916816
0.17025744000000004
0.16818632
0.16881496000000001
0.16659472000000006
0.16843304
0.17056063999999999
0.16847424000000003
0.16496264000000005
0.16808792
0.16935360000000002
0.16933544
0.16912816000000003
0.16887976000000002
0.16783984
0.16855816000000004
0.16986752
0.17018184000000003
0.16759432000000005
0.16867776000000004
0.16820792
0.17013752000000001
0.16807592
0.16910784
0.17002631999999998
0.1701172
0.16815664000000002
0.16930544
0.16983416
0.17203016
0.16950103999999996
0.16776896
0.16836728000000004
0.16636744000000003
0.16961008000000002
0.17017880000000002
0.16930375999999994
0.16905224
0.16729215999999997
0.16852207999999996
0.17301976000000002
0.17079248000000002
0.17010136000000003
0.16903567999999997
0.17211759999999998
0.17018592000000002
0.16894135999999998
0.17111736
0.17169976
0.17127527999999997
0.17020463999999996
0.17024911999999998
0.17036640000000003
0.17075695999999996
0.17015352
0.16856263999999999
0.16870247999999996
0.17257943999999997
0.17069375999999997
0.17007032000000002
0.17049576
0.17071431999999997
0.16885183999999998
0.16998016
0.17049912
0.17243399999999998
0.17036872
0.17102311999999997
0.1725224
0.16972127999999997
0.17321248
0.16831504
0.17346440000000002
0.17112871999999998
0.17084712
0.17355568
0.17364808
0.17135247999999997
0.17100096
0.17275823999999995
0.17187552000000003
0.17090376000000002
0.17230223999999997
0.17055591999999997
0.1697628
0.17223895999999994
0.17233591999999995
0.17101055999999995
0.17273767999999998
0.17092543999999996
0.17302343999999997
0.17211135999999994
0.17178911999999996
0.17362047999999997
0.17226671999999998
0.17357079999999991
0.17230631999999996
0.17123216
0.17187608
0.17183384000000002
0.17398632
0.17217095999999996
0.17146063999999994
0.17220871999999995
0.17295080000000002
0.17040399999999997
0.16995919999999995
0.17404919999999996
0.17320071999999997
0.17049952
0.16989743999999996
0.16991063999999995
0.17216831999999996
0.17062095999999996
0.17223847999999997
0.17281743999999996
0.17222839999999998
0.17209655999999993
0.16941871999999997
0.16960095999999997
0.17100488
0.17517119999999997
0.17288111999999994
0.17202663999999995
0.1749769599999999
0.17366295999999995
0.17058783999999996
0.17287215999999994
0.17047911999999996
0.17226399999999994
0.17085928
0.17209143999999996
0.17045392
0.17487631999999995
0.1726082399999999
0.17247319999999994
0.17342079999999993
0.17454503999999993
0.17401711999999991
0.1744779199999999
0.17327743999999995
0.17180375999999992
0.17400695999999993
0.17197784
0.17298687999999995
0.17453215999999994
0.17352023999999994
0.17490463999999994
0.17437591999999996
0.17404575999999994
0.17224616
0.17487711999999994
0.17038487999999993
0.17403224
0.17544927999999993
0.17293335999999995
0.17476335999999992
0.17308735999999997
0.17131071999999992
0.17470623999999998
0.17085216
0.17441087999999996
0.17245967999999995
0.17127623999999994
0.17280831999999996
0.17222111999999995
0.17147256
0.17187111999999996
0.17107336
0.17347855999999998
0.17346103999999996
0.17209343999999993
0.17224704
0.17534096
0.17231487999999998
0.17200983999999997
0.17246607999999994
0.17251207999999996
0.17551831999999998
0.17028879999999996
0.17554183999999995
0.17440151999999998
0.17142463999999996
0.172998
0.17393871999999994
0.17307879999999998
0.17340608
0.17214344
0.17386392000000003
0.17249287999999996
0.17293983999999996
0.17474335999999993
0.17129239999999993
0.17287128
0.17390959999999991
0.17477063999999992
0.17476751999999995
0.17333544
0.17408967999999994
0.17346351999999995
0.17462607999999996
0.1748728
0.17121183999999995
0.17527031999999995
0.17286895999999996
0.17734791999999996
0.17613695999999998
0.1711112
0.17367983999999997
0.17552968
0.17183647999999999
0.17144736
0.17344351999999993
0.17356215999999997
0.17478023999999995
0.17286391999999995
0.17435479999999998
0.17125311999999993
0.17406847999999997
0.1732884
0.17323455999999995
0.17355431999999996
0.17525791999999998
0.17547135999999994
0.17458639999999995
0.17447175999999998
0.17142439999999992
0.17349839999999997
0.17245807999999993
0.17317559999999996
0.17368712000000003
0.17512807999999996
0.17235863999999995
0.17335303999999996
0.17396199999999998
0.17668743999999997
0.1731064
0.17324872
0.17347415999999996
0.17443495999999997
0.17237167999999994
0.17600119999999989
0.17436263999999999
0.17263591999999994
0.17496583999999998
0.17483504
0.17383767999999997
0.17337175999999996
0.17247088
0.17421623999999997
0.17494152
0.17469447999999996
0.17463183999999995
0.17452247999999992
0.17199423999999996
0.17546567999999996
0.17337055999999998
0.17566744
0.17429456
0.17570415999999997
0.1740512
0.17399127999999997
0.1745776
0.17255392
0.17655191999999997
0.17245287999999995
0.17367503999999992
0.17230727999999995
0.17352263999999998
0.17348528
0.17439352
0.17129607999999996
0.17512575999999996
0.17519887999999997
0.17406743999999993
0.17324967999999996
0.17421031999999997
0.17397751999999997
0.17519471999999994
0.17571503999999996
0.1729867199999999
0.17337991999999997
0.17097783999999996
0.17319567999999996
0.17201135999999995
0.17555504
0.17403464
0.17296727999999995
0.17432015999999997
0.17185759999999994
0.17399463999999998
0.17681511999999994
0.17227591999999994
0.17421207999999996
0.17365039999999993
0.17489496
0.17625463999999993
0.17382151999999995
0.17281063999999996
0.17094911999999998
0.17197807999999995
0.17301831999999998
0.17322072
0.17073463999999994
0.17245359999999998
0.173752
0.17362743999999997
0.17510511999999995
0.17234599999999997
0.17462543999999997
0.17211047999999995
0.17314191999999998
0.17417744
0.17444111999999998
0.17555527999999995
0.17657152
0.17287775999999994
0.17522104
0.17520615999999997
0.17579807999999997
0.17363303999999996
0.17380383999999996
0.17337215999999994
0.17423479999999994
0.17247704
0.17389751999999997
0.17263519999999993
0.17323631999999997
0.17625663999999994
0.17556775999999993
0.17138463999999995
0.16998527999999996
0.17145471999999995
0.17323703999999995
0.17259391999999996
0.17621335999999993
0.17364007999999995
0.17373087999999992
0.17513511999999998
0.17274383999999995
0.17571823999999991
0.17264912
0.17426231999999994
0.17235527999999994
0.17497399999999996
0.17362191999999993
0.17224439999999996
0.17469711999999998
0.17402103999999993
0.1739263199999999
0.1717450399999999
0.17376143999999996
0.1755950399999999
0.17383655999999997
0.17325959999999996
0.17496799999999993
0.17344943999999995
0.17313887999999994
0.17299423999999994
0.17347967999999994
0.17367087999999994
0.17140447999999991
0.17432455999999996
0.17617135999999994
0.17487327999999994
0.17304415999999997
0.17177951999999996
0.17346192
0.17487551999999995
0.17312727999999994
0.17503143999999993
0.1747255999999999
0.17334896
0.17526479999999997
0.17316527999999998
0.17554071999999996
0.17166351999999999
0.1738064799999999
0.17355879999999999
0.17326487999999998
0.17395647999999997
0.17402399999999996
0.1725272
0.17472511999999996
0.17562767999999995
0.17355487999999994
0.173612
0.17146736000000004
0.1728344
0.17647471999999997
0.17147736000000002
0.17466551999999994
0.17280943999999998
0.17265279999999997
0.17587671999999993
0.17412271999999998
0.17480815999999996
0.17190055999999998
0.17429487999999999
0.17393703999999996
0.17191656000000002
0.17308431999999999
0.17359599999999994
0.17489047999999993
0.17388367999999996
0.17267471999999998
0.17311191999999995
0.17302888
0.17542207999999998
0.17346151999999995
0.17359647999999997
0.17245583999999997
0.1722588
0.17347263999999998
0.17329119999999995
0.17375608
0.17456983999999995
0.17374295999999997
0.17429472000000001
0.17385872
0.17039935999999997
0.17260631999999998
0.17510119999999996
0.17347039999999997
0.17291543999999995
0.17234695999999997
0.17539175999999998
0.17645696
0.17306919999999995
0.17320255999999992
0.17421312
0.17645575999999996
0.17268592
0.17368215999999997
0.174672
0.17451479999999997
0.17515583999999992
0.17188416
0.17174743999999997
0.17192295999999999
0.17217895999999996
0.17386903999999997
0.17472855999999998
0.17301608
0.17327528
0.17242519999999995
0.17371624
0.17138335999999993
0.17294631999999993
0.17543159999999994
0.17364543999999996
0.17406335999999997
0.17325895999999993
0.17278791999999996
0.16982087999999995
0.1719056799999999
0.17489464
0.17290903999999999
0.17481423999999993
0.1717412799999999
0.17094143999999997
0.17324495999999998
0.17199023999999993
0.1692695999999999
0.17305151999999996
0.17561871999999995
0.17329311999999994
0.17422287999999994
0.17498279999999994
0.17399759999999997
0.17595983999999998
0.17501215999999992
0.17452991999999998
0.17535239999999994
0.17362015999999997
0.17579247999999997
0.1740276
0.17598135999999998
0.17271807999999997
0.17460567999999996
0.17606128
0.1727363999999999
0.1750268799999999
0.17603863999999997
0.17426655999999993
0.17692743999999994
0.17504943999999992
0.17473583999999998
0.17805895999999996
0.17473103999999992
0.17667335999999995
0.17514983999999995
0.17597367999999997
0.17140135999999995
0.17671303999999996
0.17236319999999997
0.1759852799999999
0.17590079999999994
0.17640255999999993
0.17577295999999998
0.17374583999999987
0.17777023999999997
0.17266335999999993
0.17468103999999995
0.1753608799999999
0.17369727999999995
0.17518023999999996
0.17665255999999988
0.17417944
0.17399271999999996
0.17470096000000002
0.17588143999999992
0.17570991999999994
0.17653783999999995
0.17636743999999996
0.17469063999999995
0.17485839999999997
0.17494743999999993
0.17478431999999994
0.17633247999999996
0.17832879999999998
0.17713791999999992
0.1762703999999999
0.17381231999999994
0.17514543999999999
0.17559207999999996
0.17636999999999994
0.17531279999999996
0.17395791999999996
0.1771509599999999
0.1767659999999999
0.17588319999999996
0.17702295999999998
0.17605039999999988
0.1746644
0.1742783199999999
0.17616591999999998
0.17337063999999994
0.17267655999999998
0.17356975999999996
0.17449655999999994
0.17747631999999997
0.17638447999999993
0.17393623999999996
0.17647607999999992
0.17599607999999997
0.1741851999999999
0.17311071999999997
0.17586575999999998
0.17766327999999995
0.17551719999999998
0.17663759999999992
0.17447679999999996
0.17677423999999994
0.17788671999999997
0.17769975999999996
0.17540647999999995
0.17701479999999992
0.1735627999999999
0.17513551999999993
0.17665247999999995
0.17584455999999993
0.17871495999999998
0.1748545599999999
0.17338407999999994
0.17614431999999997
0.17598015999999997
0.17562879999999997
0.17479583999999995
0.1746924
0.17747928
0.17565143999999996
0.1751637599999999
0.17667743999999996
0.17559311999999994
0.17715071999999996
0.17595423999999993
0.17625215999999994
0.17814344
0.17526903999999996
0.17692175999999993
0.17357895999999992
0.17481607999999998
0.17495824
0.17349623999999994
0.17418047999999994
0.17771735999999996
0.17486463999999993
0.17608527999999996
0.17607455999999996
0.1760879999999999
0.17392735999999995
0.17386607999999995
0.17440255999999996
0.17431399999999994
0.18061688
0.17471535999999996
0.17688615999999996
0.17582240000000002
0.17539047999999993
0.17815535999999996
0.17618647999999998
0.17430088
0.17599847999999998
0.17478855999999993
0.17622040000000003
0.17531255999999998
0.17625111999999998
0.17760431999999998
0.17730407999999998
0.17536143999999998
0.17683639999999998
0.17510935999999996
0.17766792000000003
0.17478943999999996
0.17565024
0.17509976
0.17630759999999995
0.17603576
0.176454
0.17576832000000003
0.17442415999999994
0.17206671999999995
0.17531679999999997
0.17797848
0.17721639999999997
0.17220895999999997
0.17569743999999995
0.1771564
0.17363072
0.17811528
0.17443408000000002
0.17632847999999998
0.17660952000000002
0.17572712
0.17686336
0.17650776
0.17587447999999994
0.17665215999999997
0.17456039999999998
0.17401671999999999
0.17556615999999997
0.17456375999999998
0.17506759999999996
0.17619248
0.17857407999999997
0.17380888000000003
0.17475127999999998
0.176448
0.17896024
0.17850744000000002
0.17682999999999996
0.17718063999999997
0.1775704
0.17548527999999997
0.17649488
0.17554648
0.17302232000000003
0.1761908
0.17439728000000002
0.17717664
0.17376016
0.17761024
0.17701727999999994
0.17602864000000001
0.17711824
0.17630128
0.17411743999999998
0.17678128
0.17824408000000003
0.17631639999999998
0.17472056000000002
0.17680848000000002
0.17347351999999996
0.1757716
0.17614431999999994
0.17584647999999997
0.17606328000000002
0.17530431999999999
0.17638511999999998
0.1738944
0.17672408000000003
0.17363183999999998
0.17535536000000004
0.17681151999999997
0.17449015999999998
0.17282032
0.17667472
0.1769388
0.17718655999999997
0.17553216000000002
0.17689992
0.17512264
0.17575992
0.17233143999999995
0.17494888
0.17528880000000002
0.17729903999999996
0.17745032
0.17369736
0.17453872
0.17657072
0.17851712000000003
0.17582511999999997
0.17614728000000002
0.17705791999999995
0.17730055999999997
0.17405336
0.17465560000000002
0.17843624
0.1784312
0.17784239999999996
0.17531695999999997
0.17727392000000003
0.1749064
0.17593511999999997
0.17568087999999998
0.17558016
0.17820488
0.1757844
0.17721951999999994
0.17517192000000004
0.17539008
0.17345303999999998
0.17888112
0.17597552000000005
0.17508568
0.17657208000000002
0.17405496000000004
0.17631112000000002
0.17701767999999998
0.17612735999999998
0.176354
0.17643008000000002
0.1765496
0.17514056000000003
0.1753652
0.17483256
0.17640216000000003
0.17628336
0.17291528
0.17731351999999997
0.17566496
0.17592960000000002
0.17519064
0.17537408
0.17908159999999998
0.17630024
0.17579104
0.17488879999999998
0.17797976000000001
0.1764704
0.17523991999999997
0.17536384
0.17510855999999997
0.17517632
0.17589104
0.17651968
0.17354904000000002
0.17565047999999997
0.17455031999999998
0.17449312
0.17696471999999996
0.17601032000000003
0.17562535999999998
0.1763596
0.174864
0.17622152000000002
0.17752327999999995
0.17596184
0.17492823999999998
0.17757616
0.17691727999999998
0.17424431999999995
0.18107255999999997
0.17684239999999998
0.17840087999999998
0.177238
0.17536768000000003
0.17628399999999997
0.17633136
0.17892839999999996
0.17542855999999996
0.17664775999999993
0.17671263999999998
0.17550135999999994
0.176166
0.17488376000000003
0.17943407999999997
0.17663623999999994
0.17856055999999998
0.17653391999999996
0.17603807999999999
0.17571456000000002
0.17638167999999996
0.17557024
0.17522143999999998
0.17954399999999995
0.17643560000000005
0.17804991999999997
0.17753695999999997
0.17748976
0.17528104
0.17601576000000002
0.17886623999999998
0.17751399999999998
0.17640424
0.1761812
0.17751863999999995
0.1784888
0.17815663999999998
0.17538327999999997
0.17650528000000001
0.17631912
0.17808
0.17966671999999995
0.17850336
0.17663224
0.17716839999999995
0.17929024
0.17635240000000002
0.17679872
0.17666375999999995
0.1767004
0.17743847999999995
0.17566304
0.17696823999999997
0.17611159999999998
0.1787828
0.17537152
0.17486575999999998
0.17723415999999997
0.17823255999999998
0.17696015999999998
0.17601215999999997
0.17764248000000002
0.17593679999999995
0.17722607999999998
0.17458112
0.17568295999999997
0.17659408
0.17631335999999997
0.17796471999999997
0.17662960000000003
0.17576056
0.17606664
0.17411232
0.17726992
0.17638312
0.17671712
0.1780068
0.17705976
0.17441704000000002
0.17656224
0.17816927999999999
0.17874208000000003
0.17389439999999998
0.17738023999999997
0.17712944
0.17589248
0.17724911999999995
0.17495911999999997
0.17540103999999995
0.17644703999999997
0.17681239999999995
0.17714912
0.17793975999999997
0.1777048
0.1763904
0.17899144
0.17590447999999995
0.17741296
0.1780436
0.17658456
0.17639631999999994
0.17644063999999995
0.17691456
0.17577856
0.17788168
0.17548592000000002
0.17930663999999996
0.17580544
0.17702143999999997
0.17710591999999997
0.17762975999999997
0.17499168
0.17476152
0.17873904000000004
0.1763824
0.17676776
0.17544528
0.17719896000000002
0.17610752
0.17718232
0.1788588
0.18014232
0.17851487999999996
0.17620024
0.17590448000000003
0.17711079999999996
0.17856136
0.17931744
0.17752392
0.17748199999999997
0.17764728
0.17742887999999998
0.17980016
0.17763056
0.17931335999999998
0.17906135999999997
0.18075471999999998
0.17629695999999995
0.17862696
0.17825087999999994
0.17727312
0.17679592
0.17537439999999993
0.18037935999999996
0.18092056000000004
0.17821703999999997
0.18069983999999997
0.17741608
0.178162
0.17878855999999999
0.17734656
0.1783156
0.17887368000000003
0.18027607999999998
0.18092911999999997
0.17880063999999998
0.17780103999999997
0.17775944000000002
0.17743064
0.17907967999999996
0.17810824
0.17872512000000002
0.17740023999999996
0.1786624
0.17827799999999996
0.17799727999999998
0.17968792
0.17973952000000004
0.17789600000000003
0.17814584
0.1804816
0.18124864
0.17730856
0.17553607999999998
0.1781468
0.17730232
0.17835336
0.17813824
0.1786036
0.17865335999999996
0.17735015999999998
0.18021559999999998
0.17628655999999998
0.17951127999999997
0.17711288
0.1768992
0.18055239999999997
0.17845016000000002
0.17801207999999996
0.18034576000000002
0.17595776000000005
0.17800071999999997
0.17951335999999998
0.17992072
0.17816199999999996
0.17874784
0.17856823999999996
0.1773736
0.17879968000000002
0.17691936000000003
0.17602960000000004
0.17775496000000002
0.18000200000000002
0.17857031999999998
0.17795759999999997
0.17815087999999996
0.18040047999999997
0.17945232
0.17728192
0.17818312
0.17874304000000002
0.17946511999999998
0.1767356
0.17966328
0.1764368
0.17665983999999998
0.1791576
0.17985095999999995
0.1776716
0.17823104
0.17627231999999998
0.17991112000000004
0.17940632
0.17859271999999998
0.1776176
0.18135879999999996
0.17931447999999992
0.17996288
0.17826431999999998
0.17834535999999995
0.17788176
0.17874959999999998
0.18010392000000003
0.17654919999999996
0.17879128000000002
0.17900919999999998
0.17741496
0.17659023999999998
0.1759036
0.17609704
0.17821752
0.1797972
0.17965992
0.17880072
0.17504328000000002
0.17670800000000003
0.17603424
0.17887183999999998
0.17717336
0.17913151999999996
0.17850928
0.17443400000000003
0.17995424
0.17739896000000002
0.17975871999999996
0.17814615999999997
0.17919432000000002
0.1798216
0.17601904
0.17782975999999998
0.18002279999999998
0.17961416000000002
0.17606639999999998
0.17806704
0.1791056
0.1757016
0.17955704
0.17797632
0.17854800000000004
0.178792
0.17795792000000002
0.17969007999999997
0.18065216
0.17732552000000001
0.18045352
0.18050479999999997
0.17984896
0.17830032000000004
0.17700807999999998
0.17796544000000003
0.17641976000000004
0.17902775999999998
0.17843991999999997
0.17703103999999997
0.17855472
0.1779828
0.17662072
0.17907767999999996
0.17864919999999998
0.17963119999999996
0.17930736
0.17606760000000002
0.18116872
0.17642543999999993
0.17585415999999995
0.17858719999999997
0.17703024
0.17693104
0.17580272000000008
0.17784752
0.17812872
0.1769696
0.17520616
0.17719464
0.17716712
0.17894504
0.17659255999999998
0.17720864000000003
0.17900607999999996
0.17623872
0.17730927999999999
0.17513440000000002
0.17748696000000003
0.17577104
0.17766615999999996
0.17775168
0.17650376
0.17639136
0.17478512
0.178516
0.17896016000000003
0.17834616
0.17696024000000002
0.17575887999999998
0.17568808
0.17727504000000002
0.17859832
0.17779736
0.17541192000000003
0.17630704000000003
0.17625448000000002
0.17809368000000003
0.17655167999999996
0.1755972
0.17584887999999999
0.17442024
0.17941008
0.17474679999999998
0.17637343999999996
0.17788984000000002
0.17702272
0.17828064000000002
0.17844104000000002
0.17647568
0.17619503999999997
0.17560624
0.17635128000000005
0.17473648
0.17813384
0.17695799999999998
0.17801424000000002
0.17879279999999997
0.17570768
0.17724552000000002
0.17689072
0.17465616000000003
0.17938424
0.17886648000000002
0.17585912000000004
0.17867600000000003
0.17617760000000002
0.17714776000000002
0.17508568
0.17831104
0.17659303999999998
0.17614584
0.17744568000000002
0.17848647999999998
0.17889008
0.18059400000000003
0.17968823999999997
0.18024271999999997
0.18072744000000004
0.17914679999999997
0.17990567999999998
0.17828296
0.17950328
0.17852152
0.18083919999999995
0.17967704
0.18069031999999993
0.17851783999999998
0.17836039999999997
0.17908784
0.17960864
0.17962415999999998
0.18060592
0.17778968000000003
0.18060152000000002
0.17737711999999994
0.17830879999999993
0.17927496
0.17946216
0.17701344
0.1775464
0.17762512
0.17888288
0.17828855999999998
0.17843263999999995
0.17473824000000002
0.17530512
0.17804135999999995
0.17732695999999998
0.17923487999999999
0.18053071999999998
0.17851911999999998
0.17835656
0.17969647999999996
0.17996408
0.17576392
0.17757543999999995
0.17938264
0.18085424
0.18069511999999996
0.17745992000000002
0.17788632
0.18032368
0.17842887999999998
0.17872423999999998
0.179856
0.18044368000000002
0.18024063999999998
0.17902128
0.17960263999999998
0.17810000000000004
0.17894831999999997
0.17800823999999998
0.17801464000000003
0.17922759999999996
0.17800767999999997
0.17821127999999997
0.17810792000000003
0.1776772
0.17791175999999997
0.17853999999999995
0.17834952
0.18055791999999996
0.1776716
0.17987759999999994
0.17709935999999996
0.1788244
0.178996
0.17722703999999997
0.17883
0.17739495999999996
0.17958576
0.17750767999999997
0.17638672
0.17653159999999996
0.17881344000000002
0.17819495999999999
0.18082639999999997
0.18213111999999998
0.17716023999999997
0.1774796
0.18036983999999998
0.17760832000000001
0.17846176
0.17879672000000002
0.17879895999999995
0.17864776000000002
0.18005808
0.18026952000000002
0.17937247999999997
0.18105128
0.17850967999999998
0.179778
0.17922088
0.18199407999999997
0.18028936
0.17955248
0.18049391999999997
0.18057935999999997
0.18126264000000003
0.18176663999999998
0.18093311999999998
0.18100343999999996
0.17935080000000003
0.18192215999999997
0.18212128
0.18234463999999995
0.18080152000000002
0.17884567999999995
0.18265264000000003
0.18442888
0.18148871999999996
0.18079336
0.18128031999999994
0.18039767999999995
0.17954511999999997
0.179288
0.17948352
0.18344568000000003
0.18130271999999997
0.18369600000000003
0.17871504
0.18191743999999996
0.18070703999999999
0.17851759999999994
0.18265935999999997
0.17947039999999997
0.18032688
0.18342823999999996
0.18242175999999996
0.18170823999999997
0.18174903999999995
0.18020136
0.18221048000000004
0.18400567999999995
0.18317991999999997
0.18135343999999998
0.18319208
0.18185095999999998
0.18419864
0.18351688
0.18317287999999998
0.18333551999999997
0.18132136
0.18148704000000002
0.18147951999999998
0.17870047999999997
0.18328055999999995
0.18075711999999997
0.18385791999999998
0.18165055999999996
0.18188304
0.17954215999999995
0.18182647999999993
0.18025751999999998
0.18120279999999997
0.18313495999999996
0.18303031999999994
0.18005647999999996
0.18289063999999997
0.18066503999999992
0.1835056
0.18195136
0.18084031999999997
0.18019303999999997
0.18117063999999997
0.18222535999999998
0.18185463999999996
0.18345439999999996
0.18287688
0.18255367999999997
0.18303983999999995
0.18096727999999995
0.18409919999999996
0.18208583999999994
0.18100239999999995
0.18383624
0.18146399999999996
0.18381327999999997
0.18284319999999998
0.18411535999999998
0.18103495999999994
0.18503207999999993
0.18586551999999998
0.18101128
0.18406079999999997
0.18258263999999993
0.18346872
0.18034735999999996
0.18374375999999998
0.17965831999999998
0.18358119999999997
