0.04504799999999997
0.06161599999999986
0.06161599999999986
0.07161200000000001
0.08222000000000006
0.08336399999999997
0.08445199999999997
0.10099600000000004
0.10099600000000004
0.10099600000000004
0.10099600000000004
0.10561199999999997
0.11071600000000005
0.11071600000000005
0.11071600000000005
0.11104800000000002
0.11698799999999993
0.11698799999999993
0.11698799999999993
0.11698799999999993
0.11836799999999992
0.11836799999999992
0.11836799999999992
0.11836799999999992
0.11836799999999992
0.12139199999999999
0.1215119999999999
0.1215119999999999
0.1215119999999999
0.12439599999999998
0.12439599999999998
0.12439599999999998
0.12439599999999998
0.12439599999999998
0.12439599999999998
0.12439599999999998
0.13255999999999996
0.13255999999999996
0.13255999999999996
0.13255999999999996
0.13255999999999996
0.13362399999999997
0.13362399999999997
0.1347959999999998
0.14307999999999993
0.14307999999999993
0.14307999999999993
0.14307999999999993
0.14307999999999993
0.14307999999999993
0.14510800000000001
0.14510800000000001
0.14510800000000001
0.14510800000000001
0.15033200000000005
0.15033200000000005
0.15033200000000005
0.15033200000000005
0.15033200000000005
0.15033200000000005
0.15033200000000005
0.15033200000000005
0.15033200000000005
0.15033200000000005
0.15033200000000005
0.15210799999999994
0.15210799999999994
0.15210799999999994
0.15210799999999994
0.1527040000000001
0.1527040000000001
0.1527040000000001
0.1527040000000001
0.16924000000000003
0.16924000000000003
0.16924000000000003
0.16924000000000003
0.16924000000000003
0.16924000000000003
0.16924000000000003
0.16924000000000003
0.16924000000000003
0.16924000000000003
0.16924000000000003
0.16924000000000003
0.16924000000000003
0.16924000000000003
0.16924000000000003
0.16924000000000003
0.16924000000000003
0.16924000000000003
0.16924000000000003
0.16924000000000003
0.16924000000000003
0.16924000000000003
0.16924000000000003
0.16924000000000003
0.16924000000000003
0.16924000000000003
0.16924000000000003
0.16924000000000003
0.16924000000000003
0.16924000000000003
0.16924000000000003
0.16924000000000003
0.16924000000000003
0.16924000000000003
0.16924000000000003
0.16924000000000003
0.16924000000000003
0.16924000000000003
0.16924000000000003
0.16924000000000003
0.16924000000000003
0.16924000000000003
0.16924000000000003
0.16924000000000003
0.16924000000000003
0.16924000000000003
0.16924000000000003
0.16924000000000003
0.16924000000000003
0.16924000000000003
0.16924000000000003
0.16924000000000003
0.16924000000000003
0.16924000000000003
0.16924000000000003
0.16924000000000003
0.16924000000000003
0.16924000000000003
0.16924000000000003
0.16924000000000003
0.16924000000000003
0.16924000000000003
0.16924000000000003
0.16924000000000003
0.16924000000000003
0.16924000000000003
0.16924000000000003
0.16924000000000003
0.17178400000000016
0.17178400000000016
0.17178400000000016
0.17178400000000016
0.17178400000000016
0.17178400000000016
0.17178400000000016
0.17178400000000016
0.1720600000000001
0.17529200000000014
0.17529200000000014
0.17529200000000014
0.17529200000000014
0.17529200000000014
0.17529200000000014
0.17529200000000014
0.17529200000000014
0.17529200000000014
0.17529200000000014
0.17529200000000014
0.17529200000000014
0.180736
0.180736
0.180736
0.180736
0.180736
0.180736
0.180736
0.180736
0.180736
0.180736
0.180736
0.180736
0.180736
0.180736
0.180736
0.180736
0.180736
0.180736
0.180736
0.180736
0.18333200000000008
0.18333200000000008
0.18333200000000008
0.18333200000000008
0.18333200000000008
0.18333200000000008
0.18333200000000008
0.18333200000000008
0.18333200000000008
0.18333200000000008
0.18333200000000008
0.18333200000000008
0.18333200000000008
0.18333200000000008
0.18333200000000008
0.18333200000000008
0.18333200000000008
0.18333200000000008
0.18333200000000008
0.1851120000000001
0.1851120000000001
0.1851120000000001
0.1851120000000001
0.1851120000000001
0.1851120000000001
0.1851120000000001
0.1851120000000001
0.1851120000000001
0.1851120000000001
0.1851120000000001
0.1851120000000001
0.1851120000000001
0.1851120000000001
0.1851120000000001
0.1851120000000001
0.18592800000000012
0.18592800000000012
0.18592800000000012
0.18592800000000012
0.18592800000000012
0.18592800000000012
0.18592800000000012
0.18592800000000012
0.18592800000000012
0.18592800000000012
0.19104000000000015
0.19104000000000015
0.19104000000000015
0.19104000000000015
0.19104000000000015
0.19104000000000015
0.19104000000000015
0.19104000000000015
0.19104000000000015
0.19104000000000015
0.19104000000000015
0.19104000000000015
0.19104000000000015
0.19104000000000015
0.19104000000000015
0.19104000000000015
0.19104000000000015
0.19104000000000015
0.19104000000000015
0.19104000000000015
0.19104000000000015
0.19104000000000015
0.19104000000000015
0.19104000000000015
0.19104000000000015
0.19104000000000015
0.19104000000000015
0.19104000000000015
0.19104000000000015
0.19104000000000015
0.19104000000000015
0.19104000000000015
0.19104000000000015
0.19104000000000015
0.19104000000000015
0.19104000000000015
0.19104000000000015
0.19104000000000015
0.19104000000000015
0.19104000000000015
0.19104000000000015
0.19104000000000015
0.19104000000000015
0.19104000000000015
0.19104000000000015
0.19104000000000015
0.19104000000000015
0.19104000000000015
0.19104000000000015
0.19104000000000015
0.19104000000000015
0.19104000000000015
0.19104000000000015
0.19104000000000015
0.19104000000000015
0.19104000000000015
0.19104000000000015
0.19104000000000015
0.19104000000000015
0.19104000000000015
0.19104000000000015
0.19104000000000015
0.19104000000000015
0.19104000000000015
0.19104000000000015
0.19104000000000015
0.19104000000000015
0.19104000000000015
0.19104000000000015
0.19104000000000015
0.19104000000000015
0.19104000000000015
0.19104000000000015
0.19104000000000015
0.19104000000000015
0.19104000000000015
0.19104000000000015
0.19104000000000015
0.19104000000000015
0.19104000000000015
0.19104000000000015
0.19104000000000015
0.19104000000000015
0.19104000000000015
0.19104000000000015
0.19104000000000015
0.19104000000000015
0.19104000000000015
0.19104000000000015
0.19104000000000015
0.19104000000000015
0.19104000000000015
0.19104000000000015
0.19104000000000015
0.19104000000000015
0.19104000000000015
0.19104000000000015
0.19104000000000015
0.19104000000000015
0.19104000000000015
0.19104000000000015
0.19104000000000015
0.19104000000000015
0.19104000000000015
0.19104000000000015
0.19104000000000015
0.19104000000000015
0.19104000000000015
0.19104000000000015
0.19104000000000015
0.19104000000000015
0.19104000000000015
0.19104000000000015
0.19104000000000015
0.19104000000000015
0.19104000000000015
0.19104000000000015
0.19104000000000015
0.19104000000000015
0.19104000000000015
0.19104000000000015
0.19104000000000015
0.19104000000000015
0.19104000000000015
0.19104000000000015
0.19104000000000015
0.19104000000000015
0.19104000000000015
0.19104000000000015
0.19104000000000015
0.19104000000000015
0.19104000000000015
0.19104000000000015
0.19104000000000015
0.19104000000000015
0.19104000000000015
0.19104000000000015
0.19104000000000015
0.19104000000000015
0.19104000000000015
0.19104000000000015
0.19104000000000015
0.19104000000000015
0.19104000000000015
0.19104000000000015
0.19104000000000015
0.19104000000000015
0.19104000000000015
0.19104000000000015
0.19104000000000015
0.19429200000000024
0.19429200000000024
0.19429200000000024
0.19429200000000024
0.19429200000000024
0.19429200000000024
0.19429200000000024
0.19429200000000024
0.19429200000000024
0.19429200000000024
0.19429200000000024
0.19429200000000024
0.19429200000000024
0.19429200000000024
0.19429200000000024
0.19429200000000024
0.19429200000000024
0.19429200000000024
0.19429200000000024
0.19429200000000024
0.19429200000000024
0.19429200000000024
0.19429200000000024
0.19429200000000024
0.19429200000000024
0.19429200000000024
0.19429200000000024
0.19429200000000024
0.19429200000000024
0.19429200000000024
0.19429200000000024
0.19429200000000024
0.19429200000000024
0.19429200000000024
0.19429200000000024
0.19429200000000024
0.19429200000000024
0.19429200000000024
0.19429200000000024
0.19429200000000024
0.19429200000000024
0.19429200000000024
0.19429200000000024
0.19429200000000024
0.19429200000000024
0.19429200000000024
0.19429200000000024
0.19429200000000024
0.19429200000000024
0.19429200000000024
0.19429200000000024
0.19429200000000024
0.19429200000000024
0.19429200000000024
0.19429200000000024
0.19429200000000024
0.19429200000000024
0.19429200000000024
0.19429200000000024
0.19429200000000024
0.19429200000000024
0.19429200000000024
0.19429200000000024
0.19429200000000024
0.19429200000000024
0.19429200000000024
0.19429200000000024
0.19429200000000024
0.19429200000000024
0.19429200000000024
0.19429200000000024
0.19429200000000024
0.19429200000000024
0.19429200000000024
0.19429200000000024
0.19429200000000024
0.19429200000000024
0.19429200000000024
0.19429200000000024
0.19429200000000024
0.19429200000000024
0.19429200000000024
0.19429200000000024
0.19429200000000024
0.19429200000000024
0.19429200000000024
0.19429200000000024
0.19429200000000024
0.19429200000000024
0.19429200000000024
0.19429200000000024
0.19429200000000024
0.19429200000000024
0.19429200000000024
0.19429200000000024
0.19429200000000024
0.19429200000000024
0.19429200000000024
0.19429200000000024
0.19429200000000024
0.19429200000000024
0.19429200000000024
0.19429200000000024
0.19429200000000024
0.19429200000000024
0.19429200000000024
0.19429200000000024
0.19429200000000024
0.19429200000000024
0.19429200000000024
0.19429200000000024
0.19429200000000024
0.19429200000000024
0.19429200000000024
0.19429200000000024
0.19429200000000024
0.19429200000000024
0.19429200000000024
0.19429200000000024
0.19429200000000024
0.19429200000000024
0.19429200000000024
0.19429200000000024
0.19429200000000024
0.19429200000000024
0.19429200000000024
0.19429200000000024
0.19429200000000024
0.19429200000000024
0.19429200000000024
0.19429200000000024
0.19429200000000024
0.19429200000000024
0.19429200000000024
0.19429200000000024
0.19429200000000024
0.19429200000000024
0.19429200000000024
0.19429200000000024
0.19429200000000024
0.19429200000000024
0.19429200000000024
0.19429200000000024
0.19429200000000024
0.19429200000000024
0.19429200000000024
0.19429200000000024
0.19429200000000024
0.19429200000000024
0.19429200000000024
0.19429200000000024
0.19429200000000024
0.19429200000000024
0.19429200000000024
0.19429200000000024
0.19429200000000024
0.19429200000000024
0.19429200000000024
0.19429200000000024
0.19429200000000024
0.19429200000000024
0.19429200000000024
0.19429200000000024
0.19429200000000024
0.19429200000000024
0.19429200000000024
0.19429200000000024
0.196884
0.196884
0.196884
0.196884
0.196884
0.196884
0.196884
0.196884
0.196884
0.196884
0.196884
0.196884
0.196884
0.196884
0.196884
0.196884
0.196884
0.196884
0.196884
0.196884
0.196884
0.196884
0.196884
0.196884
0.196884
0.196884
0.196884
0.196884
0.196884
0.196884
0.196884
0.196884
0.196884
0.196884
0.196884
0.196884
0.196884
0.196884
0.196884
0.196884
0.196884
0.196884
0.196884
0.196884
0.196884
0.196884
0.196884
0.196884
0.196884
0.196884
0.196884
0.196884
0.196884
0.196884
0.196884
0.196884
0.196884
0.196884
0.196884
0.196884
0.196884
0.196884
0.196884
0.196884
0.196884
0.196884
0.196884
0.196884
0.196884
0.196884
0.196884
0.196884
0.196884
0.196884
0.196884
0.196884
0.196884
0.196884
0.196884
0.196884
0.196884
0.196884
0.196884
0.196884
0.196884
0.196884
0.196884
0.196884
0.196884
0.196884
0.196884
0.196884
0.196884
0.196884
0.196884
0.196884
0.196884
0.196884
0.196884
0.1975680000000001
0.1975680000000001
0.1975680000000001
0.1975680000000001
0.1975680000000001
0.1975680000000001
0.1975680000000001
0.1975680000000001
0.1975680000000001
0.1975680000000001
0.1975680000000001
0.1975680000000001
0.1975680000000001
0.1975680000000001
0.1975680000000001
0.1975680000000001
0.1975680000000001
0.1975680000000001
0.1975680000000001
0.1975680000000001
0.1975680000000001
0.1975680000000001
0.1975680000000001
0.1975680000000001
0.1975680000000001
0.1975680000000001
0.1975680000000001
0.1975680000000001
0.1975680000000001
0.1975680000000001
0.1975680000000001
0.1975680000000001
0.1975680000000001
0.1975680000000001
0.1975680000000001
0.1975680000000001
0.1975680000000001
0.1975680000000001
0.1975680000000001
0.1975680000000001
0.1975680000000001
0.1975680000000001
0.1975680000000001
0.1975680000000001
0.1975680000000001
0.1975680000000001
0.1975680000000001
0.1975680000000001
0.1975680000000001
0.1975680000000001
0.1975680000000001
0.1975680000000001
0.1975680000000001
0.1975680000000001
0.1975680000000001
0.1975680000000001
0.1975680000000001
0.1975680000000001
0.1975680000000001
0.1975680000000001
0.19777200000000003
0.19777200000000003
0.19777200000000003
0.19777200000000003
0.19777200000000003
0.19777200000000003
0.19777200000000003
0.19777200000000003
0.19777200000000003
0.19777200000000003
0.19777200000000003
0.19777200000000003
0.19918799999999998
0.19918799999999998
0.19918799999999998
0.19918799999999998
0.19918799999999998
0.19918799999999998
0.19918799999999998
0.19918799999999998
0.19918799999999998
0.19918799999999998
0.19918799999999998
0.19918799999999998
0.19918799999999998
0.19918799999999998
0.19918799999999998
0.19918799999999998
0.19918799999999998
0.19918799999999998
0.20170400000000002
0.20170400000000002
0.20170400000000002
0.20170400000000002
0.20170400000000002
0.20170400000000002
0.20170400000000002
0.20170400000000002
0.20170400000000002
0.20170400000000002
0.20170400000000002
0.20170400000000002
0.20170400000000002
0.20170400000000002
0.20170400000000002
0.20170400000000002
0.20170400000000002
0.20170400000000002
0.20170400000000002
0.20170400000000002
0.20170400000000002
0.20170400000000002
0.20170400000000002
0.20170400000000002
0.20170400000000002
0.20170400000000002
0.20170400000000002
0.20170400000000002
0.20170400000000002
0.20170400000000002
0.20170400000000002
0.20170400000000002
0.20170400000000002
0.20170400000000002
0.20170400000000002
0.20170400000000002
0.20170400000000002
0.20170400000000002
0.20170400000000002
0.20170400000000002
0.20170400000000002
0.20170400000000002
0.20170400000000002
0.20170400000000002
0.20170400000000002
0.20170400000000002
0.20170400000000002
0.20170400000000002
0.20170400000000002
0.20170400000000002
0.20170400000000002
0.20170400000000002
0.20170400000000002
0.20170400000000002
0.20170400000000002
0.20170400000000002
0.20170400000000002
0.20170400000000002
0.20170400000000002
0.20170400000000002
0.20170400000000002
0.20170400000000002
0.20170400000000002
0.20170400000000002
0.20170400000000002
0.20170400000000002
0.20170400000000002
0.20170400000000002
0.20170400000000002
0.20170400000000002
0.20170400000000002
0.20170400000000002
0.20170400000000002
0.20170400000000002
0.20170400000000002
0.20170400000000002
0.20170400000000002
0.20170400000000002
0.20170400000000002
0.20170400000000002
0.20170400000000002
0.20170400000000002
0.20170400000000002
0.20170400000000002
0.20170400000000002
0.20170400000000002
0.20170400000000002
0.20170400000000002
0.20170400000000002
0.20170400000000002
0.20170400000000002
0.20170400000000002
0.20170400000000002
0.20170400000000002
0.20170400000000002
0.20170400000000002
0.20170400000000002
0.20170400000000002
0.20170400000000002
0.20170400000000002
0.20170400000000002
0.20170400000000002
0.20170400000000002
0.20170400000000002
0.20170400000000002
0.20170400000000002
0.20170400000000002
0.20170400000000002
0.20170400000000002
0.20170400000000002
0.20170400000000002
0.20170400000000002
0.20170400000000002
0.20170400000000002
0.20170400000000002
0.20170400000000002
0.20170400000000002
0.20170400000000002
0.20170400000000002
0.20170400000000002
0.20170400000000002
0.20170400000000002
0.20170400000000002
0.20170400000000002
0.20170400000000002
0.20170400000000002
0.20170400000000002
0.20170400000000002
0.20170400000000002
0.20170400000000002
0.20170400000000002
0.20170400000000002
0.20170400000000002
0.20170400000000002
0.20170400000000002
0.20170400000000002
0.20170400000000002
0.20170400000000002
0.20170400000000002
0.20170400000000002
0.20170400000000002
0.20170400000000002
0.20170400000000002
0.20170400000000002
0.20170400000000002
0.20170400000000002
0.20170400000000002
0.20170400000000002
0.20170400000000002
0.20170400000000002
0.20170400000000002
0.20170400000000002
0.20170400000000002
0.20170400000000002
0.20170400000000002
0.20170400000000002
0.20170400000000002
0.20170400000000002
0.20170400000000002
0.20170400000000002
0.20170400000000002
0.20170400000000002
0.20170400000000002
0.20170400000000002
0.20170400000000002
0.20170400000000002
0.20170400000000002
0.20170400000000002
0.20170400000000002
0.20170400000000002
0.20170400000000002
0.20170400000000002
0.20170400000000002
0.20170400000000002
0.20170400000000002
0.20170400000000002
0.20170400000000002
0.20170400000000002
0.20170400000000002
0.20170400000000002
0.20170400000000002
0.20170400000000002
0.20170400000000002
0.20170400000000002
0.20170400000000002
0.20170400000000002
0.20170400000000002
0.20170400000000002
0.20170400000000002
0.20170400000000002
0.20170400000000002
0.20170400000000002
0.20170400000000002
0.20170400000000002
0.20170400000000002
0.20170400000000002
0.20170400000000002
0.20170400000000002
0.20170400000000002
0.20170400000000002
0.20170400000000002
0.20170400000000002
0.20170400000000002
0.20170400000000002
0.20170400000000002
0.20170400000000002
0.20170400000000002
0.20170400000000002
0.20170400000000002
0.20170400000000002
0.20170400000000002
0.20170400000000002
0.20170400000000002
0.20170400000000002
0.20170400000000002
0.20170400000000002
0.20170400000000002
0.20170400000000002
0.20170400000000002
0.20170400000000002
0.20170400000000002
0.20170400000000002
0.20170400000000002
0.20170400000000002
0.20170400000000002
0.20170400000000002
0.20170400000000002
0.20170400000000002
0.20170400000000002
0.20170400000000002
0.20170400000000002
0.20170400000000002
0.20170400000000002
0.20170400000000002
0.20170400000000002
0.20170400000000002
0.20170400000000002
0.20170400000000002
0.20170400000000002
0.20170400000000002
0.20170400000000002
0.20170400000000002
0.20170400000000002
0.20170400000000002
0.20170400000000002
0.20170400000000002
0.20170400000000002
0.20170400000000002
0.20170400000000002
0.20170400000000002
0.20170400000000002
0.20170400000000002
0.20170400000000002
0.20170400000000002
0.20170400000000002
0.20170400000000002
0.20170400000000002
0.20170400000000002
0.20170400000000002
0.20170400000000002
0.20170400000000002
0.20170400000000002
0.20170400000000002
0.20170400000000002
0.20170400000000002
0.20170400000000002
0.20170400000000002
0.20170400000000002
0.20170400000000002
0.20170400000000002
0.20170400000000002
0.20170400000000002
0.20170400000000002
0.20170400000000002
0.20170400000000002
0.20170400000000002
0.20170400000000002
0.20170400000000002
0.20170400000000002
0.20170400000000002
0.20170400000000002
0.20170400000000002
0.20170400000000002
0.20170400000000002
0.20170400000000002
0.20170400000000002
0.20170400000000002
0.20170400000000002
0.20170400000000002
0.20170400000000002
0.20170400000000002
0.20170400000000002
0.20170400000000002
0.20170400000000002
0.20170400000000002
0.20170400000000002
0.20170400000000002
0.20170400000000002
0.20170400000000002
0.20170400000000002
0.20170400000000002
0.20170400000000002
0.20170400000000002
0.20170400000000002
0.20170400000000002
0.20170400000000002
0.20170400000000002
0.20170400000000002
0.20170400000000002
0.20170400000000002
0.20170400000000002
0.20170400000000002
0.20170400000000002
0.20170400000000002
0.20170400000000002
0.20170400000000002
0.20170400000000002
0.20170400000000002
0.20170400000000002
0.20170400000000002
0.20170400000000002
0.20170400000000002
0.20170400000000002
0.20170400000000002
0.20170400000000002
0.20170400000000002
0.20170400000000002
0.20170400000000002
0.20170400000000002
0.20170400000000002
0.20170400000000002
0.20170400000000002
0.20170400000000002
0.20170400000000002
0.20170400000000002
0.20170400000000002
0.20170400000000002
0.20170400000000002
0.20170400000000002
0.20170400000000002
0.20170400000000002
0.20170400000000002
0.20170400000000002
0.20170400000000002
0.20170400000000002
0.20170400000000002
0.20170400000000002
0.20170400000000002
0.20170400000000002
0.20170400000000002
0.20170400000000002
0.20170400000000002
0.20170400000000002
0.20170400000000002
0.20170400000000002
0.20170400000000002
0.20170400000000002
0.20170400000000002
0.20170400000000002
0.20170400000000002
0.20170400000000002
0.20170400000000002
0.20170400000000002
0.20170400000000002
0.20170400000000002
0.20170400000000002
0.20170400000000002
0.20170400000000002
0.20170400000000002
0.20170400000000002
0.20170400000000002
0.20170400000000002
0.20170400000000002
0.20170400000000002
0.20170400000000002
0.20170400000000002
0.20170400000000002
0.20170400000000002
0.20170400000000002
0.20170400000000002
0.20170400000000002
0.20170400000000002
0.20170400000000002
0.20170400000000002
0.20170400000000002
0.20170400000000002
0.20170400000000002
0.20170400000000002
0.20170400000000002
0.20170400000000002
0.20170400000000002
0.20170400000000002
0.20170400000000002
0.20170400000000002
0.20170400000000002
0.20170400000000002
0.20170400000000002
0.20170400000000002
0.20170400000000002
0.20170400000000002
0.20170400000000002
0.20170400000000002
0.20170400000000002
0.20170400000000002
0.20170400000000002
0.20170400000000002
0.20170400000000002
0.20170400000000002
0.20170400000000002
0.20170400000000002
0.20170400000000002
0.20170400000000002
0.20170400000000002
0.20170400000000002
0.20170400000000002
0.20170400000000002
0.20170400000000002
0.20170400000000002
0.20170400000000002
0.20170400000000002
0.20170400000000002
0.20170400000000002
0.20170400000000002
0.20170400000000002
0.20170400000000002
0.20170400000000002
0.20170400000000002
0.20170400000000002
0.20170400000000002
0.20170400000000002
0.20170400000000002
0.20170400000000002
0.20170400000000002
0.20170400000000002
0.20170400000000002
0.20170400000000002
0.20170400000000002
0.20170400000000002
0.20170400000000002
0.20170400000000002
0.20170400000000002
0.20170400000000002
0.20170400000000002
0.20170400000000002
0.20170400000000002
0.20170400000000002
0.20170400000000002
0.20170400000000002
0.20170400000000002
0.20170400000000002
0.20170400000000002
0.20170400000000002
0.20170400000000002
0.20170400000000002
0.20170400000000002
0.20170400000000002
0.20170400000000002
0.20170400000000002
0.20170400000000002
0.20170400000000002
0.20170400000000002
0.20170400000000002
0.20170400000000002
0.20170400000000002
0.20170400000000002
0.20170400000000002
0.20170400000000002
0.20170400000000002
0.20170400000000002
0.20170400000000002
0.20170400000000002
0.20170400000000002
0.20170400000000002
0.20170400000000002
0.20170400000000002
0.20170400000000002
0.20170400000000002
0.20170400000000002
0.20170400000000002
0.20170400000000002
0.20170400000000002
0.20170400000000002
0.20170400000000002
0.20170400000000002
0.20170400000000002
0.20170400000000002
0.20170400000000002
0.20170400000000002
0.20170400000000002
0.20170400000000002
0.20170400000000002
0.20170400000000002
0.20170400000000002
0.20170400000000002
0.20170400000000002
0.20170400000000002
0.20170400000000002
0.20170400000000002
0.20170400000000002
0.20170400000000002
0.20170400000000002
0.20170400000000002
0.20170400000000002
0.20170400000000002
0.20170400000000002
0.20170400000000002
0.20170400000000002
0.20170400000000002
0.20170400000000002
0.20170400000000002
0.20170400000000002
0.20170400000000002
0.20170400000000002
0.20170400000000002
0.20170400000000002
0.20170400000000002
0.20170400000000002
0.20170400000000002
0.20170400000000002
0.20170400000000002
0.20170400000000002
0.20170400000000002
0.20170400000000002
0.20170400000000002
0.20170400000000002
0.20170400000000002
0.20170400000000002
0.20170400000000002
0.20170400000000002
0.20170400000000002
0.20170400000000002
0.20170400000000002
0.20170400000000002
0.20170400000000002
0.20170400000000002
0.20170400000000002
0.20170400000000002
0.20170400000000002
0.20170400000000002
0.20170400000000002
0.20170400000000002
0.20170400000000002
0.20170400000000002
0.20170400000000002
0.20170400000000002
0.20170400000000002
0.20170400000000002
0.20170400000000002
0.20170400000000002
0.20170400000000002
0.20170400000000002
0.20170400000000002
0.20170400000000002
0.20170400000000002
0.20170400000000002
0.20170400000000002
0.20170400000000002
0.20170400000000002
0.20170400000000002
0.20170400000000002
0.20170400000000002
0.20170400000000002
0.20170400000000002
0.20170400000000002
0.20170400000000002
0.20170400000000002
0.20170400000000002
0.20170400000000002
0.20170400000000002
0.20170400000000002
0.20170400000000002
0.20170400000000002
0.203388
0.203388
0.203388
0.203388
0.203388
0.203388
0.203388
0.203388
0.203388
0.203388
0.203388
0.203388
0.203388
0.203388
0.203388
0.203388
0.203388
0.203388
0.203388
0.203388
0.203388
0.203388
0.203388
0.203388
0.203388
0.203388
0.203388
0.203388
0.203388
0.203388
0.203388
0.203388
0.203388
0.203388
0.203388
0.203388
0.203388
0.203388
0.203388
0.203388
0.203388
0.203388
0.203388
0.203388
0.203388
0.203388
0.203388
0.203388
0.203388
0.203388
0.203388
0.203388
0.203388
0.203388
0.203388
0.203388
0.203388
0.203388
0.203388
0.203388
0.203388
0.203388
0.203388
0.203388
0.203388
0.203388
0.203388
0.203388
0.203388
0.203388
0.203388
0.203388
0.203388
0.203388
0.203388
0.203388
0.203388
0.203388
0.203388
0.203388
0.203388
0.203388
0.203388
0.203388
0.203388
0.203388
0.203388
0.203388
0.203388
0.203388
0.203388
0.203388
0.203388
0.203388
0.203388
0.203388
0.203388
0.203388
0.203388
0.203388
0.203388
0.203388
0.203388
0.203388
0.203388
0.203388
0.203388
0.203388
0.203388
0.203388
0.203388
0.203388
0.203388
0.203388
0.203388
0.203388
0.203388
0.203388
0.203388
0.203388
0.203388
0.203388
0.203388
0.203388
0.203388
0.203388
0.203388
0.203388
0.203388
0.203388
0.203388
0.203388
0.203388
0.203388
0.203388
0.203388
0.203388
0.203388
0.203388
0.203388
0.203388
0.203388
0.203388
0.203388
0.203388
0.203388
0.203388
0.203388
0.203388
0.203388
0.203388
0.203388
0.203388
0.203388
0.203388
0.203388
0.203388
0.203388
0.203388
0.203388
0.203388
0.203388
0.203388
0.203388
0.203388
0.203388
0.203388
0.203388
0.203388
0.203388
0.203388
0.203388
0.203388
0.203388
0.203388
0.203388
0.203388
0.203388
0.203388
0.203388
0.203388
0.203388
0.203388
0.203388
0.203388
0.203388
0.203388
0.203388
0.203388
0.203388
0.203388
0.203388
0.203388
0.203388
0.203388
0.203388
0.203388
0.203388
0.203388
0.203388
0.203388
0.203388
0.203388
0.203388
0.203388
0.203388
0.203388
0.203388
0.203388
0.203388
0.203388
0.203388
0.203388
0.203388
0.203388
0.203388
0.203388
0.203388
0.203388
0.203388
0.203388
0.203388
0.203388
0.203388
0.203388
0.203388
0.20432400000000003
0.20432400000000003
0.20432400000000003
0.20432400000000003
0.20432400000000003
0.20432400000000003
0.20432400000000003
0.20432400000000003
0.20432400000000003
0.20432400000000003
0.20432400000000003
0.20432400000000003
0.20432400000000003
0.20432400000000003
0.20432400000000003
0.20432400000000003
0.20432400000000003
0.20432400000000003
0.20432400000000003
0.20432400000000003
0.20432400000000003
0.20432400000000003
0.20432400000000003
0.20432400000000003
0.20642800000000006
0.20642800000000006
0.20642800000000006
0.20642800000000006
0.20642800000000006
0.20642800000000006
0.20642800000000006
0.20642800000000006
0.20642800000000006
0.20642800000000006
0.20642800000000006
0.20642800000000006
0.20642800000000006
0.20642800000000006
0.20642800000000006
0.20642800000000006
0.20642800000000006
0.20642800000000006
0.20642800000000006
0.20642800000000006
0.20642800000000006
0.20642800000000006
0.20642800000000006
0.20642800000000006
0.20642800000000006
0.20642800000000006
0.20642800000000006
0.20642800000000006
0.20642800000000006
0.20642800000000006
0.20642800000000006
0.20642800000000006
0.20642800000000006
0.20642800000000006
0.20642800000000006
0.20642800000000006
0.20642800000000006
0.20642800000000006
0.20642800000000006
0.20642800000000006
0.20642800000000006
0.20642800000000006
0.20642800000000006
0.20642800000000006
0.20642800000000006
0.20642800000000006
0.20642800000000006
0.20642800000000006
0.20642800000000006
0.20642800000000006
0.20642800000000006
0.20642800000000006
0.20642800000000006
0.20642800000000006
0.20642800000000006
0.20642800000000006
0.20642800000000006
0.20642800000000006
0.20642800000000006
0.2071959999999999
0.2071959999999999
0.2071959999999999
0.2071959999999999
0.2071959999999999
0.2071959999999999
0.2071959999999999
0.2071959999999999
0.2071959999999999
0.2071959999999999
0.2071959999999999
0.2071959999999999
0.2071959999999999
0.2071959999999999
0.2071959999999999
0.2071959999999999
0.2071959999999999
0.2071959999999999
0.2071959999999999
0.2071959999999999
0.2071959999999999
0.2071959999999999
0.2071959999999999
0.2071959999999999
0.2071959999999999
0.2071959999999999
0.2071959999999999
0.2071959999999999
0.2071959999999999
0.2071959999999999
0.2071959999999999
0.2071959999999999
0.2071959999999999
0.2071959999999999
0.2071959999999999
0.2071959999999999
0.2071959999999999
0.2071959999999999
0.2071959999999999
0.2071959999999999
0.2071959999999999
0.2071959999999999
0.2071959999999999
0.2071959999999999
0.2071959999999999
0.2071959999999999
0.2071959999999999
0.2071959999999999
0.2071959999999999
0.2071959999999999
0.2071959999999999
0.2071959999999999
0.2071959999999999
0.2071959999999999
0.2071959999999999
0.2071959999999999
0.2071959999999999
0.2071959999999999
0.2071959999999999
0.2071959999999999
0.2071959999999999
0.2071959999999999
0.2071959999999999
0.2071959999999999
0.2071959999999999
0.2071959999999999
0.2071959999999999
0.2071959999999999
0.2071959999999999
0.2071959999999999
0.2071959999999999
0.2071959999999999
0.2071959999999999
0.2071959999999999
0.2071959999999999
0.2071959999999999
0.2071959999999999
0.21606399999999995
0.21606399999999995
0.21606399999999995
0.21606399999999995
0.21606399999999995
0.21606399999999995
0.21606399999999995
0.21606399999999995
0.21606399999999995
0.21606399999999995
0.21606399999999995
0.21606399999999995
0.21606399999999995
0.21606399999999995
0.21606399999999995
0.21606399999999995
0.21606399999999995
0.21606399999999995
0.21606399999999995
0.21606399999999995
0.21606399999999995
0.21606399999999995
0.21606399999999995
0.21606399999999995
0.21606399999999995
0.21606399999999995
0.21606399999999995
0.21606399999999995
0.21606399999999995
0.21606399999999995
0.21606399999999995
0.21606399999999995
0.21606399999999995
0.21606399999999995
0.21606399999999995
0.21606399999999995
0.21606399999999995
0.21606399999999995
0.21606399999999995
0.21606399999999995
0.21606399999999995
0.21606399999999995
0.21606399999999995
0.21606399999999995
0.21606399999999995
0.21606399999999995
0.21606399999999995
0.21606399999999995
0.21606399999999995
0.21606399999999995
0.21606399999999995
0.21606399999999995
0.21606399999999995
0.21606399999999995
0.21606399999999995
0.21606399999999995
0.21606399999999995
0.21606399999999995
0.21606399999999995
0.21606399999999995
0.21606399999999995
0.21606399999999995
0.21606399999999995
0.21606399999999995
0.21606399999999995
0.21606399999999995
0.21606399999999995
0.21606399999999995
0.21606399999999995
0.21606399999999995
0.21606399999999995
0.21606399999999995
0.21606399999999995
0.21606399999999995
0.21606399999999995
0.21606399999999995
0.21606399999999995
0.21606399999999995
0.21606399999999995
0.21606399999999995
0.21606399999999995
0.21606399999999995
0.21606399999999995
0.21606399999999995
0.21606399999999995
0.21606399999999995
0.21606399999999995
0.21606399999999995
0.21606399999999995
0.21606399999999995
0.21606399999999995
0.21606399999999995
0.21606399999999995
0.21606399999999995
0.21606399999999995
0.21606399999999995
0.21606399999999995
0.21606399999999995
0.21606399999999995
0.21606399999999995
0.21606399999999995
0.21606399999999995
0.21606399999999995
0.21606399999999995
0.21606399999999995
0.21606399999999995
0.21606399999999995
0.21606399999999995
0.21606399999999995
0.21606399999999995
0.21606399999999995
0.21606399999999995
0.21606399999999995
0.21606399999999995
0.21606399999999995
0.21606399999999995
0.21606399999999995
0.21606399999999995
0.21606399999999995
0.21606399999999995
0.21606399999999995
0.21606399999999995
0.21606399999999995
0.21606399999999995
0.21606399999999995
0.21606399999999995
0.21606399999999995
0.21606399999999995
0.21606399999999995
0.21606399999999995
0.21606399999999995
0.21606399999999995
0.21606399999999995
0.21606399999999995
0.21606399999999995
0.21606399999999995
0.21606399999999995
0.21606399999999995
0.21606399999999995
0.21606399999999995
0.21606399999999995
0.21606399999999995
0.21606399999999995
0.21606399999999995
0.21606399999999995
0.21606399999999995
0.21606399999999995
0.21606399999999995
0.21606399999999995
0.21606399999999995
0.21606399999999995
0.21606399999999995
0.21606399999999995
0.21606399999999995
0.21606399999999995
0.21606399999999995
0.21606399999999995
0.21606399999999995
0.21606399999999995
0.21606399999999995
0.21606399999999995
0.21606399999999995
0.21606399999999995
0.21606399999999995
0.21606399999999995
0.21606399999999995
0.21606399999999995
0.21606399999999995
0.21606399999999995
0.21606399999999995
0.21606399999999995
0.21606399999999995
0.21606399999999995
0.21606399999999995
0.21606399999999995
0.21606399999999995
0.21606399999999995
0.21606399999999995
0.21606399999999995
0.21606399999999995
0.21606399999999995
0.21606399999999995
0.21606399999999995
0.21606399999999995
0.21606399999999995
0.21606399999999995
0.21606399999999995
0.21606399999999995
0.21606399999999995
0.21606399999999995
0.21606399999999995
0.21606399999999995
0.21606399999999995
0.21606399999999995
0.21606399999999995
0.21606399999999995
0.21606399999999995
0.21606399999999995
0.21606399999999995
0.21606399999999995
0.21606399999999995
0.21606399999999995
0.21606399999999995
0.21606399999999995
0.21606399999999995
0.21606399999999995
0.21606399999999995
0.21606399999999995
0.21606399999999995
0.21606399999999995
0.21606399999999995
0.21606399999999995
0.21606399999999995
0.21606399999999995
0.21606399999999995
0.21606399999999995
0.21606399999999995
0.21606399999999995
0.21606399999999995
0.21606399999999995
0.21606399999999995
0.21606399999999995
0.21606399999999995
0.21606399999999995
0.21606399999999995
0.21606399999999995
0.21606399999999995
0.21606399999999995
0.21606399999999995
0.21606399999999995
0.21606399999999995
0.21606399999999995
0.21606399999999995
0.21606399999999995
0.21606399999999995
0.21606399999999995
0.21606399999999995
0.21606399999999995
0.21606399999999995
0.21606399999999995
0.21606399999999995
0.21606399999999995
0.21606399999999995
0.21606399999999995
0.21606399999999995
0.21606399999999995
0.21606399999999995
0.21606399999999995
0.21606399999999995
0.21606399999999995
0.21606399999999995
0.21606399999999995
0.21606399999999995
0.21606399999999995
0.21606399999999995
0.21606399999999995
0.21606399999999995
0.21606399999999995
0.21606399999999995
0.21606399999999995
0.21606399999999995
0.21606399999999995
0.21606399999999995
0.21606399999999995
0.21606399999999995
0.21606399999999995
0.21606399999999995
0.21606399999999995
0.21606399999999995
0.21606399999999995
0.21606399999999995
0.21606399999999995
0.21606399999999995
0.21606399999999995
0.21606399999999995
0.21606399999999995
0.21606399999999995
0.21606399999999995
0.21606399999999995
0.21606399999999995
0.21606399999999995
0.21606399999999995
0.21606399999999995
0.21606399999999995
0.21606399999999995
0.21606399999999995
0.21606399999999995
0.21606399999999995
0.21606399999999995
0.21606399999999995
0.21606399999999995
0.21606399999999995
0.21606399999999995
0.21606399999999995
0.21606399999999995
0.21606399999999995
0.21606399999999995
0.21606399999999995
0.21606399999999995
0.21606399999999995
0.21606399999999995
0.21606399999999995
0.21606399999999995
0.21606399999999995
0.21606399999999995
0.21606399999999995
0.21606399999999995
0.21606399999999995
0.21606399999999995
0.21606399999999995
