-0.02513599999999998
-0.0005119999999999847
0.02281999999999997
0.023344000000000007
0.02930000000000001
0.034012000000000014
0.040783999999999966
0.03391999999999999
0.046864000000000024
0.04256799999999999
0.04102000000000001
0.06391199999999994
0.04969199999999995
0.05895999999999996
0.07072799999999994
0.06819600000000002
0.066652
0.070724
0.07113200000000003
0.06718799999999997
0.06987200000000003
0.07397199999999993
0.068868
0.067532
0.07006800000000002
0.06137600000000002
0.06539999999999992
0.08636799999999993
0.07920799999999999
0.08497999999999989
0.07823199999999994
0.07528799999999987
0.07757199999999982
0.07967599999999994
0.07409600000000002
0.08601599999999995
0.08522799999999989
0.08591599999999994
0.082544
0.0922519999999999
0.07297999999999999
0.08765599999999987
0.07836800000000001
0.08853200000000003
0.08773599999999995
0.09084399999999991
0.08157600000000004
0.07613199999999994
0.09233999999999991
0.09471999999999993
0.08981599999999995
0.09388799999999986
0.094996
0.09747599999999991
0.09925199999999999
0.10128000000000002
0.09599999999999986
0.09075999999999998
0.09753199999999992
0.103824
0.09247199999999996
0.10033599999999995
0.10041600000000003
0.10190800000000003
0.09786399999999996
0.10345199999999997
0.10418399999999998
0.10010799999999992
0.09874399999999997
0.10718799999999994
0.10233199999999996
0.10586799999999989
0.10980799999999999
0.10684399999999998
0.10308799999999994
0.10549999999999998
0.10969199999999998
0.11036800000000008
0.1084119999999999
0.10085999999999996
0.10616800000000007
0.10951599999999996
0.11388000000000002
0.117336
0.104984
0.10580800000000005
0.09886800000000005
0.09940399999999998
0.11273199999999997
0.11320799999999995
0.1097200000000001
0.10964399999999998
0.10581999999999998
0.11443199999999995
0.11273600000000002
0.11033600000000002
0.11214800000000003
0.111848
0.11581200000000008
0.11560000000000002
0.10515599999999997
0.11235999999999997
0.1181759999999999
0.121896
0.11398399999999999
0.10782799999999998
0.11200399999999991
0.10748000000000009
0.10651999999999998
0.1219839999999999
0.11637600000000006
0.11931200000000003
0.11837199999999998
0.115968
0.11405199999999993
0.11071200000000002
0.10791999999999999
0.11175199999999993
0.1117880000000001
0.11052799999999997
0.11998000000000004
0.110044
0.117548
0.11549199999999998
0.11345999999999999
0.119496
0.11258000000000001
0.11199600000000003
0.11335200000000006
0.1134279999999999
0.11086399999999992
0.11631199999999994
0.11875999999999992
0.10981600000000002
0.11154000000000001
0.1120839999999999
0.11436400000000004
0.12292400000000002
0.10695200000000002
0.11291599999999993
0.11197599999999991
0.11573999999999997
0.120772
0.1136119999999999
0.11759199999999989
0.12579200000000004
0.11174800000000004
0.116372
0.1273360000000001
0.11895599999999991
0.12154000000000004
0.13256800000000002
0.12418799999999999
0.12402
0.12778800000000007
0.11976000000000009
0.10999199999999994
0.1237359999999999
0.11494800000000002
0.13136399999999987
0.129152
0.125384
0.12452399999999998
0.12598800000000004
0.12684800000000002
0.13203200000000007
0.1271160000000001
0.12610399999999997
0.12212799999999994
0.13292000000000004
0.12676
0.13375199999999998
0.12149999999999996
0.11621999999999998
0.12042799999999998
0.12446800000000002
0.12187600000000003
0.11790800000000005
0.1298400000000001
0.13877599999999995
0.1259800000000001
0.13205999999999998
0.12884800000000013
0.125204
0.11981999999999998
0.13061999999999982
0.12807599999999997
0.131396
0.12754799999999997
0.12697200000000006
0.13149199999999994
0.12998800000000016
0.11938399999999992
0.1289999999999999
0.12205599999999994
0.13440400000000005
0.13262000000000004
0.13631600000000002
0.14178399999999985
0.127032
0.12725599999999987
0.11541200000000003
0.13419999999999996
0.13099200000000003
0.12800000000000003
0.11780399999999998
0.136132
0.123228
0.11165199999999997
0.11913200000000011
0.12779200000000013
0.13079600000000005
0.13159200000000004
0.135048
0.132044
0.12620000000000003
0.119532
0.13812
0.11995999999999987
0.13446399999999997
0.13959600000000005
0.134512
0.1398440000000001
0.13870800000000003
0.136488
0.13788400000000003
0.127824
0.13077600000000003
0.13246399999999997
0.13770400000000005
0.13606000000000007
0.11635599999999995
0.13418
0.133176
0.13526000000000002
0.13868000000000003
0.13146399999999994
0.12744399999999995
0.11227199999999996
0.13542000000000004
0.13340800000000008
0.13604800000000006
0.12722400000000006
0.11989999999999998
0.12988400000000003
0.12578400000000015
0.13014400000000007
0.1302840000000001
0.12185999999999997
0.12295599999999993
0.13999600000000004
0.12276400000000008
0.13640800000000006
0.13746800000000006
0.13445200000000002
0.13251600000000008
0.13506800000000005
0.1342280000000001
0.13208000000000003
0.13017599999999996
0.13756800000000008
0.11994799999999999
0.13134800000000002
0.127952
0.13817999999999997
0.12519199999999994
0.13275599999999993
0.12643599999999994
0.13535999999999995
0.12930400000000003
0.13196000000000008
0.132624
0.13498800000000008
0.1302560000000001
0.13320000000000007
0.134856
0.13286799999999999
0.12341199999999992
0.12596800000000002
0.13855200000000015
0.132824
0.13239199999999995
0.13242400000000001
0.13382000000000016
0.13086000000000006
0.13798400000000005
0.1388920000000001
0.14099600000000007
0.13802400000000006
0.1376440000000001
0.12306399999999999
0.13218000000000005
0.12406000000000006
0.125632
0.13682800000000012
0.13068400000000008
0.13762400000000002
0.1365120000000001
0.12649200000000005
0.12390800000000006
0.1373480000000001
0.13257600000000005
0.13429600000000008
0.13259600000000005
0.12626400000000002
0.13413199999999997
0.13857200000000008
0.13196800000000009
0.13733600000000007
0.1302839999999999
0.13859200000000008
0.1369520000000001
0.12999200000000008
0.131768
0.13208000000000006
0.13889200000000004
0.13735600000000006
0.13446000000000008
0.13909999999999995
0.1439240000000001
0.13956800000000005
0.13923600000000008
0.13632800000000003
0.1367280000000001
0.142344
0.1384920000000001
0.1281879999999999
0.13096799999999995
0.13661600000000007
0.13453600000000004
0.14468399999999998
0.1361960000000001
0.13224400000000006
0.14083199999999996
0.13467600000000007
0.13935999999999996
0.13025600000000007
0.139432
0.1408840000000001
0.13543200000000016
0.13524000000000008
0.12866400000000003
0.13720800000000008
0.1415320000000001
0.13980800000000004
0.13834000000000002
0.14150000000000007
0.127084
0.13686000000000006
0.142092
0.14307999999999993
0.13678
0.129928
0.1350680000000001
0.1295600000000001
0.129736
0.13937200000000013
0.1380040000000001
0.13181200000000004
0.13816400000000012
0.134948
0.13687200000000002
0.13765200000000002
0.1334320000000001
0.13814000000000015
0.13864800000000005
0.14050800000000005
0.14028400000000005
0.14059200000000016
0.12441599999999996
0.14309999999999998
0.14360799999999996
0.13598399999999994
0.13798799999999997
0.139364
0.13917599999999997
0.13334000000000001
0.13006400000000007
0.141432
0.13826400000000014
0.13558799999999996
0.1392119999999999
0.13688000000000003
0.13132800000000006
0.14020400000000002
0.14672000000000007
0.12994400000000003
0.13802799999999998
0.13830400000000007
0.140832
0.13499600000000012
0.1327840000000001
0.1395240000000001
0.13244800000000004
0.13941199999999998
0.13599199999999997
0.13742400000000007
0.13670800000000008
0.13758400000000004
0.13824400000000003
0.1257840000000001
0.13090000000000007
0.14055999999999993
0.13035200000000005
0.1400960000000001
0.129728
0.1382480000000001
0.135632
0.13208800000000007
0.13218400000000008
0.13108000000000014
0.13203600000000007
0.14016800000000001
0.12924800000000006
0.13154800000000003
0.13338
0.14103200000000002
0.13550400000000004
0.1348400000000001
0.13619600000000012
0.13972399999999993
0.13980800000000002
0.1416280000000001
0.14226800000000006
0.14326800000000003
0.14271200000000012
0.135168
0.13654400000000005
0.13901600000000006
0.1337040000000001
0.1362160000000001
0.127072
0.12528800000000007
0.13473199999999996
0.1342400000000001
0.137428
0.1396600000000001
0.134836
0.13833199999999998
0.13366000000000008
0.13507600000000006
0.14032000000000008
0.14460800000000004
0.1419200000000001
0.1322360000000001
0.13188399999999997
0.1402
0.13463599999999998
0.13915200000000003
0.13542000000000004
0.136076
0.136332
0.14293600000000004
0.137236
0.13968000000000008
0.14252000000000006
0.12906800000000002
0.13864799999999997
0.13694799999999993
0.14536400000000008
0.13538399999999998
0.137916
0.13108799999999995
0.13257999999999995
0.13888399999999998
0.13998800000000006
0.13978800000000005
0.13503599999999988
0.13486399999999998
0.13950400000000007
0.14124799999999998
0.13622000000000006
0.1297320000000001
0.13251599999999994
0.14027600000000007
0.1430120000000001
0.1325960000000001
0.1349640000000001
0.13516400000000003
0.14083199999999996
0.13974799999999996
0.13087200000000002
0.13845200000000013
0.1273559999999999
0.13593600000000014
0.14253200000000002
0.14078800000000002
0.14253200000000008
0.13661199999999996
0.14357199999999998
0.13878800000000005
0.1340960000000001
0.13516399999999995
0.14129600000000003
0.14833600000000013
0.139348
0.13807200000000006
0.13940000000000016
0.13658399999999998
0.13862800000000003
0.14109200000000005
0.13775200000000012
0.13744000000000003
0.138408
0.13040800000000005
0.13723200000000008
0.14122800000000008
0.13101200000000005
0.1406400000000001
0.13644000000000014
0.14180400000000007
0.13878400000000007
0.13384799999999994
0.14794799999999997
0.14073600000000008
0.13962800000000006
0.14017200000000005
0.13202
0.13779200000000005
0.14154800000000006
0.13922800000000007
0.14309600000000008
0.13746000000000003
0.1396
0.14291600000000004
0.14602400000000001
0.146628
0.14186799999999994
0.14283600000000007
0.146316
0.137968
0.141416
0.1444360000000001
0.137724
0.14320000000000008
0.1459960000000001
0.13840400000000003
0.13718000000000005
0.14563600000000007
0.1304200000000001
0.1401040000000001
0.13884400000000013
0.13976400000000005
0.13616400000000006
0.14381999999999995
0.14406400000000005
0.14367600000000005
0.13409199999999996
0.1454200000000001
0.14701999999999998
0.14174399999999998
0.14400400000000002
0.14024799999999998
0.13234400000000007
0.1455200000000001
0.14208400000000002
0.13604799999999997
0.1422400000000001
0.1357760000000001
0.13738400000000012
0.14181199999999994
0.13774400000000012
0.14371999999999993
0.143812
0.140264
0.1385960000000001
0.1406880000000001
0.14474800000000013
0.14394800000000002
0.14498799999999998
0.14423200000000014
0.1317679999999999
0.1363680000000001
0.14608000000000007
0.1413800000000001
0.13206000000000007
0.14575200000000002
0.141264
0.145
0.13701200000000002
0.14544800000000002
0.14021199999999998
0.13293600000000005
0.14133999999999997
0.137468
0.1447079999999999
0.14249599999999998
0.14072800000000008
0.14950800000000003
0.13353999999999996
0.14463599999999993
0.14022400000000007
0.13372400000000004
0.14011199999999996
0.139176
0.14873999999999993
0.14550000000000007
0.143432
0.132676
0.14619200000000002
0.14246
0.143796
0.12671200000000005
0.1323599999999999
0.13784800000000008
0.1466680000000001
0.1407879999999999
0.14695200000000005
0.137092
0.14215200000000003
0.1456800000000001
0.13942399999999996
0.13865600000000003
0.14653599999999992
0.13677600000000015
0.143864
0.1364200000000001
0.13502399999999995
0.1389120000000001
0.13717200000000002
0.13428800000000002
0.14413199999999995
0.1398320000000001
0.14142800000000005
0.1473880000000001
0.1459320000000001
0.14159599999999994
0.14608399999999996
0.13862799999999992
0.1523640000000001
0.13760000000000003
0.14899200000000004
0.14237600000000003
0.13880399999999998
0.13830800000000001
0.14174399999999993
0.14052799999999996
0.135452
0.14254399999999995
0.14392
0.14045599999999994
0.14264400000000002
0.1350520000000001
0.14442399999999997
0.13471600000000006
0.14405600000000005
0.135856
0.14472799999999994
0.13686800000000002
0.14633199999999993
0.14565599999999998
0.13126000000000004
0.14293200000000011
0.13801599999999997
0.13281199999999993
0.14381199999999994
0.14241200000000007
0.14187199999999997
0.14643599999999996
0.13995999999999995
0.137344
0.14191599999999993
0.13910400000000012
0.14346
0.13345199999999996
0.127924
0.14278400000000005
0.13983199999999998
0.14517600000000006
0.13667200000000007
0.1404599999999999
0.13803200000000004
0.14425600000000005
0.136176
0.1313
0.13774
0.139272
0.14561199999999994
0.14676799999999995
0.14253600000000002
0.14193999999999998
0.13840799999999992
0.14286799999999997
0.14562400000000006
0.14215999999999995
0.14694799999999997
0.146148
0.13846799999999995
0.14297600000000008
0.147496
0.14492800000000003
0.14395599999999995
0.13460399999999978
0.14580000000000004
0.139348
0.1421960000000001
0.15034800000000004
0.14512799999999978
0.13336000000000012
0.1376080000000001
0.142932
0.14263599999999996
0.139116
0.13460799999999995
0.138468
0.14899600000000007
0.14500400000000005
0.14083200000000012
0.14932799999999996
0.14545600000000006
0.1422039999999999
0.14735599999999996
0.13275999999999993
0.14545599999999997
0.144396
0.13931199999999994
0.14140000000000008
0.13824400000000012
0.14396400000000004
0.1418240000000001
0.14802799999999994
0.14501599999999995
0.1466039999999999
0.1332200000000001
0.138476
0.14571999999999982
0.1295400000000001
0.1330680000000001
0.137768
0.1402320000000001
0.141396
0.14554799999999982
0.132932
0.14807999999999988
0.137064
0.14783599999999986
0.143176
0.14597600000000002
0.13941999999999993
0.13873599999999991
0.14289199999999994
0.14938399999999988
0.14614000000000005
0.14928800000000003
0.14044399999999993
0.13844800000000002
0.1467719999999999
0.1324319999999999
0.1451720000000001
0.14331599999999997
0.14328000000000005
0.14513999999999988
0.13013199999999997
0.13685999999999998
0.14400399999999994
0.1407679999999998
0.14721199999999995
0.14856000000000003
0.14455999999999997
0.1420879999999999
0.14361600000000008
0.15301199999999995
0.1426360000000001
0.150456
0.14008400000000004
0.1462559999999999
0.14543599999999995
0.14446399999999995
0.14721199999999998
0.1427639999999999
0.13319599999999995
0.13349199999999997
0.14412
0.14117999999999986
0.13879199999999997
0.140456
0.14063999999999996
0.13902000000000006
0.14133999999999988
0.13436799999999993
0.13754799999999992
0.143248
0.140984
0.13883599999999993
0.144132
0.14706799999999998
0.14212000000000002
0.143312
0.13796799999999995
0.14431599999999997
0.13955199999999995
0.14352799999999988
0.14426400000000003
0.13862399999999983
0.150104
0.13517599999999996
0.143784
0.14855999999999997
0.14233199999999993
0.140112
0.1485679999999998
0.15139999999999984
0.1404360000000001
0.14947200000000016
0.14243200000000006
0.1505199999999999
0.145876
0.13863599999999995
0.14111999999999988
0.15083199999999988
0.15321200000000004
0.14800000000000008
0.15031999999999998
0.14509999999999995
0.14249600000000007
0.15088399999999993
0.15023999999999973
0.150668
0.14737599999999984
0.14023200000000008
0.14993599999999999
0.13973600000000003
0.14996400000000001
0.13381999999999994
0.13410800000000003
0.14103599999999994
0.14816799999999997
0.14100399999999996
0.1403719999999999
0.141132
0.143468
0.145528
0.14732399999999984
0.14506399999999994
0.14888400000000004
0.13850799999999996
0.14781999999999992
0.13607599999999997
0.13624399999999987
0.14979199999999998
0.13752400000000004
0.1438880000000001
0.1480719999999999
0.14564799999999992
0.14471199999999998
0.13378799999999988
0.14234799999999992
0.14828799999999998
0.1459360000000001
0.142124
0.1494919999999999
0.13695999999999997
0.15450400000000003
0.14259599999999997
0.14360399999999995
0.14650800000000008
0.14072000000000004
0.14754399999999998
0.14402799999999996
0.13929999999999995
0.13350399999999993
0.14800800000000006
0.14835999999999994
0.13945199999999994
0.14265199999999992
0.13777199999999998
0.14938400000000002
0.14207599999999998
0.13562
0.14397599999999988
0.1467199999999999
0.1293479999999999
0.139728
0.13887599999999997
0.12940799999999994
0.14317600000000003
0.13475600000000007
0.149828
0.1420879999999999
0.14514000000000002
0.13784400000000008
0.14000800000000002
0.14967600000000006
0.15008399999999994
0.1466719999999999
0.15098799999999998
0.13802800000000004
0.145932
0.13881200000000005
0.14474799999999993
0.144228
0.13505999999999996
0.1515560000000001
0.1413679999999999
0.14431200000000002
0.14700400000000005
0.14541199999999996
0.13592000000000007
0.14541199999999996
0.14100799999999986
0.14526799999999992
0.14373999999999995
0.1491839999999999
0.14964799999999998
0.13012400000000005
0.1446119999999999
0.14906800000000006
0.1427239999999999
0.13581199999999993
0.14198799999999998
0.14673200000000003
0.13443199999999986
0.15053999999999995
0.14266400000000007
0.14638799999999996
0.14423600000000011
0.14810800000000016
0.13690399999999997
0.14903200000000005
0.14889199999999986
0.13964800000000013
0.1453679999999999
0.14532800000000004
0.14986799999999992
0.13386400000000007
0.13320799999999997
0.14636399999999994
0.143288
0.14230800000000005
0.141
0.14750400000000008
0.146356
0.13598800000000005
0.15169599999999991
0.14089200000000004
0.14159999999999995
0.12804400000000005
0.15070799999999995
0.13784399999999988
0.1502520000000001
0.151544
0.14677599999999996
0.13769999999999993
0.13772800000000007
0.15068000000000006
0.148716
0.15373999999999996
0.14514399999999997
0.14865599999999998
0.15040399999999995
0.14377200000000004
0.14484399999999997
0.13824
0.1457399999999999
0.15000000000000002
0.13767999999999997
0.14546000000000012
0.14966800000000002
0.14582000000000006
0.13881199999999994
0.131624
0.13943999999999987
0.14809599999999992
0.14894799999999997
0.12952399999999994
0.137472
0.14074399999999995
0.1508520000000001
0.14856
0.13997999999999994
0.1465399999999999
0.14374
0.1454879999999999
0.15119599999999989
0.14558799999999997
0.14383199999999988
0.150508
0.14276399999999992
0.149664
0.1473880000000001
0.1532839999999999
0.1429200000000001
0.1496800000000001
0.131792
0.1470759999999999
0.15237599999999993
0.14957600000000007
0.1400919999999999
0.1449119999999999
0.14831599999999998
0.1457039999999999
0.13905599999999996
0.13802799999999993
0.13957599999999992
0.15309599999999987
0.14904399999999982
0.14466800000000002
0.14811199999999988
0.14987999999999999
0.14891599999999988
0.14880799999999986
0.14692800000000003
0.13039599999999996
0.146536
0.1469360000000001
0.14170399999999994
0.14648400000000006
0.14766800000000005
0.1503120000000001
0.14727200000000001
0.1411040000000001
0.14586799999999991
0.14424800000000013
0.15412399999999996
0.14445600000000003
0.14329200000000014
0.1501760000000001
0.13893999999999992
0.1459479999999999
0.14755200000000002
0.14386400000000005
0.14631199999999997
0.14665200000000006
0.14773199999999997
0.14969999999999994
0.15188800000000005
0.14584800000000006
0.14869999999999997
0.14307200000000003
0.14811199999999983
0.13712800000000006
0.14381600000000008
0.14989199999999994
0.13080800000000012
0.1358760000000001
0.14650399999999997
0.14530000000000007
0.135836
0.1492039999999999
0.14786000000000007
0.144688
0.14015600000000003
0.14084799999999997
0.14481600000000008
0.14778800000000009
0.14302799999999985
0.140512
0.14684
0.14314799999999997
0.14445600000000003
0.15143999999999994
0.14318799999999982
0.149096
0.1443
0.13254000000000002
0.14759199999999997
0.13472000000000006
0.13657599999999995
0.14992399999999995
0.15119599999999986
0.1481240000000001
0.14733600000000005
0.13650399999999996
0.14887599999999981
0.15182399999999993
0.14979599999999998
0.14252399999999987
0.14606399999999994
0.13788799999999998
0.15218
0.1369400000000001
0.13905999999999996
0.15080400000000002
0.14436800000000002
0.143792
0.14553999999999992
0.14942399999999997
0.14395200000000002
0.14090000000000003
0.14805199999999993
0.1402360000000001
0.13605599999999993
0.14325600000000005
0.14756400000000017
0.146352
0.140524
0.14437599999999992
0.15014000000000002
0.15017599999999995
0.15122400000000003
0.13375600000000004
0.13771599999999995
0.14926000000000003
0.14229599999999992
0.13881999999999997
0.148024
0.141104
0.14386000000000002
0.12826800000000008
0.14198399999999992
0.14156400000000008
0.1401479999999999
0.14747999999999992
0.14824
0.14365599999999998
0.13200000000000003
0.138684
0.14724399999999993
0.13485999999999998
0.12396000000000001
0.14503600000000008
0.14716799999999988
0.14043999999999995
0.13899999999999993
0.13895999999999997
0.13965599999999997
0.15043199999999998
0.14110799999999998
0.1326920000000001
0.14148000000000005
0.13889599999999994
0.145636
0.14890400000000004
0.140844
0.13003599999999996
0.14609199999999997
0.1481719999999999
0.14872000000000002
0.13867600000000002
0.14662799999999998
0.12922400000000003
0.1430760000000001
0.14321200000000006
0.130124
0.14340000000000006
0.13242400000000001
0.14220800000000003
0.13887200000000002
0.142684
0.13070799999999994
0.14182000000000003
0.14421199999999998
0.13912799999999995
0.13278000000000006
0.1511679999999999
0.13999199999999998
0.14815999999999985
0.14025200000000002
0.13505599999999998
0.14628400000000005
0.14706399999999986
0.145696
0.144236
0.14504000000000014
0.13587999999999995
0.14954799999999996
0.13610400000000006
0.14459599999999995
0.14859999999999984
0.15204799999999996
0.14761600000000005
0.13252399999999998
0.148384
0.14300800000000005
0.14448000000000003
0.14471999999999982
0.14110799999999998
0.14302000000000004
0.14840799999999993
0.14501999999999993
0.15019199999999994
0.13583199999999998
0.1436360000000002
0.13996799999999998
0.14948399999999992
0.12478400000000002
0.14868
0.13909599999999997
0.14357599999999998
0.14864800000000006
0.15063999999999989
0.14013599999999996
0.1484399999999999
0.14916400000000005
0.14318000000000003
0.14699999999999985
0.14226000000000003
0.15019599999999994
0.14489999999999997
0.14744399999999985
0.15421199999999993
0.14438799999999993
0.14452399999999996
0.14992400000000006
0.15477599999999994
0.14626799999999984
0.1412319999999999
0.13904400000000003
0.12976
0.14491599999999996
0.139108
0.137764
0.1498479999999999
0.1429479999999999
0.1472599999999999
0.157568
0.140072
0.1394080000000001
0.13927600000000004
0.14314799999999997
0.14358399999999996
0.14369999999999986
0.1467759999999999
0.145248
0.15009999999999998
0.14552399999999982
0.14807599999999993
0.13853599999999996
0.14552399999999993
0.12912800000000002
0.140092
0.1397079999999999
0.14653999999999995
0.138988
0.139676
0.1477680000000001
0.14222000000000004
0.13121599999999994
0.14677199999999999
0.142592
0.14505199999999996
0.14816800000000002
0.141044
0.14584799999999995
0.1452240000000001
0.14587599999999998
0.14325999999999994
0.138952
0.14224799999999993
0.14053600000000002
0.14413599999999996
0.15011599999999986
0.13651200000000002
0.14525200000000002
0.13969599999999988
0.13676400000000005
0.13613199999999995
0.15069200000000002
0.14510399999999996
0.14903999999999992
0.14542400000000005
0.13666799999999996
0.13970400000000002
0.13781999999999997
0.14626400000000006
0.14657599999999998
0.15503999999999996
0.13798
0.14406399999999994
0.15060799999999994
0.14810800000000005
0.14667599999999992
0.14514000000000002
0.1433
0.13877999999999996
0.13864
0.150312
0.14432799999999998
0.14774400000000004
0.15020799999999998
0.1417999999999999
0.14780799999999994
0.145368
0.14394799999999996
0.14629600000000004
0.139736
0.145432
0.14439199999999996
0.14801599999999998
0.15134400000000003
0.15776
0.14846399999999996
0.14879599999999993
0.136848
0.14230400000000004
0.13944800000000004
0.1541440000000001
0.13824400000000003
0.13913999999999996
0.14693200000000006
0.15028799999999998
0.14767599999999995
0.14583200000000007
0.15051999999999996
0.14801600000000006
0.14112800000000006
0.15364399999999998
0.14211600000000005
0.14561200000000007
0.15056000000000003
0.14869600000000008
0.14087599999999997
0.143324
0.142928
0.15464799999999998
0.13009200000000004
0.1482279999999999
0.14187999999999995
0.14791199999999988
0.14808400000000005
0.15274400000000002
0.1551840000000001
0.15412799999999996
0.140284
0.15346400000000002
0.14768399999999995
0.14876399999999995
0.15057199999999996
0.144432
0.13841199999999998
0.13611200000000004
0.14992800000000003
0.144224
0.15197999999999998
0.15187599999999998
0.144992
0.14922799999999992
0.15551199999999996
0.14692399999999997
0.147824
0.14403999999999983
0.14127599999999996
0.150832
0.14412800000000003
0.14536399999999997
0.14952799999999988
0.14235200000000006
0.1477
0.14480399999999996
0.14963200000000004
0.15394800000000014
0.13382800000000003
0.146552
0.14474399999999996
0.15075200000000008
0.15351600000000004
0.14785200000000004
0.13973199999999997
0.15260800000000005
0.153496
0.14789599999999997
0.15029599999999999
0.1516639999999999
0.14042800000000008
0.14333999999999986
0.14422800000000002
0.15086
0.14457999999999993
0.15444799999999995
0.139688
0.14849600000000002
0.14688799999999996
0.148204
0.15010799999999985
0.15231199999999986
0.14645600000000009
0.1410639999999999
0.15261200000000003
0.14960800000000002
0.148372
0.153628
0.14421599999999998
0.14688799999999996
0.15000000000000013
0.141816
0.13851600000000003
0.14386399999999996
0.15064400000000003
0.147072
0.13947600000000004
0.14825200000000005
0.14516800000000002
0.142772
0.145692
0.14186399999999988
0.14687199999999992
0.15376400000000007
0.15139199999999994
0.1470000000000001
0.14646
0.15053599999999992
0.14834799999999995
0.14316399999999993
0.146656
0.15316799999999986
0.153448
0.14460399999999998
0.14625200000000002
0.1444479999999999
0.15658000000000005
0.15374800000000005
0.14053600000000002
0.14682
0.14783599999999997
0.14916799999999997
0.1453
0.14596000000000006
0.14993599999999996
0.14041600000000004
0.14917600000000003
0.15167999999999995
0.13607199999999997
0.14722399999999997
0.14554799999999996
0.14434
0.14579999999999999
0.15294399999999994
0.14824799999999994
0.15171199999999996
0.14804400000000004
0.14835199999999998
0.1516639999999999
0.14734
0.1581919999999999
0.14313199999999993
0.146636
0.14557200000000017
0.14974000000000007
0.14973199999999998
0.1528079999999999
0.15226799999999996
0.14239199999999994
0.1519519999999999
0.1524600000000001
0.14956400000000006
0.1569879999999999
0.13888400000000004
0.15971999999999995
0.153108
0.144056
0.15258399999999994
0.14854
0.15696399999999994
0.149404
0.14686399999999994
0.15249600000000002
0.14778799999999997
0.15323999999999996
0.146672
0.15623600000000004
0.15361600000000006
0.14801200000000003
0.15212399999999995
0.13326800000000005
0.15284799999999996
0.14599199999999996
0.14954800000000001
0.1462759999999999
0.15317999999999998
0.148456
0.1554640000000002
0.15380399999999994
0.15244
0.15273599999999998
0.14869600000000002
0.14699599999999996
0.15408799999999997
0.14800800000000003
0.1493440000000001
0.14285999999999996
0.14347599999999996
0.15026000000000006
0.14257599999999995
0.14472799999999994
0.1566160000000001
0.149048
0.15228000000000003
0.14606399999999997
0.14136
0.15320400000000003
0.15699599999999994
0.15295600000000004
0.15316799999999997
0.145364
0.14480799999999996
0.15294399999999994
0.14136000000000004
0.15049999999999997
0.15077199999999996
0.14532799999999998
0.145896
0.14581600000000003
0.1461279999999999
0.153784
0.1493719999999999
0.14717199999999997
0.15637599999999996
0.14123999999999995
0.14774399999999996
0.14420400000000005
0.14109199999999994
0.14042799999999991
0.14871600000000004
0.14760399999999999
0.151884
0.15281599999999992
0.15289600000000003
0.14887599999999993
0.14655600000000005
0.14868400000000007
0.14796
0.14692799999999986
0.13488000000000003
0.14718400000000006
0.14441199999999996
0.1436920000000001
0.15074400000000002
0.144732
0.14556799999999995
0.15442400000000003
0.15041600000000002
0.15349999999999986
0.13868000000000003
0.14558399999999994
0.14326400000000003
0.14722799999999997
0.14293199999999995
0.14693599999999998
0.14960799999999996
0.14035199999999995
0.151992
0.1438399999999999
0.143424
0.14600399999999988
0.15236399999999994
0.15052399999999988
0.1478359999999999
0.14929200000000006
0.152836
0.13488800000000004
0.14795999999999998
0.15274799999999997
0.152104
0.1445599999999999
0.152852
0.15179999999999996
0.14991599999999994
0.14730399999999996
0.15017600000000006
0.1506639999999999
0.14637199999999992
0.14659600000000003
0.14896400000000007
0.14704
0.1541640000000001
0.15493599999999988
0.1576
0.1517560000000001
0.153204
0.13598400000000002
0.15366000000000005
0.15372399999999997
0.15891600000000003
0.150924
0.145572
0.13759200000000002
0.154288
0.15074400000000002
0.14786799999999997
0.1517160000000001
0.1514480000000001
0.15118
0.15297199999999997
0.15169199999999997
0.13915599999999995
0.15063600000000002
0.15129199999999995
0.15105199999999996
0.15863599999999986
0.158248
0.1447400000000001
0.1439719999999999
0.15212400000000006
0.15663999999999995
0.15782799999999989
0.15182399999999996
0.15104800000000002
0.14900800000000006
0.16030399999999992
0.14806799999999995
0.13904400000000006
0.14599599999999993
0.141656
0.14627200000000015
0.15113999999999994
0.15913999999999998
0.15332399999999993
0.1584079999999999
0.15535199999999996
0.150476
0.14770799999999992
0.15367599999999998
0.15150000000000005
0.14796399999999987
0.1524319999999999
0.15674399999999997
0.156216
0.150772
0.15016400000000002
0.14511999999999997
0.14848000000000003
0.15371599999999996
0.15243600000000004
0.15117199999999995
0.15006400000000003
0.153968
0.15628400000000012
0.14403199999999994
0.141764
0.15404800000000013
0.15353600000000014
0.15590400000000004
0.14608000000000002
0.15428400000000006
0.15248799999999993
0.14726799999999998
0.15402399999999997
0.15091199999999994
0.14369600000000005
0.152228
0.15001199999999995
0.153292
0.15521999999999989
0.14924800000000002
0.149088
0.1523960000000001
0.15358000000000002
0.15351600000000004
0.15361200000000003
0.15475200000000006
0.1523920000000001
0.15178399999999992
0.15353600000000003
0.14980000000000007
0.15763200000000005
0.14302399999999998
0.14909600000000006
0.13691599999999995
0.14740000000000006
0.14909600000000003
0.14802000000000015
0.1473960000000001
0.14808
0.13352799999999998
0.15119600000000005
0.15072000000000013
0.1509320000000001
0.150076
0.152024
0.14964000000000008
0.16074399999999997
0.146332
0.14572000000000002
0.14501199999999997
0.14842
0.14532399999999995
0.15771199999999988
0.14284399999999997
0.13823200000000005
0.15524400000000008
0.15555999999999975
0.1310599999999999
0.14599199999999993
0.14385599999999987
0.12972399999999992
0.14641199999999993
0.15522399999999997
0.15688000000000002
0.14794400000000005
0.14350399999999996
0.1481399999999999
0.14807999999999996
0.1483400000000001
0.14777999999999997
0.14967599999999995
0.14680400000000013
0.133688
0.15165999999999996
0.148352
0.13669200000000006
0.15045999999999995
0.15283200000000005
0.14823999999999987
0.14186000000000007
0.15133599999999992
0.1560480000000001
0.14602799999999996
0.14969600000000005
0.15254799999999996
0.15177999999999991
0.14575599999999994
0.13992800000000005
0.147024
0.15010799999999996
0.15123600000000006
0.1508759999999999
0.15349200000000007
0.15280799999999978
0.1474559999999998
0.13486400000000007
0.15470400000000015
0.14554000000000003
0.1499360000000001
0.13966000000000006
0.15133999999999995
0.14071599999999995
0.15325199999999994
0.14846000000000004
0.14952
0.14450000000000002
0.14163200000000004
0.14792400000000006
0.153216
0.157884
0.15087599999999993
0.14584400000000003
0.14999200000000004
0.15110000000000012
0.14761199999999997
0.13944399999999993
0.14847999999999986
0.14365199999999997
0.149336
0.14078800000000014
0.15206399999999998
0.150752
0.14746800000000015
0.142028
0.15438400000000002
0.14843599999999998
0.15360800000000005
0.14551999999999998
0.15028000000000002
0.15688400000000002
0.14764000000000002
0.14219600000000004
0.14408
0.15613600000000002
0.13581999999999997
0.148352
0.14841600000000002
0.1357839999999999
0.14902000000000004
0.14451199999999984
0.15647599999999992
0.15036400000000008
0.146168
0.15479999999999997
0.14163999999999996
0.1460840000000001
0.14904799999999996
0.153964
0.14632000000000003
0.14093999999999995
0.14226799999999998
0.14297200000000002
0.14127600000000007
0.14982000000000004
0.144164
0.12839999999999993
0.14103199999999994
0.15201599999999993
0.13683199999999993
0.13904399999999997
0.15286399999999992
0.141684
0.147228
0.14206400000000002
0.15098000000000006
0.150772
0.14633199999999996
0.15278400000000011
0.14226399999999992
0.1519159999999998
0.14102800000000013
0.14753200000000005
0.15040399999999993
0.14105999999999985
0.145656
0.13657599999999992
0.149036
0.150936
0.14774800000000002
0.1437159999999999
0.1446839999999999
0.15008000000000007
0.14314800000000005
0.14810400000000007
0.14717599999999997
0.14181999999999992
0.15024400000000004
0.14148800000000003
0.13959599999999983
0.14571600000000004
0.15208399999999994
0.1526160000000001
0.15160399999999993
0.15156000000000014
0.13712800000000006
0.15456800000000007
0.14804000000000006
0.14134800000000003
0.144308
0.15015199999999995
0.15189600000000006
0.14725999999999992
0.14664
0.15246800000000008
0.15087599999999982
0.15799200000000008
0.15541600000000003
0.15377999999999994
0.14940800000000004
0.15616800000000003
0.14653600000000003
0.14366399999999996
0.14979600000000004
0.1505160000000001
0.14636
0.14604799999999996
0.1451
0.15489200000000014
0.14633199999999988
0.14861599999999997
0.1386360000000001
0.14800399999999997
0.14833600000000002
0.14983200000000005
0.14936399999999994
0.1548839999999999
0.14372800000000008
0.13943200000000003
0.14480400000000002
0.1506840000000001
0.13687600000000008
0.14809199999999986
0.14683200000000005
0.1496160000000001
0.15005199999999996
0.1421320000000001
0.13460400000000008
0.15056400000000006
0.15330400000000002
0.13931999999999983
0.14571200000000006
0.15376
0.15380000000000005
0.14486400000000016
0.145024
0.1549040000000001
0.14636400000000002
0.14699200000000018
0.14819200000000005
0.14415200000000006
0.151612
0.14938399999999996
0.146732
0.14380399999999985
0.14682800000000001
0.13909199999999994
0.15027600000000005
0.15005599999999997
0.1399080000000001
0.15412399999999998
0.146964
0.15419599999999997
0.15018400000000007
0.13976400000000003
0.14775600000000005
0.13695199999999988
0.15562800000000004
0.14951999999999993
0.13844800000000013
0.14576000000000006
0.15245999999999996
0.149868
0.154404
0.14107199999999995
0.15025999999999998
0.1445799999999999
0.15810400000000005
0.1455840000000001
0.1469159999999999
0.150448
0.1492319999999999
0.14742400000000014
0.15352000000000002
0.15102799999999988
0.15552000000000005
0.15395600000000012
0.14505600000000005
0.14941999999999994
0.14361599999999988
0.1493280000000001
0.14774400000000013
0.15003600000000003
0.14763600000000007
0.15280400000000008
0.1496999999999999
0.14711200000000005
0.15556400000000004
0.15035600000000013
0.148052
0.1528319999999999
0.15526399999999999
0.15224000000000004
0.15364800000000006
0.15386799999999995
0.15441200000000008
0.16167599999999996
0.1409559999999999
0.1418399999999999
0.14093599999999987
0.1430160000000001
0.14814000000000005
0.14235600000000007
0.14514400000000005
0.16009999999999996
0.15886799999999993
0.146796
0.13890800000000003
0.14445200000000008
0.151924
0.1415999999999999
0.15245200000000012
0.15990799999999988
0.14701199999999998
0.15957199999999988
0.15294
0.14546800000000007
0.15046000000000007
0.1477479999999999
0.15400000000000008
0.14957200000000004
0.16061599999999981
0.1532079999999997
0.15300800000000003
0.14572399999999985
0.16308399999999992
0.155084
0.15600800000000004
0.1575239999999998
0.15553200000000003
0.14554399999999995
0.13874800000000004
0.13145999999999988
0.15357600000000002
0.15354799999999996
0.16213600000000003
0.15070799999999995
0.1520559999999998
0.14611200000000005
0.15351999999999988
0.14628399999999997
0.15389199999999997
0.15294799999999995
0.1524119999999999
0.1455799999999999
0.15883599999999995
0.14292399999999983
0.15552399999999977
0.14798799999999995
0.15641999999999998
0.14763199999999996
0.14300400000000002
0.1535799999999998
0.14239999999999986
0.15553199999999995
0.1477439999999999
0.1478879999999999
0.15438000000000007
0.15932400000000016
0.1543959999999999
0.15091599999999988
0.1481239999999999
0.158856
0.15053999999999984
0.15636400000000003
0.15787999999999988
0.15685200000000002
0.15261599999999995
0.16192799999999985
0.160188
0.153524
0.15122
0.151292
0.14989599999999995
0.1601079999999999
0.14993199999999995
0.1458479999999999
0.14770000000000005
