0.05207600000000001
0.056504000000000006
0.06356400000000004
0.06356400000000004
0.06985599999999996
0.071756
0.07408000000000005
0.08252400000000003
0.08405599999999995
0.09936000000000005
0.09936000000000005
0.09936000000000005
0.09936000000000005
0.09936000000000005
0.09936000000000005
0.09936000000000005
0.10212800000000008
0.10353200000000004
0.10379999999999998
0.10688800000000004
0.10879600000000003
0.11413999999999999
0.11633199999999991
0.123964
0.123964
0.123964
0.123964
0.12830799999999992
0.13001199999999996
0.13333599999999984
0.13715999999999998
0.13715999999999998
0.13715999999999998
0.1381279999999998
0.1415
0.1415
0.1415
0.1415
0.1415
0.1415
0.14291999999999988
0.14830799999999977
0.14830799999999977
0.14830799999999977
0.15733199999999997
0.15733199999999997
0.15733199999999997
0.15733199999999997
0.15733199999999997
0.15733199999999997
0.15814399999999992
0.16048399999999993
0.16048399999999993
0.16048399999999993
0.162964
0.16631999999999972
0.16631999999999972
0.16631999999999972
0.16631999999999972
0.16631999999999972
0.16631999999999972
0.16631999999999972
0.16631999999999972
0.1712520000000001
0.1712520000000001
0.1712520000000001
0.1712520000000001
0.1712520000000001
0.1712520000000001
0.17569599999999977
0.17569599999999977
0.17569599999999977
0.17569599999999977
0.17569599999999977
0.17569599999999977
0.17806799999999998
0.17806799999999998
0.17806799999999998
0.17806799999999998
0.17806799999999998
0.17806799999999998
0.17806799999999998
0.17806799999999998
0.17907599999999993
0.17907599999999993
0.18077599999999996
0.18344799999999986
0.18477199999999985
0.18477199999999985
0.18978399999999992
0.18978399999999992
0.18978399999999992
0.18978399999999992
0.1906359999999999
0.1906359999999999
0.1906359999999999
0.1906359999999999
0.1906359999999999
0.1906359999999999
0.1906359999999999
0.1906359999999999
0.1906359999999999
0.1906359999999999
0.1953359999999998
0.1953359999999998
0.1953359999999998
0.1953359999999998
0.19605599999999984
0.19605599999999984
0.1988559999999999
0.1988559999999999
0.1988559999999999
0.1996159999999999
0.1996159999999999
0.1996159999999999
0.1996159999999999
0.2009679999999999
0.2009679999999999
0.2009679999999999
0.2009679999999999
0.2009679999999999
0.20125599999999982
0.20162399999999994
0.20162399999999994
0.20162399999999994
0.20773600000000006
0.20773600000000006
0.20773600000000006
0.20773600000000006
0.20773600000000006
0.20773600000000006
0.20773600000000006
0.20773600000000006
0.20773600000000006
0.20773600000000006
0.20773600000000006
0.20773600000000006
0.20773600000000006
0.20773600000000006
0.20773600000000006
0.20773600000000006
0.20773600000000006
0.20864800000000008
0.2123480000000001
0.2123480000000001
0.2123480000000001
0.2123480000000001
0.2123480000000001
0.2123480000000001
0.2123480000000001
0.2123480000000001
0.2123480000000001
0.21519200000000024
0.21519200000000024
0.21519200000000024
0.21519200000000024
0.21519200000000024
0.22018800000000024
0.22018800000000024
0.22018800000000024
0.22018800000000024
0.22018800000000024
0.22018800000000024
0.22018800000000024
0.22018800000000024
0.22018800000000024
0.22018800000000024
0.22018800000000024
0.22018800000000024
0.22018800000000024
0.22018800000000024
0.22018800000000024
0.22018800000000024
0.22018800000000024
0.22018800000000024
0.22018800000000024
0.22018800000000024
0.22018800000000024
0.22018800000000024
0.22018800000000024
0.22018800000000024
0.22018800000000024
0.22018800000000024
0.22018800000000024
0.22018800000000024
0.22018800000000024
0.22018800000000024
0.22018800000000024
0.22018800000000024
0.22018800000000024
0.22018800000000024
0.22018800000000024
0.22018800000000024
0.22018800000000024
0.22018800000000024
0.22018800000000024
0.22018800000000024
0.22018800000000024
0.22298800000000005
0.22298800000000005
0.22298800000000005
0.22298800000000005
0.22298800000000005
0.22298800000000005
0.22298800000000005
0.22298800000000005
0.22298800000000005
0.22298800000000005
0.22298800000000005
0.22298800000000005
0.22298800000000005
0.22475200000000015
0.22475200000000015
0.22475200000000015
0.22475200000000015
0.22475200000000015
0.22475200000000015
0.22475200000000015
0.22475200000000015
0.22475200000000015
0.22475200000000015
0.22475200000000015
0.22475200000000015
0.22475200000000015
0.22475200000000015
0.22475200000000015
0.22475200000000015
0.22475200000000015
0.22475200000000015
0.22475200000000015
0.22475200000000015
0.22475200000000015
0.22475200000000015
0.22475200000000015
0.22627600000000017
0.22627600000000017
0.22627600000000017
0.22766399999999998
0.22766399999999998
0.22766399999999998
0.22766399999999998
0.22766399999999998
0.22766399999999998
0.23342000000000013
0.23342000000000013
0.23342000000000013
0.23342000000000013
0.23342000000000013
0.23342000000000013
0.23342000000000013
0.2349800000000003
0.2349800000000003
0.2349800000000003
0.2349800000000003
0.2349800000000003
0.2349800000000003
0.2349800000000003
0.2354880000000002
0.2354880000000002
0.2354880000000002
0.2354880000000002
0.2354880000000002
0.2354880000000002
0.2354880000000002
0.2354880000000002
0.2354880000000002
0.2363280000000002
0.2363280000000002
0.2363280000000002
0.2363280000000002
0.2363280000000002
0.2363280000000002
0.2363280000000002
0.2363280000000002
0.2363280000000002
0.2363280000000002
0.2363280000000002
0.2363280000000002
0.23764800000000014
0.23764800000000014
0.23764800000000014
0.24324400000000004
0.24324400000000004
0.24324400000000004
0.24324400000000004
0.24324400000000004
0.24324400000000004
0.24324400000000004
0.24324400000000004
0.24324400000000004
0.24324400000000004
0.24324400000000004
0.24324400000000004
0.24553600000000012
0.24553600000000012
0.24553600000000012
0.24553600000000012
0.24553600000000012
0.24553600000000012
0.24553600000000012
0.24553600000000012
0.24553600000000012
0.24553600000000012
0.24904400000000024
0.24904400000000024
0.24904400000000024
0.24904400000000024
0.24904400000000024
0.24904400000000024
0.24904400000000024
0.24904400000000024
0.24904400000000024
0.24904400000000024
0.24904400000000024
0.24904400000000024
0.24904400000000024
0.24984800000000018
0.24984800000000018
0.24984800000000018
0.24984800000000018
0.2511160000000002
0.2511160000000002
0.2511160000000002
0.2511160000000002
0.2511160000000002
0.2511160000000002
0.2511160000000002
0.2511160000000002
0.2511160000000002
0.2511160000000002
0.2511160000000002
0.2511160000000002
0.2522560000000002
0.2522560000000002
0.2522560000000002
0.2522560000000002
0.2522560000000002
0.2522560000000002
0.2522560000000002
0.2522560000000002
0.25281200000000037
0.2537800000000003
0.2537800000000003
0.2537800000000003
0.2537800000000003
0.2537800000000003
0.2537800000000003
0.2537800000000003
0.2537800000000003
0.2551440000000002
0.2551440000000002
0.25889999999999996
0.25889999999999996
0.25889999999999996
0.25889999999999996
0.25889999999999996
0.25889999999999996
0.25889999999999996
0.25889999999999996
0.25889999999999996
0.25889999999999996
0.2589680000000003
0.2589680000000003
0.2589680000000003
0.2589680000000003
0.2589680000000003
0.2589680000000003
0.2589680000000003
0.2589680000000003
0.2589680000000003
0.2589680000000003
0.2589680000000003
0.2589680000000003
0.2589680000000003
0.2589680000000003
0.2589680000000003
0.2589680000000003
0.2589680000000003
0.25964400000000026
0.25964400000000026
0.25964400000000026
0.25964400000000026
0.2608320000000002
0.2608320000000002
0.2608320000000002
0.2608320000000002
0.2608320000000002
0.2608320000000002
0.2608320000000002
0.2608320000000002
0.2608320000000002
0.2608320000000002
0.2608320000000002
0.2608320000000002
0.2608320000000002
0.2608320000000002
0.2608320000000002
0.2608320000000002
0.2608320000000002
0.2608320000000002
0.2608320000000002
0.2608320000000002
0.2608320000000002
0.2618840000000002
0.2618840000000002
0.2618840000000002
0.2618840000000002
0.2618840000000002
0.2618840000000002
0.2618840000000002
0.2618840000000002
0.2618840000000002
0.2618840000000002
0.2618840000000002
0.2618840000000002
0.2618840000000002
0.2618840000000002
0.2618840000000002
0.2618840000000002
0.2618840000000002
0.2618840000000002
0.2618840000000002
0.2618840000000002
0.2618840000000002
0.2618840000000002
0.2618840000000002
0.2618840000000002
0.2618840000000002
0.2618840000000002
0.2618840000000002
0.2618840000000002
0.2618840000000002
0.2618840000000002
0.2618840000000002
0.2618840000000002
0.2618840000000002
0.2618840000000002
0.2618840000000002
0.2618840000000002
0.2618840000000002
0.2618840000000002
0.2618840000000002
0.2618840000000002
0.2618840000000002
0.2618840000000002
0.2618840000000002
0.2618840000000002
0.2618840000000002
0.2618840000000002
0.2618840000000002
0.2618840000000002
0.2618840000000002
0.2618840000000002
0.2618840000000002
0.2618840000000002
0.2618840000000002
0.2618840000000002
0.2618840000000002
0.2618840000000002
0.2618840000000002
0.2618840000000002
0.2618840000000002
0.2618840000000002
0.2618840000000002
0.2618840000000002
0.2618840000000002
0.2618840000000002
0.2618840000000002
0.2618840000000002
0.2618840000000002
0.2618840000000002
0.2618840000000002
0.2618840000000002
0.2618840000000002
0.2618840000000002
0.2618840000000002
0.2618840000000002
0.2618840000000002
0.2618840000000002
0.2618840000000002
0.2618840000000002
0.26806800000000025
0.26806800000000025
0.26806800000000025
0.26806800000000025
0.26806800000000025
0.26806800000000025
0.26806800000000025
0.26806800000000025
0.26806800000000025
0.26806800000000025
0.26806800000000025
0.26806800000000025
0.26806800000000025
0.26806800000000025
0.26806800000000025
0.26806800000000025
0.26806800000000025
0.26806800000000025
0.26806800000000025
0.26806800000000025
0.26806800000000025
0.26806800000000025
0.26806800000000025
0.26806800000000025
0.26806800000000025
0.26806800000000025
0.26806800000000025
0.26806800000000025
0.26806800000000025
0.26806800000000025
0.26806800000000025
0.26806800000000025
0.26806800000000025
0.26806800000000025
0.26806800000000025
0.26806800000000025
0.26806800000000025
0.26806800000000025
0.26806800000000025
0.26806800000000025
0.26806800000000025
0.26806800000000025
0.26806800000000025
0.26806800000000025
0.26806800000000025
0.26806800000000025
0.26806800000000025
0.26806800000000025
0.26806800000000025
0.26806800000000025
0.26806800000000025
0.26806800000000025
0.26806800000000025
0.26806800000000025
0.26806800000000025
0.26806800000000025
0.26806800000000025
0.2706400000000001
0.2706400000000001
0.2706400000000001
0.2706400000000001
0.2706400000000001
0.2706400000000001
0.27204800000000023
0.27204800000000023
0.27204800000000023
0.2748560000000002
0.2748560000000002
0.2748560000000002
0.2748560000000002
0.2748560000000002
0.2748560000000002
0.2748560000000002
0.2748560000000002
0.2748560000000002
0.2748560000000002
0.2748560000000002
0.2748560000000002
0.2748560000000002
0.2748560000000002
0.2748560000000002
0.2748560000000002
0.2748560000000002
0.2748560000000002
0.2748560000000002
0.2748560000000002
0.2748560000000002
0.2748560000000002
0.2748560000000002
0.2748560000000002
0.2748560000000002
0.2748560000000002
0.2748560000000002
0.2748560000000002
0.2748560000000002
0.2748560000000002
0.2748560000000002
0.2748560000000002
0.2748560000000002
0.2748560000000002
0.2748560000000002
0.2748560000000002
0.2748560000000002
0.2748560000000002
0.2748560000000002
0.2748560000000002
0.2748560000000002
0.2748560000000002
0.2748560000000002
0.2748560000000002
0.2748560000000002
0.2748560000000002
0.2748560000000002
0.2748560000000002
0.2748560000000002
0.2748560000000002
0.2748560000000002
0.2748560000000002
0.2748560000000002
0.2748560000000002
0.2748560000000002
0.2748560000000002
0.2748560000000002
0.2748560000000002
0.2748560000000002
0.2748560000000002
0.2748560000000002
0.2748560000000002
0.2748560000000002
0.2748560000000002
0.2748560000000002
0.2748560000000002
0.2748560000000002
0.2748560000000002
0.2748560000000002
0.2748560000000002
0.2748560000000002
0.2748560000000002
0.2748560000000002
0.2748560000000002
0.2748560000000002
0.2748560000000002
0.2748560000000002
0.2748560000000002
0.2748560000000002
0.2748560000000002
0.2748560000000002
0.2748560000000002
0.2748560000000002
0.2748560000000002
0.2748560000000002
0.2748560000000002
0.2748560000000002
0.2748560000000002
0.2748560000000002
0.2748560000000002
0.2748560000000002
0.2748560000000002
0.2748560000000002
0.2748560000000002
0.2748560000000002
0.2748560000000002
0.2748560000000002
0.2748560000000002
0.2748560000000002
0.2748560000000002
0.2748560000000002
0.2748560000000002
0.2748560000000002
0.2748560000000002
0.2748560000000002
0.2748560000000002
0.2748560000000002
0.2748560000000002
0.2748560000000002
0.2748560000000002
0.2748560000000002
0.2748560000000002
0.2748560000000002
0.2759440000000001
0.2759440000000001
0.2759440000000001
0.2759440000000001
0.2759440000000001
0.2759440000000001
0.2759440000000001
0.2759440000000001
0.2759440000000001
0.2759440000000001
0.2759440000000001
0.2759440000000001
0.2759440000000001
0.2759440000000001
0.2759440000000001
0.2759440000000001
0.2759440000000001
0.2759440000000001
0.2759440000000001
0.2759440000000001
0.2759440000000001
0.2759440000000001
0.2759440000000001
0.2759440000000001
0.2759440000000001
0.2759440000000001
0.2759440000000001
0.2759440000000001
0.2759440000000001
0.27604400000000034
0.27604400000000034
0.27604400000000034
0.2772240000000003
0.2772240000000003
0.27723200000000037
0.27723200000000037
0.27723200000000037
0.27723200000000037
0.27723200000000037
0.27723200000000037
0.27723200000000037
0.27723200000000037
0.27723200000000037
0.27723200000000037
0.28092400000000023
0.28092400000000023
0.28092400000000023
0.28092400000000023
0.28092400000000023
0.28092400000000023
0.28092400000000023
0.28092400000000023
0.28092400000000023
0.28092400000000023
0.28092400000000023
0.28092400000000023
0.28092400000000023
0.28092400000000023
0.28092400000000023
0.28092400000000023
0.28092400000000023
0.28092400000000023
0.28092400000000023
0.28092400000000023
0.28092400000000023
0.28092400000000023
0.28092400000000023
0.28092400000000023
0.28092400000000023
0.28092400000000023
0.28092400000000023
0.28092400000000023
0.28092400000000023
0.28092400000000023
0.28092400000000023
0.28092400000000023
0.28092400000000023
0.28092400000000023
0.28092400000000023
0.28092400000000023
0.28092400000000023
0.28092400000000023
0.28092400000000023
0.28092400000000023
0.2829600000000001
0.2829600000000001
0.2829600000000001
0.2829600000000001
0.2829600000000001
0.2829600000000001
0.2829600000000001
0.2829600000000001
0.2829600000000001
0.2829600000000001
0.2829600000000001
0.2829600000000001
0.2829600000000001
0.2829600000000001
0.2829600000000001
0.2829600000000001
0.2829600000000001
0.2829600000000001
0.2829600000000001
0.2829600000000001
0.2829600000000001
0.2829600000000001
0.2829600000000001
0.2829600000000001
0.2829600000000001
0.2829600000000001
0.2829600000000001
0.2829600000000001
0.2829600000000001
0.2829600000000001
0.2829600000000001
0.2829600000000001
0.2829600000000001
0.2829600000000001
0.2829600000000001
0.2829600000000001
0.2829600000000001
0.2829600000000001
0.2829600000000001
0.2829600000000001
0.2829600000000001
0.2829600000000001
0.2829600000000001
0.2829600000000001
0.2829600000000001
0.2829600000000001
0.2829600000000001
0.2829600000000001
0.2829600000000001
0.2829600000000001
0.2829600000000001
0.2829600000000001
0.2829600000000001
0.2829600000000001
0.2829600000000001
0.2829600000000001
0.2829600000000001
0.2829600000000001
0.2829600000000001
0.2829600000000001
0.2829600000000001
0.2829600000000001
0.2829600000000001
0.2829600000000001
0.2829600000000001
0.2842120000000003
0.2842120000000003
0.2842120000000003
0.2842120000000003
0.2842120000000003
0.2842120000000003
0.2842120000000003
0.28484
0.28484
0.28484
0.28484
0.28484
0.28484
0.28484
0.28484
0.28484
0.28484
0.28484
0.28484
0.28484
0.28484
0.28484
0.28484
0.28484
0.28484
0.28484
0.28484
0.28484
0.28484
0.28484
0.28484
0.28484
0.28484
0.28484
0.28484
0.28484
0.28484
0.28484
0.28484
0.28484
0.28484
0.28484
0.28484
0.28484
0.28484
0.28484
0.28484
0.28484
0.28484
0.28780400000000034
0.28780400000000034
0.28780400000000034
0.28780400000000034
0.28780400000000034
0.28780400000000034
0.28780400000000034
0.28780400000000034
0.28780400000000034
0.28780400000000034
0.28780400000000034
0.28780400000000034
0.28780400000000034
0.28780400000000034
0.28780400000000034
0.28780400000000034
0.28780400000000034
0.28780400000000034
0.28780400000000034
0.28780400000000034
0.28780400000000034
0.28780400000000034
0.28780400000000034
0.28780400000000034
0.28780400000000034
0.28780400000000034
0.28780400000000034
0.28780400000000034
0.28780400000000034
0.28780400000000034
0.28780400000000034
0.28780400000000034
0.28780400000000034
0.28780400000000034
0.28780400000000034
0.28780400000000034
0.28780400000000034
0.288152
0.288152
0.288152
0.288152
0.28821200000000025
0.28821200000000025
0.28821200000000025
0.28821200000000025
0.28821200000000025
0.28821200000000025
0.28821200000000025
0.2889999999999999
0.2889999999999999
0.2889999999999999
0.2889999999999999
0.2889999999999999
0.2889999999999999
0.2889999999999999
0.2889999999999999
0.2889999999999999
0.2889999999999999
0.2889999999999999
0.2889999999999999
0.2889999999999999
0.2889999999999999
0.2889999999999999
0.2889999999999999
0.2889999999999999
0.2889999999999999
0.2889999999999999
0.2889999999999999
0.2891440000000001
0.2891440000000001
0.2891440000000001
0.2891440000000001
0.2891440000000001
0.2891440000000001
0.294728
0.294728
0.294728
0.294728
0.294728
0.294728
0.294728
0.294728
0.294728
0.294728
0.294728
0.294728
0.29596400000000006
0.29596400000000006
0.29596400000000006
0.29596400000000006
0.29596400000000006
0.29596400000000006
0.29596400000000006
0.29596400000000006
0.29596400000000006
0.298732
0.298732
0.298732
0.298732
0.298732
0.298732
0.298732
0.298732
0.298732
0.298732
0.298732
0.298732
0.298732
0.298732
0.298732
0.298732
0.298732
0.298732
0.298732
0.298732
0.298732
0.298732
0.298732
0.298732
0.298732
0.298732
0.298732
0.298732
0.298732
0.298732
0.298732
0.298732
0.298732
0.298732
0.298732
0.298732
0.298732
0.298732
0.298732
0.298732
0.298732
0.298732
0.298732
0.298732
0.298732
0.298732
0.30027199999999993
0.30027199999999993
0.30027199999999993
0.30027199999999993
0.30027199999999993
0.30027199999999993
0.30027199999999993
0.30027199999999993
0.30027199999999993
0.30027199999999993
0.30027199999999993
0.30027199999999993
0.30079599999999984
0.30079599999999984
0.30079599999999984
0.30079599999999984
0.30079599999999984
0.30079599999999984
0.30079599999999984
0.30079599999999984
0.30079599999999984
0.30079599999999984
0.30079599999999984
0.30079599999999984
0.30079599999999984
0.30079599999999984
0.30079599999999984
0.30079599999999984
0.3026559999999997
0.3026559999999997
0.3026559999999997
0.3074319999999999
0.3074319999999999
0.3074319999999999
0.3074319999999999
0.3074319999999999
0.3074319999999999
0.3074319999999999
0.3074319999999999
0.3074319999999999
0.3074319999999999
0.3074319999999999
0.3074319999999999
0.3074319999999999
0.3074319999999999
0.3074319999999999
0.3074319999999999
0.3074319999999999
0.3074319999999999
0.3074319999999999
0.3074319999999999
0.3074319999999999
0.3074319999999999
0.3074319999999999
0.30795599999999973
0.30795599999999973
0.30795599999999973
0.30795599999999973
0.30795599999999973
0.30795599999999973
0.30795599999999973
0.30795599999999973
0.30795599999999973
0.30795599999999973
0.30795599999999973
0.30795599999999973
0.30795599999999973
0.30795599999999973
0.30795599999999973
0.30795599999999973
0.30795599999999973
0.30795599999999973
0.30795599999999973
0.30795599999999973
0.30795599999999973
0.30795599999999973
0.30795599999999973
0.30795599999999973
0.30795599999999973
0.30795599999999973
0.30795599999999973
0.30795599999999973
0.30795599999999973
0.30795599999999973
0.30795599999999973
0.30795599999999973
0.30795599999999973
0.30795599999999973
0.30795599999999973
0.30795599999999973
0.30795599999999973
0.30795599999999973
0.30795599999999973
0.30795599999999973
0.30795599999999973
0.30795599999999973
0.30795599999999973
0.3085759999999999
0.3085759999999999
0.3085759999999999
0.3085759999999999
0.3085759999999999
0.3085759999999999
0.3085759999999999
0.3085759999999999
0.3085759999999999
0.3085759999999999
0.3085759999999999
0.309404
0.309404
0.309404
0.309404
0.309404
0.309404
0.309404
0.309404
0.309404
0.309404
0.309404
0.309404
0.309404
0.3101439999999997
0.3101439999999997
0.3101439999999997
0.3102439999999997
0.3102439999999997
0.3119879999999998
0.3119879999999998
0.3119879999999998
0.3119879999999998
0.3119879999999998
0.3119879999999998
0.3119879999999998
0.3119879999999998
0.3119879999999998
0.3119879999999998
0.3119879999999998
0.3119879999999998
0.3119879999999998
0.3119879999999998
0.3119879999999998
0.3119879999999998
0.3119879999999998
0.31361999999999973
0.31361999999999973
0.31361999999999973
0.31361999999999973
0.31361999999999973
0.31361999999999973
0.31361999999999973
0.31361999999999973
0.31361999999999973
0.31361999999999973
0.31361999999999973
0.31361999999999973
0.31361999999999973
0.3146519999999999
0.3146519999999999
0.3146519999999999
0.3146519999999999
0.3146519999999999
0.3146519999999999
0.3146519999999999
0.3159319999999997
0.3159319999999997
0.3159319999999997
0.3159319999999997
0.3159319999999997
0.3159319999999997
0.3159319999999997
0.3159319999999997
0.3159319999999997
0.3159319999999997
0.3159319999999997
0.3159319999999997
0.3159319999999997
0.3159319999999997
0.3159319999999997
0.3159319999999997
0.3159319999999997
0.3159319999999997
0.3159319999999997
0.3159319999999997
0.3159319999999997
0.3159319999999997
0.3159319999999997
0.3159319999999997
0.3159319999999997
0.3159319999999997
0.3159319999999997
0.31671599999999983
0.31671599999999983
0.31671599999999983
0.31671599999999983
0.31671599999999983
0.31671599999999983
0.31671599999999983
0.31671599999999983
0.31671599999999983
0.31671599999999983
0.31671599999999983
0.31671599999999983
0.31671599999999983
0.31671599999999983
0.321572
0.321572
0.321572
0.321572
0.321572
0.321572
0.321572
0.321572
0.321572
0.321572
0.321572
0.321572
0.321572
0.321572
0.321572
0.321572
0.321572
0.321572
0.321572
0.321572
0.321572
0.321572
0.321572
0.3259119999999995
0.3259119999999995
0.3259119999999995
0.3259119999999995
0.3259119999999995
0.3259119999999995
0.3259119999999995
0.3259119999999995
0.3259119999999995
0.3259119999999995
0.3259119999999995
0.3259119999999995
0.3259119999999995
0.3259119999999995
0.3259119999999995
0.3259119999999995
0.3259119999999995
0.3259119999999995
0.3259119999999995
0.3259119999999995
0.3259119999999995
0.3259119999999995
0.3259119999999995
0.3259119999999995
0.3259119999999995
0.3259119999999995
0.3259119999999995
0.3259119999999995
0.3259119999999995
0.3259119999999995
0.3259119999999995
0.3259119999999995
0.3259119999999995
0.3259119999999995
0.3259119999999995
0.3259119999999995
0.3259119999999995
0.3259119999999995
0.3259119999999995
0.3259119999999995
0.3259119999999995
0.3259119999999995
0.3259119999999995
0.3259119999999995
0.3259119999999995
0.3259119999999995
0.3259119999999995
0.3259119999999995
0.3259119999999995
0.3259119999999995
0.3259119999999995
0.3259119999999995
0.3259119999999995
0.3259119999999995
0.3259119999999995
0.3259119999999995
0.3285319999999995
0.3285319999999995
0.3285319999999995
0.3285319999999995
0.3285319999999995
0.3285319999999995
0.33577999999999963
0.33577999999999963
0.33577999999999963
0.33577999999999963
0.33577999999999963
0.33577999999999963
0.33577999999999963
0.33577999999999963
0.33577999999999963
0.33577999999999963
0.33577999999999963
0.33577999999999963
0.33577999999999963
0.33577999999999963
0.33577999999999963
0.33577999999999963
0.33577999999999963
0.33577999999999963
0.33577999999999963
0.33577999999999963
0.33577999999999963
0.33577999999999963
0.33577999999999963
0.33577999999999963
0.33577999999999963
0.33577999999999963
0.33577999999999963
0.33577999999999963
0.33577999999999963
0.33577999999999963
0.33577999999999963
0.33577999999999963
0.33577999999999963
0.33577999999999963
0.33577999999999963
0.33577999999999963
0.33577999999999963
0.33577999999999963
0.33577999999999963
0.33577999999999963
0.33577999999999963
0.33577999999999963
0.33577999999999963
0.33577999999999963
0.33577999999999963
0.33577999999999963
0.33577999999999963
0.33577999999999963
0.33577999999999963
0.33577999999999963
0.33577999999999963
0.33577999999999963
0.33577999999999963
0.33577999999999963
0.33577999999999963
0.33577999999999963
0.33577999999999963
0.33577999999999963
0.33577999999999963
0.33577999999999963
0.33577999999999963
0.33577999999999963
0.33577999999999963
0.33577999999999963
0.33577999999999963
0.33577999999999963
0.33577999999999963
0.33577999999999963
0.33577999999999963
0.33577999999999963
0.3384439999999994
0.3384439999999994
0.3384439999999994
0.3384439999999994
0.3384439999999994
0.3384439999999994
0.3384439999999994
0.3384439999999994
0.3384439999999994
0.3384439999999994
0.3384439999999994
0.3384439999999994
0.3384439999999994
0.3384439999999994
0.3384439999999994
0.3384439999999994
0.3384439999999994
0.3384439999999994
0.3384439999999994
0.3384439999999994
0.3384439999999994
0.3384439999999994
0.3384439999999994
0.3384439999999994
0.3384439999999994
0.3384439999999994
0.3384439999999994
0.3384439999999994
0.3384439999999994
0.3384439999999994
0.3384439999999994
0.3384439999999994
0.3384439999999994
0.3384439999999994
0.3384439999999994
0.3384439999999994
0.3384439999999994
0.3384439999999994
0.3384439999999994
0.3384439999999994
0.3384439999999994
0.3384439999999994
0.3384439999999994
0.33979999999999955
0.33979999999999955
0.33979999999999955
0.33979999999999955
0.33979999999999955
0.33979999999999955
0.33979999999999955
0.33979999999999955
0.33979999999999955
0.33979999999999955
0.33979999999999955
0.33979999999999955
0.33979999999999955
0.33979999999999955
0.33979999999999955
0.33979999999999955
0.33979999999999955
0.33979999999999955
0.33979999999999955
0.33979999999999955
0.33979999999999955
0.33979999999999955
0.33979999999999955
0.33979999999999955
0.33979999999999955
0.33979999999999955
0.33979999999999955
0.33979999999999955
0.33979999999999955
0.33979999999999955
0.33979999999999955
0.33979999999999955
0.33979999999999955
0.33979999999999955
0.33979999999999955
0.33979999999999955
0.33979999999999955
0.33979999999999955
0.33979999999999955
0.33979999999999955
0.33979999999999955
0.33979999999999955
0.33979999999999955
0.33979999999999955
0.33979999999999955
0.33979999999999955
0.33979999999999955
0.33979999999999955
0.33979999999999955
0.33979999999999955
0.33979999999999955
0.33979999999999955
0.33979999999999955
0.33979999999999955
0.33979999999999955
0.33979999999999955
0.33979999999999955
0.33979999999999955
0.33979999999999955
0.33979999999999955
0.33979999999999955
0.33979999999999955
0.33979999999999955
0.33979999999999955
0.33979999999999955
0.33979999999999955
0.33979999999999955
0.33979999999999955
0.33979999999999955
0.33979999999999955
0.33979999999999955
0.33979999999999955
0.33979999999999955
0.33979999999999955
0.33979999999999955
0.3429719999999997
0.3429719999999997
0.3429719999999997
0.3429719999999997
0.3429719999999997
0.3429719999999997
0.3429719999999997
0.3429719999999997
0.3429719999999997
0.3429719999999997
0.3429719999999997
0.3429719999999997
0.3429719999999997
0.3429719999999997
0.3429719999999997
0.3429719999999997
0.3429719999999997
0.3429719999999997
0.3429719999999997
0.3429719999999997
0.3429719999999997
0.3429719999999997
0.3429719999999997
0.3429719999999997
0.3429719999999997
0.3429719999999997
0.3429719999999997
0.3429719999999997
0.3429719999999997
0.3429719999999997
0.3429719999999997
0.3429719999999997
0.3429719999999997
0.3429719999999997
0.3429719999999997
0.3429719999999997
0.3429719999999997
0.3429719999999997
0.3429719999999997
0.3429719999999997
0.3429719999999997
0.3429719999999997
0.3429719999999997
0.3429719999999997
0.3429719999999997
0.3429719999999997
0.3429719999999997
0.3429719999999997
0.3429719999999997
0.3429719999999997
0.3429719999999997
0.3429719999999997
0.3429719999999997
0.3429719999999997
0.3429719999999997
0.3429719999999997
0.3429719999999997
0.3429719999999997
0.3429719999999997
0.3429719999999997
0.3429719999999997
0.3429719999999997
0.3429719999999997
0.3429719999999997
0.3429719999999997
0.3429719999999997
0.3429719999999997
0.3429719999999997
0.3429719999999997
0.3429719999999997
0.3429719999999997
0.3429719999999997
0.3429719999999997
0.3429719999999997
0.3429719999999997
0.3429719999999997
0.3429719999999997
0.3429719999999997
0.3429719999999997
0.3429719999999997
0.3429719999999997
0.3429719999999997
0.3429719999999997
0.3429719999999997
0.3429719999999997
0.3429719999999997
0.3429719999999997
0.3429719999999997
0.3429719999999997
0.3429719999999997
0.3429719999999997
0.3429719999999997
0.3429719999999997
0.3429719999999997
0.3429719999999997
0.3429719999999997
0.3429719999999997
0.3429719999999997
0.3429719999999997
0.3429719999999997
0.3429719999999997
0.3429719999999997
0.3429719999999997
0.3429719999999997
0.3429719999999997
0.34497999999999956
0.34497999999999956
0.34497999999999956
0.34497999999999956
0.34497999999999956
0.34497999999999956
0.34497999999999956
0.34497999999999956
0.34497999999999956
0.34497999999999956
0.34497999999999956
0.34497999999999956
0.35017599999999954
0.35017599999999954
0.35017599999999954
0.35017599999999954
0.35017599999999954
0.35017599999999954
0.35017599999999954
0.35017599999999954
0.35017599999999954
0.35017599999999954
0.35017599999999954
0.35017599999999954
0.35017599999999954
0.35017599999999954
0.35017599999999954
0.35017599999999954
0.35017599999999954
0.35017599999999954
0.35017599999999954
0.35017599999999954
0.35017599999999954
0.35017599999999954
0.35017599999999954
0.35017599999999954
0.35017599999999954
0.35017599999999954
0.35017599999999954
0.35017599999999954
0.35017599999999954
0.35017599999999954
0.35017599999999954
0.35017599999999954
0.35017599999999954
0.35017599999999954
0.35017599999999954
0.35017599999999954
0.35017599999999954
0.35017599999999954
0.35017599999999954
0.35017599999999954
0.35017599999999954
0.35017599999999954
0.35017599999999954
0.35017599999999954
0.35017599999999954
0.35017599999999954
0.35017599999999954
0.35017599999999954
0.35017599999999954
0.35017599999999954
0.35017599999999954
0.35017599999999954
0.35017599999999954
0.35017599999999954
0.35017599999999954
0.35017599999999954
0.35017599999999954
0.35017599999999954
0.35017599999999954
0.35017599999999954
0.35017599999999954
0.35017599999999954
0.35017599999999954
0.35017599999999954
0.35017599999999954
0.35017599999999954
0.35017599999999954
0.35017599999999954
0.35017599999999954
0.35017599999999954
0.35017599999999954
0.35017599999999954
0.35017599999999954
0.35017599999999954
0.35017599999999954
0.35017599999999954
0.35017599999999954
0.35017599999999954
0.35017599999999954
0.35017599999999954
0.35017599999999954
0.35017599999999954
0.35017599999999954
0.35017599999999954
0.35017599999999954
0.35017599999999954
0.35017599999999954
0.35017599999999954
0.35017599999999954
0.35017599999999954
0.35017599999999954
0.35017599999999954
0.35017599999999954
0.35017599999999954
0.35017599999999954
0.35017599999999954
0.35017599999999954
0.35017599999999954
0.35017599999999954
0.35017599999999954
0.35017599999999954
0.35017599999999954
0.35017599999999954
0.35017599999999954
0.35017599999999954
0.35017599999999954
0.35017599999999954
0.35017599999999954
0.35017599999999954
0.35017599999999954
0.35017599999999954
0.35017599999999954
0.35017599999999954
0.35017599999999954
0.35017599999999954
0.35017599999999954
0.35017599999999954
0.35017599999999954
0.35017599999999954
0.35017599999999954
0.35017599999999954
0.35017599999999954
0.35017599999999954
0.35017599999999954
0.35017599999999954
0.35017599999999954
0.35017599999999954
0.35017599999999954
0.35017599999999954
0.35017599999999954
0.35017599999999954
0.35017599999999954
0.35017599999999954
0.35017599999999954
0.35017599999999954
0.35017599999999954
0.35017599999999954
0.35017599999999954
0.35017599999999954
0.35017599999999954
0.35017599999999954
0.35017599999999954
0.35017599999999954
0.35017599999999954
0.35017599999999954
0.35017599999999954
0.35017599999999954
0.35195199999999943
0.35195199999999943
0.35195199999999943
0.35195199999999943
0.35195199999999943
0.35195199999999943
0.35195199999999943
0.35195199999999943
0.35195199999999943
0.35195199999999943
0.35195199999999943
0.35195199999999943
0.35195199999999943
0.35195199999999943
0.35195199999999943
0.35195199999999943
0.35195199999999943
0.35195199999999943
0.35195199999999943
0.35195199999999943
0.35195199999999943
0.35195199999999943
0.35195199999999943
0.35195199999999943
0.35195199999999943
0.3522479999999998
0.3522479999999998
0.3522479999999998
0.3522479999999998
0.3522479999999998
0.3522479999999998
0.3522479999999998
0.3522479999999998
0.3522479999999998
0.3522479999999998
0.3522479999999998
0.3522479999999998
0.3522479999999998
0.3522479999999998
0.3522479999999998
0.3522479999999998
0.3522479999999998
0.3522479999999998
0.3522479999999998
0.3522479999999998
0.3522479999999998
0.3522479999999998
0.3522479999999998
0.3522479999999998
0.3522479999999998
0.3522479999999998
0.3522479999999998
0.3522479999999998
0.3522479999999998
0.3522479999999998
0.3522479999999998
0.3522679999999994
0.3522679999999994
0.3522679999999994
0.3522679999999994
0.3522679999999994
0.3522679999999994
0.3522679999999994
0.3522679999999994
0.3522679999999994
0.3522679999999994
0.3522679999999994
0.3522679999999994
0.3522679999999994
0.3522679999999994
0.3522679999999994
0.3522679999999994
0.3522679999999994
0.3522679999999994
0.3522679999999994
0.3522679999999994
0.3522679999999994
0.3522679999999994
0.3522679999999994
0.3522679999999994
0.3522679999999994
0.3523639999999997
0.3523639999999997
0.3523639999999997
0.3523639999999997
0.3523639999999997
0.3523639999999997
0.3523639999999997
0.35856799999999955
0.35856799999999955
0.35856799999999955
0.35856799999999955
0.35856799999999955
0.35856799999999955
0.35856799999999955
0.35856799999999955
0.35856799999999955
0.35856799999999955
0.35856799999999955
0.35856799999999955
0.35856799999999955
0.35856799999999955
0.35856799999999955
0.35856799999999955
0.35856799999999955
0.35856799999999955
0.35856799999999955
0.35856799999999955
0.35856799999999955
0.35856799999999955
0.35856799999999955
0.35856799999999955
0.35856799999999955
0.35856799999999955
0.35856799999999955
0.35856799999999955
0.35856799999999955
0.35856799999999955
0.35856799999999955
0.35856799999999955
0.35856799999999955
0.35856799999999955
0.3624119999999996
