-0.03504000000000001
-0.017092
0.0011159999999999974
0.007511999999999991
0.011372000000000002
0.018479999999999983
0.023703999999999965
0.029915999999999957
0.03993199999999997
0.03748799999999999
0.046551999999999975
0.04865999999999996
0.04593200000000001
0.04334799999999998
0.047476000000000025
0.051631999999999935
0.06049999999999998
0.063868
0.05293999999999994
0.06420800000000008
0.05451600000000008
0.06726000000000001
0.07009199999999996
0.0732439999999999
0.06587600000000007
0.07936799999999991
0.08028399999999997
0.08593199999999995
0.08186
0.09074799999999994
0.08983600000000004
0.08597199999999992
0.08994400000000002
0.09063599999999994
0.09647599999999992
0.09564399999999995
0.0938439999999999
0.09000399999999985
0.10777599999999986
0.10361599999999987
0.10348799999999991
0.1036679999999999
0.10917999999999997
0.11162799999999991
0.10869999999999987
0.10628799999999992
0.11067599999999991
0.11822399999999988
0.11384000000000001
0.11671199999999986
0.10232799999999996
0.11581599999999995
0.11644399999999987
0.12071199999999985
0.11947999999999995
0.11713999999999992
0.1202079999999999
0.11606799999999978
0.12342799999999979
0.1279199999999999
0.12066399999999987
0.12356799999999983
0.12550799999999995
0.12565599999999988
0.12392399999999998
0.13237999999999997
0.12724399999999986
0.12801599999999985
0.128372
0.12571999999999983
0.12781999999999993
0.13082000000000002
0.1323279999999999
0.1275159999999999
0.13117199999999996
0.13357199999999997
0.13056399999999993
0.1341359999999999
0.13479199999999994
0.12399999999999985
0.12353999999999997
0.13287599999999997
0.12620399999999982
0.13410799999999992
0.13282399999999994
0.13622799999999985
0.13816400000000006
0.13701599999999994
0.142932
0.14116399999999993
0.14052
0.14684399999999997
0.14637600000000003
0.146616
0.144848
0.1465640000000001
0.14024800000000004
0.13733599999999993
0.14092800000000005
0.14352800000000002
0.14283600000000002
0.15043599999999996
0.14818800000000001
0.15052800000000002
0.14677999999999994
0.152828
0.14988400000000007
0.15092399999999997
0.14432399999999992
0.15236400000000003
0.15126
0.15392400000000003
0.15122
0.15435600000000005
0.15118399999999999
0.15453200000000014
0.15287599999999976
0.15663200000000008
0.15731599999999998
0.15598
0.15306800000000004
0.15380399999999994
0.15411999999999995
0.1585159999999999
0.15496000000000001
0.15238400000000013
0.16399599999999992
0.1567319999999999
0.1572999999999999
0.16043999999999978
0.15636000000000014
0.14678
0.16317200000000004
0.16581199999999993
0.16209999999999997
0.1692559999999999
0.16415200000000008
0.16501999999999983
0.16658800000000018
0.16615599999999994
0.16513999999999998
0.15798400000000004
0.16534799999999986
0.16303999999999996
0.16537199999999994
0.1630919999999999
0.16285199999999989
0.16188399999999992
0.16443199999999994
0.16362799999999994
0.16152399999999995
0.16391599999999984
0.1637720000000001
0.16167200000000004
0.15969999999999995
0.16555599999999998
0.16506799999999988
0.16719199999999995
0.17001599999999992
0.1641159999999999
0.16462800000000002
0.16728399999999985
0.16585199999999992
0.15764399999999995
0.1632799999999999
0.16695600000000008
0.16795999999999986
0.1707959999999999
0.17071599999999992
0.16723999999999986
0.15919199999999992
0.1630719999999999
0.1700759999999998
0.16681999999999986
0.1690639999999999
0.16507999999999995
0.17699200000000004
0.16888799999999995
0.17504399999999995
0.17060799999999998
0.173648
0.17406400000000002
0.1699279999999999
0.17143599999999987
0.17024799999999982
0.17161999999999997
0.1741679999999999
0.17372399999999996
0.17226399999999986
0.17385199999999992
0.17629999999999987
0.17373600000000008
0.17194799999999988
0.1786519999999999
0.17793199999999987
0.17522799999999983
0.17590399999999995
0.17184800000000006
0.17789199999999986
0.17211999999999988
0.1776799999999999
0.15981999999999988
0.1768959999999999
0.181836
0.17237199999999997
0.18296399999999993
0.17723999999999995
0.17551599999999984
0.17757199999999998
0.17555599999999996
0.1751799999999998
0.18144799999999991
0.18013199999999985
0.18290399999999998
0.18221599999999993
0.183568
0.18223199999999992
0.1848559999999999
0.1855359999999998
0.18331199999999978
0.1792199999999999
0.18802
0.1839799999999999
0.18296399999999988
0.17747199999999996
0.18343999999999994
0.18012799999999993
0.17707199999999984
0.1762399999999999
0.17952399999999996
0.18572399999999975
0.183624
0.180312
0.18061999999999995
0.18293599999999988
0.185664
0.18774000000000007
0.18314399999999995
0.18384799999999976
0.18152400000000007
0.18624399999999977
0.18541599999999991
0.1878559999999998
0.18642400000000012
0.18146
0.18456000000000014
0.17372400000000002
0.1876439999999998
0.18794399999999997
0.19009599999999993
0.18364799999999987
0.18536799999999995
0.18146799999999988
0.18557999999999983
0.18765199999999999
0.18801199999999998
0.18073199999999984
0.19239599999999996
0.18444799999999983
0.18375599999999995
0.18834799999999996
0.19322799999999993
0.185356
0.19197199999999998
0.18513999999999983
0.19119600000000006
0.195648
0.19125999999999999
0.18686799999999992
0.18297599999999997
0.18885999999999983
0.196348
0.18752399999999983
0.19083599999999998
0.1903199999999999
0.19468
0.19810799999999992
0.19342000000000004
0.19448400000000007
0.19416400000000003
0.19945600000000005
0.19074800000000006
0.19666399999999992
0.19704400000000008
0.194864
0.19141999999999995
0.1959999999999999
0.19524800000000003
0.19045199999999995
0.201364
0.19930799999999982
0.19949199999999984
0.1947039999999999
0.20309600000000005
0.20201999999999995
0.19095199999999996
0.20064799999999985
0.20573999999999984
0.20115599999999978
0.199592
0.19757599999999984
0.20399200000000003
0.20143200000000003
0.2002919999999998
0.20163199999999995
0.20087200000000002
0.20400000000000001
0.2021159999999999
0.2068680000000001
0.19995600000000008
0.2052959999999998
0.204784
0.20007600000000003
0.20444799999999996
0.19835599999999987
0.20631600000000008
0.20479199999999992
0.2048440000000001
0.19941599999999987
0.20513599999999987
0.19798000000000002
0.20546399999999998
0.20044400000000004
0.204144
0.20838000000000015
0.20695600000000008
0.207184
0.20157599999999992
0.206116
0.2029439999999999
0.20895999999999987
0.207812
0.19998399999999994
0.21082400000000012
0.20623599999999986
0.21028400000000025
0.205052
0.20656799999999997
0.20443599999999998
0.2072999999999999
0.2120639999999999
0.21376799999999999
0.20456799999999986
0.2115400000000001
0.21274799999999996
0.20464799999999977
0.21053599999999992
0.21205200000000013
0.19962399999999997
0.21339199999999986
0.21257200000000007
0.21253200000000017
0.21426800000000004
0.203544
0.2129639999999999
0.21054800000000018
0.21005999999999986
0.21137199999999992
0.2055759999999999
0.20991599999999994
0.20880800000000005
0.21036800000000003
0.21254399999999996
0.21414
0.216144
0.21100400000000005
0.20904399999999995
0.208912
0.21271200000000004
0.21419199999999988
0.21043199999999998
0.21673600000000015
0.21353200000000003
0.2132599999999999
0.20994400000000013
0.21240000000000014
0.21424400000000002
0.21973600000000007
0.20569999999999997
0.20810000000000003
0.21555599999999991
0.20693999999999987
0.21004
0.21346800000000007
0.2131000000000001
0.20879600000000015
0.21256000000000014
0.21352400000000016
0.21606399999999995
0.20924799999999996
0.21336400000000008
0.211448
0.21304799999999996
0.216572
0.21464400000000008
0.2168360000000001
0.216052
0.21282000000000004
0.2190480000000002
0.22054400000000005
0.2175520000000002
0.2162559999999998
0.20872000000000002
0.20965999999999996
0.21936400000000017
0.21390399999999998
0.21857599999999996
0.21583200000000005
0.21888799999999992
0.21848000000000006
0.21743199999999985
0.2196400000000001
0.21777199999999994
0.21893200000000015
0.218236
0.21601600000000026
0.2116720000000001
0.2179319999999998
0.21602400000000002
0.212952
0.21330400000000008
0.21753200000000006
0.21815599999999996
0.21823200000000006
0.21881199999999995
0.21920399999999995
0.21291600000000016
0.21691200000000013
0.21484000000000006
0.21812799999999996
0.21941200000000013
0.2183079999999998
0.22274799999999992
0.21304399999999996
0.220764
0.21538400000000005
0.21816400000000008
0.21894799999999995
0.2148599999999999
0.21524800000000013
0.22075600000000012
0.21662800000000007
0.209684
0.22068399999999996
0.21870799999999982
0.2189160000000001
0.21968000000000007
0.21663199999999988
0.2197360000000001
0.22236000000000009
0.21529200000000015
0.2154920000000001
0.22165599999999994
0.22097999999999998
0.22040800000000021
0.22035600000000005
0.2141280000000002
0.21725200000000008
0.2214559999999999
0.22622000000000017
0.21986000000000008
0.2211520000000001
0.22165600000000005
0.21343200000000007
0.21982000000000013
0.2241720000000002
0.22274800000000006
0.22080000000000027
0.2195
0.21708800000000006
0.220108
0.2195439999999999
0.21483200000000002
0.22445599999999985
0.22388000000000016
0.2198800000000001
0.2269280000000002
0.21476399999999998
0.22277200000000016
0.21938800000000006
0.21752799999999997
0.21518000000000007
0.2145320000000002
0.2192999999999999
0.22507199999999986
0.21999200000000005
0.21722799999999992
0.22091999999999998
0.2232
0.21618400000000007
0.22421600000000017
0.22551600000000022
0.22262400000000002
0.22581199999999998
0.21964800000000015
0.2273600000000001
0.21755600000000008
0.2246839999999999
0.22083200000000006
0.222948
0.21967999999999993
0.2246840000000002
0.22361600000000012
0.2221680000000001
0.2210480000000002
0.22726000000000013
0.22548000000000007
0.22347599999999998
0.22142000000000012
0.22278800000000015
0.22497599999999998
0.22557199999999994
0.21345200000000003
0.22014800000000015
0.21873200000000012
0.22606399999999993
0.210772
0.22566400000000023
0.2254840000000001
0.22297600000000004
0.220804
0.2238639999999999
0.2197920000000001
0.22231200000000004
0.2223680000000002
0.2225400000000001
0.22484400000000024
0.223584
0.22286400000000012
0.22111200000000011
0.21605600000000008
0.22041200000000002
0.22072000000000022
0.22266800000000012
0.22090799999999994
0.223728
0.21764400000000006
0.22509600000000013
0.21970799999999996
0.22510800000000017
0.2253640000000001
0.22193600000000002
0.21961200000000003
0.2242
0.22512800000000016
0.2226319999999999
0.2161760000000002
0.21936399999999995
0.22087200000000012
0.224088
0.2233
0.2099600000000001
0.22412400000000007
0.21953200000000012
0.21162000000000003
0.2226000000000002
0.22197199999999997
0.22188800000000006
0.20553599999999997
0.21708000000000005
0.21856000000000012
0.21921199999999993
0.21818400000000002
0.2216640000000001
0.22625599999999996
0.22349199999999983
0.22210800000000008
0.2027400000000001
0.21864800000000018
0.22660400000000014
0.22520400000000024
0.21615200000000004
0.221892
0.22567999999999996
0.22559200000000018
0.22445999999999994
0.22592800000000002
0.21622
0.224088
0.22185200000000027
0.22715600000000016
0.2214320000000001
0.22378399999999998
0.22065600000000007
0.22828400000000001
0.22680000000000008
0.22122000000000025
0.22668000000000016
0.22580800000000018
0.22506800000000013
0.22324400000000022
0.22514000000000006
0.22331199999999998
0.2245760000000001
0.21852
0.21981599999999998
0.22367999999999996
0.22233600000000006
0.22952399999999998
0.22449600000000022
0.22775200000000012
0.2264480000000003
0.229192
0.23196399999999995
0.22214399999999995
0.22761600000000018
0.2232320000000001
0.2290599999999999
0.2250000000000001
0.21776400000000007
0.21903200000000006
0.2281839999999999
0.2246280000000002
0.2222920000000001
0.23086000000000031
0.22794000000000014
0.2263920000000001
0.2216920000000001
0.22782000000000022
0.233496
0.22863199999999992
0.2286920000000002
0.22680400000000017
0.22774000000000005
0.2306080000000003
0.22658000000000011
0.2277440000000002
0.2321440000000001
0.22684800000000005
0.226144
0.22710400000000014
0.2315239999999999
0.22872000000000006
0.21598799999999996
0.223088
0.22574000000000027
0.23198400000000005
0.22597600000000007
0.21683200000000002
0.2315400000000002
0.22798400000000016
0.22116800000000003
0.22938799999999993
0.22231999999999988
0.22573999999999997
0.23103600000000002
0.2284480000000001
0.22872000000000017
0.22121600000000002
0.22296800000000022
0.22689199999999993
0.22998000000000002
0.22804799999999992
0.22572800000000012
0.2257600000000002
0.22136800000000012
0.22373200000000001
0.22360799999999995
0.22738000000000005
0.2256280000000001
0.22814000000000006
0.22551999999999997
0.23416400000000018
0.2334720000000002
0.22592800000000002
0.22794400000000017
0.23054799999999992
0.23148400000000005
0.22567600000000035
0.22832400000000008
0.2322360000000001
0.23129599999999995
0.22943200000000005
0.229368
0.2324
0.2229400000000001
0.23040400000000014
0.2343400000000001
0.22894399999999995
0.22884000000000002
0.2300840000000001
0.22972399999999998
0.2250440000000002
0.23263200000000006
0.2268840000000001
0.22437200000000013
0.22991200000000003
0.22644800000000015
0.22949200000000006
0.23269600000000026
0.23146800000000012
0.2236960000000001
0.2327280000000001
0.23356000000000013
0.22783200000000006
0.2287
0.23444400000000018
0.23569600000000002
0.22909200000000027
0.22393600000000005
0.227424
0.22643999999999997
0.231396
0.232316
0.2314480000000001
0.222744
0.22524800000000017
0.22776000000000005
0.22737600000000016
0.22936000000000004
0.23240400000000017
0.23162800000000025
0.230976
0.2333600000000001
0.23251200000000027
0.23795200000000005
0.23168800000000014
0.23267600000000022
0.238592
0.23178799999999988
0.22560799999999995
0.23293600000000006
0.23262000000000016
0.231856
0.21914800000000015
0.2367560000000002
0.2345840000000002
0.23610400000000012
0.22718399999999983
0.23108400000000007
0.23180800000000004
0.23368399999999992
0.23090799999999995
0.22941199999999998
0.23155600000000004
0.2375400000000001
0.22680399999999987
0.2328959999999999
0.23285600000000023
0.23400399999999996
0.2343960000000004
0.23622800000000022
0.23387600000000003
0.22646400000000014
0.23692399999999983
0.2355440000000001
0.2297400000000002
0.23642799999999983
0.23912399999999992
0.23817600000000005
0.23309599999999991
0.23558800000000005
0.23452799999999985
0.23676400000000009
0.22998400000000002
0.23312800000000006
0.23662799999999984
0.22178799999999987
0.23381999999999994
0.23231599999999988
0.23690800000000012
0.23301600000000017
0.233896
0.23891200000000012
0.23486399999999993
0.23636800000000016
0.23856000000000005
0.22950400000000018
0.23941600000000016
0.23355999999999993
0.23721599999999993
0.23629200000000034
0.23774399999999993
0.23350000000000026
0.2362160000000002
0.2348639999999999
0.23676000000000016
0.2377920000000002
0.23528000000000016
0.23227200000000003
0.23172000000000006
0.2411200000000001
0.23320400000000008
0.233444
0.23429200000000006
0.23513599999999982
0.2346240000000002
0.23646400000000012
0.23791200000000012
0.2344280000000002
0.23233199999999987
0.232424
0.23399199999999987
0.2351320000000002
0.22375600000000012
0.2344159999999999
0.235852
0.23792799999999997
0.23760799999999999
0.2368720000000002
0.23863600000000015
0.23517200000000002
0.24282000000000004
0.2380320000000003
0.24124400000000018
0.24558000000000002
0.23748799999999998
0.23672400000000024
0.24007999999999993
0.2362159999999999
0.231456
0.24148400000000006
0.23123999999999997
0.23994400000000002
0.24022799999999983
0.2367880000000001
0.2404880000000001
0.23734000000000025
0.23957200000000006
0.23695999999999995
0.23463600000000007
0.23938800000000005
0.2338439999999999
0.2394200000000001
0.2393159999999999
0.23927999999999994
0.23936399999999994
0.24152800000000024
0.23934399999999983
0.23539199999999988
0.23848000000000003
0.2429240000000002
0.23437599999999992
0.2401639999999999
0.23917200000000025
0.2375160000000001
0.23938000000000015
0.24176000000000009
0.24203199999999997
0.23607200000000017
0.24076000000000009
0.24468000000000006
0.23849599999999987
0.22672000000000006
0.23967999999999984
0.23859599999999992
0.23633599999999974
0.23932000000000012
0.23681999999999997
0.23610800000000004
0.24044000000000038
0.236148
0.23888799999999988
0.23538799999999996
0.2394960000000001
0.23875200000000005
0.23703999999999992
0.23837999999999993
0.23387599999999992
0.241932
0.23797999999999983
0.2452159999999999
0.24214800000000014
0.24048800000000015
0.2417800000000003
0.24546000000000004
0.24123599999999987
0.2422920000000001
0.24444000000000016
0.2378360000000001
0.2380679999999999
0.24224800000000024
0.24336400000000002
0.24854000000000015
0.241904
0.23991999999999994
0.23690400000000003
0.24595600000000012
0.24242399999999997
0.24836000000000003
0.2417319999999999
0.2506240000000002
0.24282000000000012
0.24470399999999995
0.244464
0.23784400000000006
0.2400079999999999
0.24508800000000025
0.2502680000000001
0.24403599999999984
0.24442800000000006
0.24469200000000002
0.2468960000000003
0.24716399999999994
0.24332800000000007
0.24707599999999993
0.24970800000000026
0.25075200000000025
0.24368000000000012
0.23962800000000006
0.24989600000000028
0.24800400000000003
0.24719600000000008
0.2413520000000001
0.24857200000000002
0.24111600000000002
0.241548
0.24485200000000018
0.243412
0.24527199999999993
0.23750399999999985
0.2354119999999999
0.24150400000000005
0.24863600000000002
0.24674399999999996
0.24520799999999995
0.2500720000000002
0.25078000000000006
0.24662000000000026
0.24069599999999997
0.24571999999999988
0.243988
0.24446400000000013
0.24874000000000016
0.2470920000000001
0.24455200000000013
0.24453999999999987
0.2468440000000001
0.2485599999999999
0.2448160000000001
0.23846399999999984
0.24750400000000009
0.23867999999999992
0.248532
0.24876400000000018
0.25387600000000027
0.24515200000000018
0.24551200000000012
0.24057999999999993
0.2477800000000002
0.24283200000000016
0.2474
0.24993200000000038
0.25024800000000025
0.24671599999999994
0.248496
0.24626799999999985
0.24487600000000015
0.23731200000000002
0.24252000000000004
0.24305600000000008
0.2448319999999998
0.251156
0.24903200000000011
0.24802400000000008
0.24894399999999997
0.24997600000000034
0.23237200000000002
0.246852
0.2523400000000003
0.240708
0.24716399999999994
0.248444
0.24303999999999995
0.24183199999999982
0.24711200000000016
0.2514480000000001
0.24997600000000006
0.24791999999999995
0.24951600000000015
0.2519240000000002
0.2531600000000001
0.2486400000000002
0.246004
0.249428
0.248304
0.2521920000000003
0.2556480000000002
0.24372799999999997
0.24833999999999987
0.252964
0.2476440000000002
0.247504
0.253444
0.25388800000000017
0.24875200000000017
0.255132
0.25610400000000033
0.2532559999999999
0.248928
0.2553080000000002
0.25696000000000024
0.254092
0.25604400000000016
0.2544880000000003
0.2482399999999999
0.24336
0.249376
0.24785200000000004
0.25089999999999996
0.250732
0.2526600000000001
0.24864000000000025
0.25342000000000026
0.2520160000000002
0.25768800000000003
0.25379200000000013
0.2532960000000001
0.2555920000000002
0.25346
0.2555200000000002
0.2531240000000001
0.25418800000000014
0.25398799999999994
0.25378
0.25571200000000016
0.2537040000000001
0.25072000000000016
0.2508959999999998
0.25424800000000003
0.24968000000000015
0.24940800000000013
0.25040000000000007
0.2515640000000001
0.25953600000000004
0.2569000000000003
0.2548760000000004
0.24577599999999997
0.2508840000000001
0.25445200000000007
0.2548599999999999
0.2516559999999999
0.2593400000000001
0.25336400000000014
0.25425600000000004
0.257596
0.25614000000000015
0.2565800000000001
0.25372000000000006
0.2599800000000002
0.25853599999999993
0.259796
0.24993600000000016
0.2521880000000001
0.2548120000000001
0.25444800000000023
0.256852
0.2586480000000001
0.2572600000000001
0.2563080000000002
0.25663200000000014
0.256248
0.2549920000000002
0.259788
0.26013600000000003
0.26082800000000006
0.25736800000000015
0.2627800000000003
0.260712
0.24955600000000017
0.25693999999999984
0.24846
0.2528759999999998
0.2573360000000002
0.24929599999999988
0.24946799999999986
0.26152400000000003
0.25768799999999986
0.2602440000000001
0.2615320000000002
0.2604880000000003
0.25612
0.2628280000000001
0.2575800000000001
0.259432
0.25656399999999996
0.25742400000000026
0.2570320000000002
0.2527439999999999
0.2585280000000001
0.24757999999999994
0.2632440000000001
0.2605680000000001
0.258848
0.26100000000000007
0.26518800000000003
0.26386399999999977
0.2565360000000002
0.25954000000000005
0.2591239999999999
0.264216
0.2628560000000003
0.26204800000000006
0.26468800000000003
0.264544
0.261644
0.26172400000000007
0.2596200000000001
0.263328
0.25808000000000003
0.2626920000000002
0.2653679999999999
0.2681279999999998
0.26502399999999987
0.25746800000000003
0.2558079999999999
0.2573599999999997
0.2621079999999999
0.268152
0.25709199999999993
0.2616920000000002
0.25390399999999996
0.25763199999999997
0.2617559999999999
0.26169199999999987
0.2642360000000002
0.26455600000000007
0.2571919999999999
0.25822399999999995
0.25955599999999995
0.262208
0.2636719999999999
0.26415999999999995
0.2608000000000001
0.26946000000000014
0.269296
0.26217999999999986
0.2650919999999998
0.25688399999999995
0.2593479999999999
0.26598399999999994
0.26226800000000006
0.2666319999999998
0.2648559999999999
0.2579519999999999
0.2620879999999998
0.26824000000000003
0.261644
0.2624119999999999
0.266348
0.261492
0.2669
0.266896
0.25472799999999984
0.26080400000000004
0.2618960000000001
0.26579600000000003
0.262352
0.2646159999999999
0.2657559999999999
0.270048
0.25602800000000003
0.263416
0.270652
0.26932799999999996
0.26373599999999986
0.26871600000000007
0.267324
0.26307999999999987
0.27461199999999997
0.2700999999999997
0.26460800000000034
0.26452399999999987
0.2713159999999997
0.2565320000000001
0.25869599999999987
0.272108
0.2665280000000001
0.26500000000000007
0.265208
0.26541999999999966
0.2736800000000002
0.2706120000000002
0.2668240000000002
0.271
0.25687200000000004
0.2627159999999999
0.26816000000000006
0.2643880000000001
0.26951999999999987
0.2672040000000001
0.268892
0.27210000000000006
0.26726800000000017
0.26816000000000006
0.2663319999999998
0.2688559999999999
0.27033199999999985
0.2698079999999999
0.27146400000000004
0.2697839999999998
0.26858800000000016
0.2638639999999999
0.273412
0.26998000000000016
0.2710720000000001
0.27516399999999985
0.26715200000000006
0.2736600000000001
0.2699879999999999
0.27607600000000004
0.26844799999999985
0.26508800000000005
0.2671520000000001
0.2740840000000001
0.27191599999999994
0.2740920000000001
0.26305199999999984
0.2668960000000001
0.26760799999999996
0.27052800000000005
0.27473599999999976
0.27203600000000006
0.26794399999999985
0.27462399999999987
0.27456799999999976
0.2725119999999999
0.27260399999999996
0.26931200000000016
0.27547600000000005
0.26968000000000003
0.27968000000000004
0.2680880000000001
0.277548
0.2731
0.2730800000000001
0.2729080000000001
0.274108
0.2690560000000001
0.2709960000000001
0.27638799999999986
0.27259999999999984
0.27061599999999997
0.272392
0.2713520000000002
0.27190400000000015
0.276216
0.27427199999999996
0.2773
0.26817199999999997
0.276732
0.266824
0.26609999999999995
0.27394
0.274652
0.2726719999999999
0.2754959999999998
0.28291599999999983
0.2633159999999996
0.2610759999999998
0.27532399999999985
0.2759839999999999
0.280252
0.2773359999999998
0.27626399999999973
0.2704199999999998
0.27315199999999973
0.27633200000000013
0.26884799999999986
0.2749279999999996
0.275424
0.2799919999999998
0.2796599999999999
0.27381600000000017
0.27854800000000013
0.27077199999999996
0.274952
0.27761599999999986
0.2658440000000001
0.2769119999999998
0.2707200000000001
0.2757359999999998
0.2731719999999999
0.2698599999999999
0.27561999999999987
0.2752159999999999
0.2729239999999999
0.2741119999999999
0.27649199999999985
0.2713359999999999
0.28287199999999996
0.27998399999999996
0.2772479999999997
0.27757999999999994
0.2754199999999998
0.2830639999999997
0.273564
0.2805879999999999
0.2815639999999998
0.2797839999999998
0.2825920000000001
0.2845319999999999
0.283396
0.28287600000000007
0.27498799999999984
0.281044
0.2806239999999998
0.28181999999999996
0.28201999999999994
0.27568000000000004
0.27989599999999987
0.2805159999999998
0.28323199999999976
0.27752399999999994
0.28203599999999984
0.28634399999999965
0.28269999999999995
0.2827560000000002
0.28247999999999995
0.2751680000000001
0.283948
0.2885359999999999
0.27995600000000004
0.28487599999999985
0.28261599999999976
0.2882319999999997
0.274592
0.2818799999999998
0.28537199999999985
0.288628
0.28383999999999976
0.2837280000000001
0.2835399999999999
0.28201199999999993
0.2854719999999997
0.278404
0.28135999999999983
0.279296
0.28472399999999976
0.2892399999999998
0.2822199999999999
0.28590400000000016
0.279468
0.28534800000000005
0.28644799999999987
0.28259599999999974
0.2867239999999999
0.28244400000000003
0.2887519999999998
0.2850959999999999
0.2866720000000001
0.28337999999999974
0.27803199999999983
0.28641599999999984
0.283788
0.28587999999999997
0.2769679999999998
0.2861159999999998
0.28081599999999995
0.2818519999999998
0.285524
0.28399599999999997
0.28191599999999983
0.2853439999999997
0.28770799999999996
0.28015600000000007
0.2820799999999997
0.28058399999999994
0.28486799999999984
0.28800399999999987
0.2843639999999999
0.283776
0.2830399999999998
0.2862879999999999
0.2843999999999997
0.2841599999999998
0.2796480000000001
0.28533599999999987
0.2833479999999998
0.2829199999999997
0.2824079999999998
0.28838799999999987
0.2890519999999998
0.2844799999999999
0.2846119999999999
0.2887559999999998
0.28679999999999994
0.279468
0.2847839999999997
0.2898839999999998
0.27965599999999985
0.286608
0.28801199999999977
0.2848879999999999
0.28172799999999987
0.28821999999999987
0.28128799999999976
0.28548399999999985
0.2838399999999999
0.28595199999999993
0.2845839999999999
0.2865039999999999
0.2860639999999999
0.28635999999999956
0.28366800000000014
0.28110399999999974
0.28685199999999966
0.287108
0.2845399999999999
0.28384399999999993
0.28403599999999973
0.29042399999999996
0.28998399999999963
0.28035999999999967
0.2788559999999999
0.288736
0.2896479999999998
0.2858439999999997
0.28265999999999974
0.28723599999999994
0.2861759999999998
0.2866199999999999
0.28233199999999986
0.2854119999999996
0.2840279999999998
0.28395199999999976
0.290844
0.29188799999999987
0.28739199999999987
0.28577599999999975
0.2916079999999998
0.2878439999999999
0.29467999999999966
0.28447199999999995
0.2924599999999998
0.29085999999999973
0.2927799999999997
0.28933199999999987
0.29272399999999993
0.2852879999999998
0.28154799999999996
0.286
0.2920439999999996
0.2868
0.29022
0.2840439999999998
0.289836
0.28598799999999985
0.2882519999999998
0.28989599999999993
0.29009199999999985
0.28624799999999984
0.28517999999999993
0.28736799999999996
0.28579999999999994
0.28445599999999993
0.28794000000000003
0.28853999999999946
0.28430799999999984
0.29085599999999984
0.28667999999999993
0.2866559999999998
0.29053999999999963
0.285412
0.29531199999999974
0.28882399999999986
0.2888079999999999
0.2889119999999997
0.28677199999999964
0.2941759999999999
0.28618400000000005
0.290436
0.29298399999999986
0.290044
0.2803519999999997
0.29371599999999976
0.2909319999999996
0.29331199999999946
0.29395199999999955
0.2887479999999999
0.2905279999999997
0.28575199999999984
0.2935879999999996
0.2904399999999999
0.2961279999999996
0.2880439999999997
0.29769999999999947
0.29274799999999984
0.2893119999999997
0.2892559999999999
0.2952279999999997
0.29358799999999974
0.29308399999999996
0.2923919999999998
0.2915479999999995
0.29565999999999987
0.28930399999999984
0.2876879999999999
0.29595599999999966
0.29092799999999985
0.2916759999999999
0.2901599999999997
0.29027599999999987
0.29255199999999965
0.28764399999999984
0.29370799999999975
0.29463599999999995
0.28638399999999997
0.28931599999999985
0.2941959999999997
0.2845559999999998
0.2942199999999999
0.294628
0.28991999999999973
0.28849999999999937
0.2948319999999999
0.2855159999999998
0.285256
0.29701999999999973
0.29389599999999977
0.2943279999999997
0.28872800000000004
0.2843279999999999
0.2932199999999999
0.2947359999999999
0.29754399999999975
0.28925199999999957
0.2953159999999997
0.2897959999999997
0.2895359999999999
0.28339599999999987
0.29026799999999964
0.2944479999999999
0.2906479999999998
0.29174799999999984
0.29533199999999965
0.2956959999999996
0.2923879999999996
0.2895319999999997
0.2893719999999997
0.29563999999999974
0.2976199999999998
0.28979599999999966
0.2841519999999997
0.2914799999999999
0.2929359999999998
0.29477999999999976
0.2960559999999998
0.29528799999999983
0.2911719999999996
0.2925799999999999
0.29725599999999985
0.2927639999999998
0.29699999999999976
0.2944199999999999
0.2913519999999996
0.2932559999999999
0.2919119999999998
0.29354
0.2871279999999999
0.2941159999999998
0.2928959999999997
0.30058399999999985
0.2945079999999999
0.28762399999999977
0.2941919999999999
0.296636
0.29658799999999974
0.28841199999999984
0.29054799999999975
0.2973759999999999
0.29606800000000005
0.29430400000000007
0.29123599999999994
0.2872999999999999
0.28732399999999986
0.2939239999999997
0.29402399999999973
0.2920919999999998
0.29169199999999973
0.2887839999999999
0.2981919999999998
0.2990679999999998
0.2936119999999999
0.2964879999999996
0.2977879999999997
0.29374799999999984
0.2934479999999997
0.2957079999999999
0.2998959999999998
0.2900719999999998
0.2954239999999997
0.2949719999999997
0.2937359999999998
0.2947959999999997
0.29584399999999983
0.3002199999999996
0.29603599999999974
0.2897879999999998
0.2925079999999997
0.29971599999999987
0.295284
0.29533199999999954
0.3011479999999998
0.28196800000000005
0.29535999999999973
0.295996
0.29624399999999984
0.2981399999999998
0.30187599999999976
0.29138399999999975
0.2943319999999998
0.29630799999999985
0.2968199999999998
0.29516399999999954
0.28283999999999987
0.2893839999999999
0.29581199999999974
0.29101599999999983
0.2897319999999998
0.2903519999999999
0.29778
0.29796799999999973
0.30027999999999966
0.2986279999999999
0.29727999999999993
0.2957719999999998
0.29522
0.2960599999999998
0.29606399999999977
0.29692399999999985
0.29436399999999985
0.2900199999999998
0.29132799999999975
0.29143599999999964
0.2983879999999999
0.3003639999999997
0.2931279999999997
0.30131599999999964
0.29198799999999975
0.2969599999999997
0.3031519999999995
0.29607999999999945
0.2949959999999999
0.2973599999999998
0.2930959999999998
0.29546799999999984
0.30010399999999976
0.29397999999999985
0.3010199999999998
0.3034919999999999
0.29881999999999964
0.29985199999999995
0.2915559999999998
0.2972079999999999
0.29894
0.2999519999999996
0.2972439999999995
0.29718799999999995
0.2910239999999997
0.2961759999999999
0.29155999999999965
0.3001639999999999
0.2966599999999996
0.295184
0.2976079999999999
0.2958679999999997
0.29191600000000023
0.30181599999999986
0.29327999999999976
0.30046799999999974
0.2939439999999998
0.29891199999999957
0.29738399999999976
0.30186399999999947
0.2946279999999999
0.30169199999999957
0.2996199999999999
0.29413599999999984
0.2948999999999999
0.29889199999999994
0.2966119999999998
0.2981399999999998
0.3047159999999997
0.29882399999999987
0.3004519999999999
0.30169999999999997
0.2991599999999996
0.30351999999999946
0.301096
0.2976719999999998
0.29824799999999985
0.3017719999999997
0.3034079999999999
0.30548399999999964
0.29395599999999994
0.29747999999999986
0.3015679999999998
0.3017599999999996
0.29189599999999977
0.2984559999999999
0.2923520000000001
0.30096800000000007
0.3007279999999999
0.30698399999999965
0.3061599999999998
0.3011080000000001
0.30657199999999946
0.30383999999999967
0.29698399999999997
0.2983
0.3039039999999998
0.3026239999999997
0.30893999999999977
0.30320399999999986
0.30069200000000007
0.2997799999999998
0.30556799999999956
0.29787999999999976
0.29581999999999986
0.3022759999999999
0.30526399999999965
0.30322000000000005
0.301648
0.3019799999999996
0.29329600000000006
0.2969479999999998
0.2997839999999999
0.3030199999999995
0.30299999999999977
0.30396799999999974
0.29945199999999994
0.3019399999999999
0.30203199999999963
0.3032399999999996
0.2984919999999996
0.30560399999999993
0.3088479999999995
0.296808
0.3079439999999998
0.30163199999999957
0.307848
0.29835199999999995
0.30669999999999975
0.30507999999999985
0.30501999999999996
0.3028079999999999
0.30616
0.3013559999999998
0.30494
0.30315199999999953
0.29541199999999995
0.2997399999999999
0.29749599999999965
0.30169199999999957
0.30745199999999984
0.30355999999999983
0.3044279999999997
0.3063279999999997
0.30084000000000005
0.3006039999999998
0.29961200000000004
0.30196
0.3075839999999998
0.303028
0.2999599999999999
0.3022159999999999
0.30715999999999966
0.30687199999999987
0.3066959999999998
0.29875600000000013
0.302016
0.30562799999999946
0.3023639999999997
0.309988
0.30622799999999994
0.3014239999999997
0.3071199999999999
0.311072
0.3081639999999998
0.30819199999999997
0.30519999999999975
0.3019199999999999
0.30350799999999983
0.30587200000000003
0.3078159999999997
0.29753999999999986
0.30569199999999974
0.3075679999999997
0.301392
0.3012559999999999
0.30761599999999995
0.30291999999999975
0.30870799999999965
0.3059919999999999
0.29842799999999986
0.31114399999999987
0.3092359999999996
0.3074919999999997
0.3020359999999998
0.3083279999999999
0.3044439999999998
0.3060239999999996
0.3008359999999997
0.30380799999999974
0.30894799999999983
0.3051599999999999
0.30307599999999957
0.31000799999999984
0.31029599999999974
0.30923999999999985
0.30810399999999993
0.30727600000000005
0.308936
0.3080959999999997
0.3077239999999998
0.30223599999999995
0.30166399999999965
0.30522399999999966
0.3027599999999999
0.3077479999999998
0.30965999999999994
0.30915199999999976
0.3103919999999999
0.30068400000000006
0.3097679999999998
0.3087599999999996
0.30860400000000004
0.3075399999999998
0.3053359999999998
0.3060319999999997
0.30738399999999966
0.3065759999999999
0.30809599999999987
0.30140399999999984
0.3102199999999997
0.30748
0.3103959999999997
0.2970519999999996
0.3070159999999999
0.30176000000000003
0.3073759999999998
0.30918799999999996
0.31154799999999977
0.30609199999999986
0.30974399999999974
0.30616799999999955
0.30511599999999955
0.30043599999999976
0.30772000000000005
0.3056559999999998
0.30274
0.30759199999999975
0.3072719999999998
0.3065039999999999
0.3047039999999997
0.30830799999999997
0.30705599999999994
0.306544
0.3043959999999999
0.3068239999999998
0.3019719999999998
0.30208799999999986
0.31005999999999967
0.3144239999999996
0.3071919999999995
0.3120719999999999
0.30642799999999987
0.30694399999999994
0.3093159999999997
0.30409599999999976
0.3068519999999998
0.30602799999999997
