0.00932488
0.02856074
0.0434403
0.05259117999999999
0.06394108
0.07124035999999999
0.07478997999999999
0.08085535999999997
0.08505391999999999
0.08887234
0.09445712
0.09850188000000001
0.10168939999999999
0.10516653999999999
0.11019590000000001
0.11197794000000001
0.11591430000000001
0.1159177
0.11863926000000001
0.12200662000000001
0.12167194
0.12425086000000002
0.12602928000000002
0.12832444
0.12848886
0.13024634000000002
0.13148828
0.13133164
0.13101804
0.13210812
0.13318681999999998
0.13551294
0.13757896000000003
0.13971518000000002
0.13766250000000002
0.13959448000000002
0.13925704000000003
0.13994288000000002
0.141021
0.14035402000000002
0.14106762
0.14122608
0.14217482
0.14265998
0.14182503999999999
0.14306792
0.14164981999999998
0.14411222
0.14336134
0.14418182000000002
0.14353672
0.14473706
0.14639442
0.14622543999999998
0.14750686
0.14830409999999997
0.14758512
0.14975815999999997
0.15129617999999997
0.15164851999999995
0.15326111999999997
0.15418681999999995
0.15303357999999995
0.15345997999999997
0.15398035999999996
0.15524469999999996
0.15474875999999993
0.15500115999999994
0.15609357999999995
0.15810165999999995
0.15840037999999995
0.15839581999999996
0.16179271999999997
0.16141756000000002
0.16008509999999998
0.16070178
0.16284189999999998
0.16118599999999997
0.16434574
0.1641489
0.16364101999999994
0.16403575999999997
0.16346826
0.16331184
0.16437819999999997
0.16346925999999995
0.16393271999999995
0.16578977999999997
0.16467478
0.16413202
0.16474577999999995
0.16449837999999997
0.16451939999999998
0.16481173999999996
0.16465657999999997
0.16578649999999995
0.16569785999999995
0.16607225999999997
0.16561415999999995
0.16744338
0.16681017999999997
0.16758405999999992
0.1680060199999999
0.16885687999999996
0.16758015999999998
0.1687078999999999
0.16795353999999993
0.16802345999999993
0.1682920599999999
0.16872979999999996
0.16769799999999996
0.16848335999999997
0.17055601999999992
0.17022969999999993
0.16973197999999992
0.16999587999999996
0.16995779999999996
0.16893443999999996
0.17019333999999994
0.16908133999999997
0.17009991999999996
0.17027455999999994
0.16974309999999995
0.17022997999999995
0.16993219999999995
0.17197603999999994
0.17154673999999992
0.17184749999999993
0.1699540999999999
0.1722263199999999
0.17110235999999993
0.17015957999999995
0.17139487999999997
0.17142709999999994
0.17323007999999995
0.17268649999999994
0.17273131999999997
0.17284843999999994
0.1741660199999999
0.17292261999999994
0.17256771999999995
0.1738911999999999
0.17520397999999993
0.17478169999999993
0.1747804199999999
0.17509921999999992
0.17480181999999989
0.17555759999999992
0.1748523799999999
0.17492967999999995
0.17604493999999987
0.1753807999999999
0.17539311999999993
0.1769194799999999
0.1771267399999999
0.1758203799999999
0.1781059399999999
0.17651321999999994
0.1773719199999999
0.17692917999999988
0.1769111399999999
0.1771524199999999
0.17849225999999987
0.17687419999999993
0.1783244399999999
0.1775257599999999
0.17847607999999993
0.1791385799999999
0.1790586399999999
0.17807135999999993
0.17853447999999994
0.17886013999999992
0.17858745999999992
0.1794388399999999
0.1780810599999999
0.17872897999999993
0.17886465999999993
0.18052755999999992
0.17994947999999994
0.17969451999999989
0.17923551999999993
0.1789952999999999
0.17982917999999995
0.18011101999999993
0.17869515999999994
0.18002229999999994
0.18013515999999996
0.18042907999999994
0.17977303999999997
0.18002351999999994
0.17991235999999994
0.17789867999999995
0.1800475999999999
0.18005619999999997
0.17991987999999992
0.18020681999999993
0.1795718399999999
0.17973595999999994
0.18005653999999993
0.18060799999999994
0.17988795999999993
0.17942465999999996
0.17905527999999993
0.17882095999999997
0.18052293999999997
0.17993187999999996
0.18077311999999993
0.18133839999999993
0.18050455999999998
0.18029805999999993
0.18034999999999995
0.17986495999999996
0.18027439999999995
0.18002135999999994
0.18008163999999993
0.18059079999999994
0.18115099999999995
0.17939601999999993
0.17996401999999997
0.17924152
0.18247051999999997
0.18097651999999997
0.17963359999999995
0.17975709999999992
0.18005605999999996
0.18141407999999998
0.18198689999999998
0.18137851999999996
0.18107721999999996
0.18036697999999998
0.18170071999999998
0.18266235999999997
0.18190005999999997
0.18146631999999996
0.18237775999999997
0.18281211999999997
0.18152793999999997
0.18239955999999993
0.18219221999999996
0.18137825999999996
0.18180285999999996
0.18235235999999994
0.18328847999999995
0.18225101999999999
0.18202923999999995
0.18315523999999997
0.18280775999999996
0.18408587999999995
0.18525817999999994
0.18448367999999996
0.18549409999999994
0.1841754399999999
0.18577879999999994
0.18584475999999994
0.18645817999999997
0.18811256
0.18850376000000005
0.18951148000000004
0.19044332
0.18888184000000002
0.19016694
0.19255376000000002
0.19130300000000006
0.19302644000000002
0.19174420000000006
0.19241314000000004
0.19322514000000002
0.19421662000000006
0.19406568
0.19323924
0.19552852
0.19577656000000002
0.19484840000000003
0.19601208
0.19599100000000003
0.19579972
0.19690814000000004
0.19691078000000004
0.19623580000000004
0.19695520000000005
0.196308
0.19685730000000004
0.19657378000000006
0.19812674000000002
0.19842638000000004
0.19840858000000006
0.19652708000000005
0.19611828000000003
0.19852794000000004
0.19804706000000002
0.19753404000000002
0.19894812
0.19732571999999998
0.19818772000000004
0.19774038000000005
0.19757166
0.19848744000000004
0.19965294000000003
0.19839358
0.19830894000000002
0.19689722000000004
0.19950897999999997
0.1990162
0.19968528
0.19887977999999998
0.1981741
0.19952302
0.19709601999999996
0.19874988
0.19867612
0.1980386
0.19980434
0.19872926
0.19907941999999998
0.19824403999999998
0.19884529999999997
0.19929602000000002
0.19836406000000004
0.19812668000000003
0.19820443999999995
0.19869749999999997
0.19850679999999998
0.19855392000000002
0.19891849999999997
0.20041075999999997
0.19907618
0.2002915
0.19808892
0.19874814000000002
0.19841236
0.19962391999999998
0.19996228
0.19827043999999994
0.20014544
0.19900264
0.19946934
0.19949692
0.19914431999999999
0.19823817999999999
0.20051981999999996
0.19959511999999996
0.20104896
0.19880831999999998
0.19878396
0.20057257999999997
0.2002645
0.19969854
0.19916071999999996
0.19969782
0.19965373999999997
0.19944040000000002
0.20088116
0.20106622000000002
0.20098652
0.20126331999999997
0.20062138000000002
0.20056108000000003
0.20123776
0.19961696
0.19884738
0.19975196
0.20117340000000003
0.20069662000000002
0.20050246000000002
0.20221627999999994
0.20019126
0.19974165999999996
0.20072809999999996
0.20254106
0.20061939999999998
0.20077615999999998
0.20042386
0.20170159999999998
0.20211732
0.20097929999999997
0.20158077999999996
0.20228703999999997
0.20098658
0.20217464
0.20224079999999997
0.20096211999999997
0.20194181999999997
0.20270749999999998
0.20106268
0.20237429999999995
0.20166473999999998
0.20281979999999997
0.2020602
0.20265216
0.20207608
0.2035871
0.20260061999999998
0.20279939999999996
0.20295764
0.20355059999999997
0.20237272
0.20311026
0.20275208
0.2030111
0.20380144
0.20366109999999998
0.20261885999999996
0.20386485999999998
0.20317839999999998
0.20389013999999997
0.20413103999999996
0.20277827999999992
0.20296197999999996
0.20033994
0.20286795999999996
0.20256166
0.20353687999999998
0.20406479999999994
0.20290115999999997
0.20239009999999996
0.20323469999999996
0.20252149999999997
0.20287422
0.20281062
0.20347931999999994
0.20522397999999994
0.20240482
0.20252811999999998
0.20458911999999996
0.20608739999999998
0.20429901999999994
0.20489976
0.20489925999999997
0.20478917999999993
0.20436037999999995
0.20452199999999998
0.20399634
0.2052035
0.20464237999999998
0.20509374000000002
0.20464536
0.2043498
0.20455336
0.20530345999999994
0.20600564
0.2064257
0.2043739
0.20513237999999998
0.20514803999999998
0.20657491999999997
0.20619101999999997
0.20611397999999997
0.20516703999999997
0.20571373999999998
0.20710372
0.20587641999999995
0.20578058
0.20599257999999998
0.20576362
0.20603279999999993
0.20484602
0.20702391999999997
0.20548719999999995
0.20579655999999996
0.20523429999999998
0.20712361999999998
0.20707275999999994
0.20600659999999998
0.20692631999999997
0.20598817999999997
0.20579873999999998
0.20627189999999998
0.20724775999999998
0.20535386
0.20633229999999997
0.20845673999999995
0.20666287999999994
0.20683789999999994
0.20696133999999994
0.20715603999999999
0.20683463999999996
0.20619519999999997
0.20699637999999998
0.20594052
0.20667681999999998
0.20618191999999996
0.20764199999999997
0.20826227999999994
0.20851411999999997
0.20666913999999995
0.20752009999999999
0.20780927999999996
0.20715237999999997
0.20760193999999998
0.20763335999999996
0.20786001999999995
0.20765299999999998
0.20844801999999996
0.20659051999999994
0.20874811999999998
0.20736381999999998
0.20692619999999998
0.20819077999999996
0.20844509999999997
0.20693715999999995
0.20775194
0.20757343999999997
0.20810096
0.20824997999999997
0.20725817999999996
0.20771117999999997
0.20791737999999998
0.20897649999999998
0.20880497999999995
0.2077908
0.20865043999999996
0.20818508000000002
0.20831254
0.20904541999999998
0.20935294
0.20898068000000003
0.20730229999999994
0.20895415999999997
0.20888865999999992
0.20836313999999995
0.20911899999999994
0.20829804
0.20900617999999999
0.20939499999999994
0.20933417999999995
0.20821517999999997
0.20921389999999998
0.20722299999999996
0.20899067999999993
0.20795561999999998
0.20900785999999996
0.20797925999999997
0.20807404
0.20794047999999996
0.20736049999999995
0.20822468
0.20789471999999998
0.20842831999999997
0.20855331999999996
0.20939727999999996
0.20895277999999998
0.20767849999999996
0.20823361999999995
0.20860109999999998
0.20884847999999998
0.20877717999999995
0.20865503999999999
0.20997828
0.20894867999999994
0.20815804
0.20771163999999998
0.20903685999999996
0.20951093999999998
0.20981135999999995
0.20842109999999994
0.20908229999999997
0.20951381999999996
0.21001141999999995
0.20974985999999998
0.20846523999999994
0.20953902
0.20999285999999998
0.20871262
0.21030205999999996
0.20943214
0.20954872
0.20986773999999997
0.21004315999999995
0.20788437999999995
0.2110324
0.21051203999999998
0.20883919999999997
0.21035669999999995
0.21082192
0.21092541999999997
0.21102948
0.21044696
0.20976048
0.20989929999999998
0.21112017999999996
0.21263188
0.21085518
0.21099984
0.21194443999999998
0.21008939999999995
0.21127394
0.21274797999999998
0.21088451999999996
0.21033745999999998
0.21026255999999996
0.21058812
0.21110679999999998
0.21098457999999995
0.21091754
0.21151720000000002
0.21255122
0.2126513
0.21211597999999998
0.21270266
0.21202237999999998
0.21212339999999996
0.21195402000000002
0.21294033999999995
0.2118101
0.21273873999999998
0.21224627999999998
0.21222126000000002
0.2127423
0.21317296
0.2118748
0.21313716
0.21226084
0.21218789999999998
0.21392678
0.2128494
0.21380741999999997
0.2131839
0.21310724
0.21281910000000004
0.21396504
0.21411857999999998
0.21391954000000002
0.21278422
0.21452646
0.21342489999999997
0.21235098
0.21293330000000002
0.21431454000000003
0.21423544
0.21266966
0.21365715999999998
0.213139
0.21266593999999997
0.21389413999999995
0.21438584000000002
0.21344376
0.21447572
0.21278486000000002
0.21409385999999997
0.21295628
0.21454633999999997
0.21454141999999998
0.21325586000000002
0.21409832
0.21381098
0.21472033999999998
0.21374072000000002
0.21340626000000001
0.21425420000000003
0.21431759999999997
0.2150186
0.21366546
0.21393753999999998
0.21236662000000003
0.21507762
0.21393647999999998
0.21466814
0.21421782
0.21527638
0.21450942
0.21483519999999998
0.21473087999999996
0.21224452
0.21418044000000003
0.21459386000000003
0.21425040000000004
0.21442796
0.21416527999999999
0.21409498
0.2148006
0.21364114
0.21476426
0.21498516
0.21512768
0.21492002
0.21564156
0.2149674
0.21422316000000002
0.21340475999999994
0.21432266
0.2142724
0.21336582
0.21384428
0.21420778000000001
0.21444339999999998
0.21428323999999996
0.2156702
0.21589178
0.21637598
0.21384534000000002
0.2137016
0.21368849999999998
0.21449528
0.2154479
0.21472152
0.21365974
0.21359753999999995
0.21381309999999998
0.21395904000000002
0.21488943999999996
0.2144524
0.21421177999999996
0.2135656
0.21488346
0.21477042000000002
0.21370154
0.21359872
0.21489736
0.21595232000000003
0.21438371999999997
0.21529753999999998
0.21430484
0.21620695999999998
0.21555897999999998
0.21561148
0.21586212
0.21621600000000002
0.21615726
0.214666
0.2154208
0.21720101999999997
0.21563693999999997
0.21598397999999996
0.2164319
0.21576056000000002
0.21732122
0.21550308
0.21553281999999999
0.21503912
0.21692271999999999
0.21613832
0.21604594
0.21518468
0.21662888
0.21629735999999997
0.21581031999999997
0.21644855999999998
0.21582893999999997
0.21762131999999998
0.21822516
0.2167978
0.2162954
0.21570376
0.21715747999999999
0.21670684
0.21756633999999997
0.21798838
0.21653514000000001
0.21648798
0.21701832000000004
0.21730328
0.21701644
0.21674868
0.21564923999999996
0.21659866
0.21551942000000002
0.2175633
0.2161208
0.21848464000000004
0.21808972000000001
0.21592606
0.2175394
0.21730945999999998
0.21714162
0.21781632
0.21627887999999998
0.21685232
0.21785208
0.21793616
0.2168334
0.2176959
0.2171213
0.217885
0.21742380000000006
0.21909012
0.21816662
0.21774306
0.21711489999999997
0.2174456
0.21751056000000002
0.21824178
0.21858556
0.21784262000000001
0.21625474000000003
0.21718624000000003
0.21886142000000003
0.2187997
0.21656524000000002
0.21720422
0.21750724000000002
0.21746494000000005
0.21797498
0.21771202000000003
0.21780871999999998
0.21697532000000003
0.21732584
0.21830386000000004
0.21635604
0.21628336000000004
0.21818215999999999
0.21741972000000004
0.21916534000000001
0.21908426000000003
0.21886603999999998
0.2185191
0.21834466
0.21884692
0.21810668
0.21883486000000002
0.21922844000000002
0.21926386
0.21867804
0.21816071999999997
0.21894416
0.21759499999999998
0.21879096
0.21773710000000002
0.21868743999999998
0.2179044
0.2183399
0.21864334
0.21870588
0.21745798
0.21817878000000004
0.21660675999999998
0.21902186
0.21859030000000002
0.21752530000000003
0.21948698
0.21851462000000005
0.21908016
0.21924171999999997
0.21752780000000002
0.21792041999999998
0.21921128
0.21830854000000002
0.22016714
0.21880572
0.21823758000000001
0.21951638000000004
0.21934402000000003
0.21979592000000003
0.21961276
0.21932500000000002
0.21869824000000002
0.22026104
0.21952082000000003
0.22002328000000002
0.21876614000000003
0.2184612
0.21805152
0.21823318000000003
0.21982696000000004
0.21898572000000002
0.21841506
0.21758394
0.22013428000000002
0.21889284000000003
0.21894632000000003
0.21833887999999999
0.21836694
0.21866654
0.21855221999999996
0.21839748
0.2182443
0.21970773999999998
0.2191878
0.21868680000000001
0.21932348000000002
0.22001638000000004
0.21916218
0.21865839999999998
0.21832418
0.21927992
0.22033431999999997
0.22052605999999997
0.220385
0.21877008000000003
0.21791803999999998
0.21978724
0.22074254000000004
0.21946848
0.22129701999999996
0.22065233999999997
0.21974204
0.22056095999999997
0.21882986000000001
0.22007069999999998
0.22072210000000003
0.22216376000000002
0.21880221999999996
0.22009570000000003
0.22124258000000002
0.21971168
0.22003602
0.2200757
0.21946764000000002
0.2190713
0.22019564000000003
0.22127228000000002
0.21966364
0.22012453999999998
0.21936593999999998
0.22067639999999997
0.21987284
0.21937684000000002
0.22087964
0.22015526000000002
0.2210445
0.21981096
0.22099882
0.21986786
0.22037695999999996
0.22057536
0.22107872
0.22139198000000002
0.22098797999999997
0.22098436
0.21947346
0.22084051999999998
0.2202842
0.22030322
0.21889328
0.22128086
0.22148992
0.22013
0.22047315999999997
0.22063039999999995
0.22042325999999998
0.22093154
0.21970675999999997
0.2204739
0.21958399999999997
0.22022009999999997
0.22096283999999997
0.22061106000000003
0.21912553999999995
0.21977916
0.22074896
0.22094324
0.22094736
0.22054085999999998
0.22104461999999997
0.22064121999999997
0.22083233999999996
0.22070172
0.22124165999999998
0.21913906
0.22084905999999996
0.22100243999999997
0.22157607999999995
0.22019523999999996
0.22024942000000003
0.22123676
0.22155158
0.21986193999999998
0.22077203999999997
0.22147747999999998
0.22114057999999998
0.22041170000000002
0.22023965999999998
0.21975678
0.22057455999999998
0.22056582
0.21979523999999998
0.22030684
0.2199387
0.21973621999999998
0.21919625999999998
0.2217286
0.22088783999999997
0.22023257999999998
0.22048504000000002
0.21991378
0.221555
0.22056591999999997
0.22028468
0.22022855999999996
0.22073276
0.22135316
0.21963534000000004
0.21981969999999998
0.22122451999999998
0.22045367999999999
0.22081716
0.21976433999999997
0.22071388
0.22095938
0.22148137999999995
0.21984773999999999
0.22048331999999998
0.21923628
0.22126047999999998
0.22121175999999998
0.22264696
0.21962738
0.22101998
0.22068937999999996
0.2204692
0.21949449999999998
0.22037654000000004
0.22056063999999995
0.22071461999999997
0.22203489999999998
0.21917442
0.21995497999999997
0.22128795999999998
0.22052142
0.22063505999999997
0.22119793999999998
0.21991948
0.22058297999999993
0.22065429999999997
0.22114404000000001
0.21935906
0.21948961999999997
0.22101294000000002
0.22166301999999993
0.22188423999999998
0.22136227999999997
0.22115089999999996
0.22146727999999996
0.22235833999999996
0.22203537999999995
0.22171348
0.22175419999999996
0.22198342000000001
0.22285914
0.22010062000000002
0.22122104
0.22091523999999998
0.22157642
0.22207385999999998
0.2197769
0.22040621999999999
0.22131568
0.22028233999999997
0.22237326
0.22147624
0.22164961999999996
0.22250241999999998
0.22044657999999998
0.22064554
0.22035851999999997
0.22179089999999996
0.22245873999999996
0.22180532
0.22012077999999996
0.22120615999999999
0.22171278
0.22235623999999996
0.22040868000000002
0.22104003999999997
0.22175005999999997
0.22199672
0.22131588000000002
0.22337681999999998
0.22109507999999997
0.22111469999999997
0.22178165999999996
0.22120803999999997
0.22151951999999994
0.22123728
0.22085301999999998
0.22082631999999996
0.22156911999999998
0.22146656
0.22209685999999998
0.22104838000000002
0.22153319999999999
0.22058292
0.22254831999999997
0.22132896000000002
0.22163465999999998
0.22087719999999997
0.22156016
0.22211361999999998
0.22322488
0.22248441999999996
0.22145485999999998
0.22201679999999996
0.22139733999999997
0.22253085999999997
0.22152506
0.22209278
0.22186733999999997
0.22140614
0.22181221999999998
0.22127277999999997
0.22080395999999997
0.22328751999999993
0.22033602
0.22232561999999997
0.22116825999999995
0.22250245999999996
0.22165796000000001
0.22268594
0.22187939999999998
0.22194806
0.2216919
0.22210723999999998
0.22136105999999997
0.22281267999999999
0.2208636
0.22080879999999997
0.22111765999999997
0.22027849999999996
0.22173868
0.22196595999999996
0.22097787999999993
0.22150573999999998
0.22077979999999997
0.22149783999999997
0.22191165999999996
0.22043024
0.22251405999999996
0.22159155999999997
0.22056057999999998
0.2223811
0.22137739999999997
0.22142449999999997
0.22190842
0.22201161999999997
0.22203873999999998
0.22248669999999998
0.22240551999999994
0.22069915999999992
0.22189627999999995
0.22085439999999992
0.22132481999999995
0.22088611999999994
0.22153437999999995
0.22164523999999994
0.22107793999999997
0.22081921999999995
0.21918195999999998
0.22050433999999997
0.22221451999999997
0.22040145999999997
0.22131827999999995
0.22185367999999994
0.22109453999999995
0.22216918
0.22195293999999996
0.22014405999999995
0.22144951999999993
0.22202321999999997
0.22087307999999994
0.22192323999999997
0.22138927999999997
0.22210493999999997
0.22064089999999997
0.22172993999999996
0.22022361999999995
0.22227865999999996
0.22178021999999994
0.22156309999999999
0.22145795999999998
0.22199791999999996
0.22140065999999994
0.22126257999999996
0.22228717999999997
0.22082767999999994
0.22092507999999994
0.22081907999999997
0.22165065999999997
0.22156093999999996
0.22073937999999999
0.22036043999999994
0.22146301999999998
0.22251759999999998
0.22257693999999995
0.22162415999999996
0.22290081999999994
0.22120903999999997
0.22222481999999996
0.22106759999999995
0.22193685999999993
0.22174609999999995
0.22215819999999994
0.22194343999999994
0.22144571999999993
0.22235091999999995
0.22101715999999996
0.22301989999999997
0.22181951999999996
0.22149767999999995
0.22129683999999994
0.22226199999999996
0.22205233999999993
0.22251937999999996
0.22173353999999995
0.22101145999999997
0.22240807999999998
0.2221193999999999
0.22182013999999994
0.22326335999999997
0.22179183999999996
0.22280121999999994
0.22173861999999997
0.22178582
0.22156961999999997
0.22172437999999997
0.22206431999999993
0.22026607999999995
0.22229741999999994
0.22178737999999995
0.22159277999999993
0.22290269999999995
0.22218743999999993
0.22175795999999995
0.22186087999999998
0.22321395999999996
0.22262163999999993
0.22228741999999996
0.22148453999999995
0.22263931999999997
0.22310125999999997
0.22183723999999994
0.22175253999999994
0.22175313999999996
0.22234809999999997
0.22152419999999995
0.22214569999999995
0.22180869999999994
0.22301539999999995
0.22270595999999998
0.22296617999999996
0.22351201999999992
0.22232567999999994
0.22397087999999993
0.22260085999999993
0.22327497999999996
0.22251145999999994
0.22185705999999997
0.22185015999999994
0.22183763999999997
0.22309057999999993
0.22198111999999995
0.22243967999999995
0.22267989999999993
0.22150653999999995
0.22327837999999992
0.22279897999999995
0.22262079999999998
0.22304081999999995
0.2223856999999999
0.22262131999999993
0.22154561999999992
0.22225067999999998
0.22175263999999997
0.22278323999999997
0.22208183999999995
0.22354345999999997
0.22259713999999994
0.22210353999999996
0.22318473999999994
0.22325867999999996
0.22280521999999994
0.22167943999999992
0.22215753999999996
0.22276195999999995
0.22145559999999997
0.22233257999999992
0.22327619999999992
0.22257965999999993
0.22209243999999995
0.22348145999999997
0.22142437999999992
0.22223335999999994
0.22163733999999993
0.22268699999999997
0.22198475999999992
0.22137751999999997
0.22307189999999996
0.22161237999999994
0.22232883999999994
0.22280025999999997
0.22223979999999993
0.22197219999999995
0.22217319999999993
0.22286303999999993
0.22199757999999994
0.22247527999999994
0.22250455999999993
0.22299557999999994
0.22298923999999992
0.22233213999999996
0.22310287999999992
0.22235605999999994
0.22397193999999995
0.22284161999999996
0.22192331999999992
0.22105129999999995
0.22243757999999997
0.22176465999999995
0.22249899999999997
0.22261093999999995
0.22302609999999995
0.22135237999999993
0.22309253999999992
0.2225922999999999
0.22280615999999995
0.22335773999999994
0.22145105999999995
0.22171083999999994
0.22308333999999996
0.22197081999999996
0.22241701999999997
0.22358745999999993
0.22380107999999993
0.22144145999999995
0.22202847999999997
0.22210293999999994
0.22177521999999997
0.22291321999999994
0.22311113999999996
0.22237125999999996
0.22340525999999994
0.22232875999999993
0.22300153999999991
0.22206461999999993
0.22298391999999997
0.22232221999999996
0.22229941999999994
0.22308243999999994
0.22269899999999992
0.22281451999999993
0.22260311999999996
0.22245721999999993
0.22252341999999992
0.22363363999999997
0.22370897999999995
0.2229163599999999
0.22292459999999992
0.22248527999999992
0.2226832199999999
0.2226764399999999
0.22226935999999994
0.22235571999999995
0.22408817999999997
0.22202427999999994
0.22304613999999995
0.22235609999999995
0.22291345999999992
0.22244239999999993
0.22307547999999996
0.22173021999999995
0.22246289999999994
0.22238941999999995
0.22371573999999994
0.22307381999999992
0.22282753999999994
0.2233431399999999
0.22356497999999994
0.22277165999999993
0.22148793999999994
0.22284435999999994
0.22240722
0.22323111999999995
0.22447815999999995
0.22285097999999995
0.22213093999999994
0.22317247999999992
0.22184437999999992
0.22311585999999994
0.22223383999999993
0.22390825999999997
0.22264977999999996
0.22289861999999996
0.22273109999999996
0.22149909999999992
0.22305465999999996
0.22109091999999997
0.22128081999999993
0.22275901999999995
0.2204506599999999
0.22186639999999996
0.22236233999999996
0.22122641999999992
0.22285465999999993
0.22283691999999994
0.22223643999999992
0.22171227999999993
0.22231547999999995
0.22275367999999993
0.22272771999999996
0.22275767999999993
0.22176247999999993
0.22275407999999997
0.22193437999999993
0.22315445999999994
0.22171747999999994
0.22331269999999998
0.22313357999999994
0.22277929999999993
0.22271747999999994
0.2213951399999999
0.22208437999999997
0.22166625999999995
0.22169227999999994
0.22242807999999992
0.2228270599999999
0.22377705999999997
0.22172627999999997
0.22272499999999998
0.22266509999999998
0.22153823999999994
0.22158539999999996
0.22253399999999993
0.22170815999999996
0.22161527999999994
0.22285445999999992
0.22222249999999996
0.22281755999999994
0.22308911999999995
0.2222182999999999
0.22209759999999995
0.22349853999999997
0.22392497999999997
0.22186153999999994
0.22234069999999992
0.22198891999999992
0.22243697999999995
0.22182917999999993
0.22259905999999993
0.22171341999999997
0.22118259999999995
0.22094619999999993
0.22229875999999998
0.22103279999999992
0.22353871999999997
0.22169127999999996
0.22320197999999997
0.22174465999999995
0.22317479999999992
0.22234875999999992
0.22240393999999994
0.2229210799999999
0.22221055999999995
0.22201433999999998
0.22230921999999997
0.2223980999999999
0.2228331799999999
0.22160505999999994
0.22192579999999995
0.22271281999999992
0.22339343999999997
0.22385819999999995
0.22164423999999994
0.22288165999999993
0.22268969999999996
0.22278529999999996
0.22104637999999993
0.22317383999999993
0.22270773999999996
0.22082039999999992
0.22114309999999995
0.22445935999999997
0.22280213999999993
0.22409263999999993
0.22067676
0.22264903999999994
0.22268703999999992
0.22260207999999992
0.22373127999999995
0.22265761999999992
0.2215130599999999
0.22385039999999992
0.22254485999999993
0.22231563999999993
0.2230243399999999
0.22214773999999995
0.2225921999999999
0.22311491999999994
0.22331217999999992
0.22243931999999994
0.22103781999999994
0.22215923999999995
0.22185529999999998
0.22311057999999995
0.22208737999999995
0.22329931999999997
0.22304321999999993
0.22201115999999996
0.22182329999999995
0.22307171999999995
0.22287963999999996
0.22232755999999995
0.22302593999999992
0.22220149999999997
0.22238937999999997
0.2227237199999999
0.22393571999999995
0.22280699999999995
0.22324425999999994
0.22330243999999994
0.22217749999999992
0.22321159999999995
0.22246773999999994
0.22222111999999997
0.22002031999999994
0.22230793999999995
0.22281843999999995
0.22254903999999992
0.22306465999999994
0.22292753999999995
0.2217900999999999
0.22270362
0.22248441999999993
0.2221115799999999
0.22185145999999997
0.22254889999999997
0.2220036199999999
0.22270869999999995
0.22288535999999998
0.22186951999999993
0.22368173999999993
0.22309385999999998
0.22099265999999992
0.22260799999999997
0.22281495999999998
0.22278677999999996
0.22142277999999993
0.22155445999999998
0.22182117999999995
0.22280951999999993
0.22269415999999992
0.22305715999999998
0.22233333999999993
0.22218009999999996
0.22319021999999994
0.22190301999999995
0.22178317999999997
0.22345205999999995
0.22266711999999994
0.22114707999999997
0.22148507999999992
0.22158277999999995
0.22245757999999996
0.22216567999999995
0.22302411999999996
0.22214709999999996
0.22136781999999997
0.22289191999999994
0.22225973999999998
0.22301205999999993
0.22328155999999993
0.22245433999999997
0.22237021999999995
0.22332405999999996
0.22287599999999994
0.22336481999999996
0.22352913999999996
0.22272143999999996
0.22349016
0.2211286799999999
0.22271961999999995
0.22143815999999994
0.22325431999999992
0.2241157799999999
0.22194603999999996
0.22208193999999992
0.22320853999999998
0.22123271999999994
0.22290643999999993
0.2220442599999999
0.22335047999999996
0.22143981999999995
0.22317821999999993
0.22204787999999995
0.22169971999999993
0.22315191999999992
0.22179535999999994
0.22320849999999992
0.22302555999999993
0.22297681999999994
0.22469345999999996
0.22334695999999993
0.22374009999999994
0.22292831999999996
0.22159867999999996
0.22326393999999994
0.22341991999999994
0.22369103999999992
0.22302339999999993
0.22236877999999993
0.22252751999999995
0.22225965999999997
0.22139985999999998
0.22285335999999994
0.22154961999999995
0.22399849999999993
0.22278811999999995
0.22380435999999995
0.22323707999999998
0.2228421
0.2222712199999999
0.22195517999999992
0.2231742399999999
0.22243453999999993
0.22327273999999997
0.22273687999999991
0.22351358
0.22370635999999997
0.22284411999999992
0.22225517999999994
0.22263559999999993
0.22204271999999997
0.22312093999999993
0.22333835999999996
0.2230120399999999
0.22295179999999995
0.22273543999999995
0.22289289999999995
0.22177309999999995
0.22235541999999994
0.22284627999999995
0.22268731999999994
0.22332117999999995
0.22275495999999997
0.22253077999999996
0.22175577999999996
0.22256489999999995
0.22317869999999995
0.22285889999999994
0.22385989999999992
0.22287929999999995
0.22378005999999995
0.22293335999999994
0.22281541999999996
0.22317781999999994
0.22283503999999993
0.22316965999999994
0.22433259999999994
0.22380499999999998
0.22327821999999994
0.22281349999999997
0.22346937999999994
0.22336671999999996
0.22335547999999997
0.22369819999999996
0.22357767999999992
0.22210599999999997
0.22281397999999997
0.22374925999999995
0.22252639999999993
0.22096303999999997
0.22291087999999995
0.22323503999999997
0.22333685999999997
0.22247061999999995
0.22305657999999995
0.22245893999999994
0.22270487999999994
0.22374061999999995
0.22444121999999997
0.22435071999999992
0.22226667999999994
0.22328675999999995
0.22282905999999997
0.22388723999999996
0.22429869999999993
0.22377351999999995
0.22379669999999996
0.22388337999999997
0.22319817999999994
0.22226929999999992
0.22401033999999995
0.22329471999999995
0.2228606599999999
0.22530615999999995
0.22302599999999995
0.22300019999999995
0.22305969999999994
0.22168221999999993
0.22241317999999993
0.22347753999999995
0.22250451999999996
0.22325655999999994
0.22343461999999994
0.22256653999999995
0.22309919999999994
0.22227809999999995
0.22331863999999993
0.22333563999999995
0.22381299999999993
0.22415701999999993
0.22173469999999995
0.2225223799999999
0.22344989999999995
0.22387301999999992
0.22266209999999995
0.22410087999999995
0.22378797999999997
0.22172929999999993
0.22401945999999995
0.22323963999999993
0.22262217999999995
0.22308705999999995
0.22293933999999993
0.22290873999999994
0.22350443999999997
0.22259965999999998
0.22237535999999994
0.22225569999999997
0.22256079999999998
0.22425805999999995
0.22364633999999994
0.22358859999999992
0.22362419999999994
0.22279421999999996
0.22285627999999996
0.22262129999999997
0.22404011999999998
0.22239425999999995
0.22412793999999997
0.22402907999999996
0.22422787999999994
0.22408007999999996
0.22209461999999994
0.22231063999999992
0.22310767999999995
0.22358531999999998
0.22268741999999997
0.22314923999999994
0.22169583999999992
0.22168651999999994
0.22240727999999998
0.22285387999999995
0.22329071999999997
0.22199491999999993
0.22213463999999994
0.22345131999999993
0.22284015999999995
0.22243199999999994
0.2229700199999999
0.22363775999999994
0.22286013999999996
0.22289301999999997
0.22326303999999994
0.22147037999999994
0.22252655999999996
0.22331623999999992
0.22268801999999993
0.22372941999999996
0.22210157999999994
0.22247955999999994
0.22270473999999993
0.22311519999999996
0.22382859999999993
0.22337893999999994
0.22369117999999996
0.22422365999999996
0.22370073999999995
0.22477365999999996
0.22359217999999992
0.22356827999999992
0.22319929999999993
0.22231801999999995
0.22187457999999996
0.22320145999999993
0.22336115999999995
0.22397893999999993
0.22428203999999996
0.22341093999999995
0.22289651999999993
0.22242799999999996
0.22300829999999996
0.22259363999999998
0.2229676599999999
0.22343067999999996
0.2236785199999999
0.2228235399999999
0.22368257999999996
0.22386567999999996
0.22336687999999996
0.22365275999999995
0.22306327999999997
0.22366361999999995
0.22376647999999996
0.22170027999999994
0.22362657999999996
0.22314207999999994
0.22264739999999997
0.22407031999999993
0.22433337999999992
0.22413777999999993
0.22253025999999998
0.22418673999999997
0.22328331999999995
0.22330131999999991
0.22389165999999996
0.22233651999999993
0.22327389999999994
0.22311277999999996
0.22264961999999996
0.22280227999999994
0.22349099999999994
0.22320671999999994
0.22418269999999993
0.22466791999999994
0.22244125999999995
0.22488821999999994
0.22305989999999995
0.22390971999999995
0.22358741999999993
0.22502561999999998
0.22517419999999994
0.22331613999999994
0.22364643999999995
0.22372283999999998
0.22270217999999997
0.22309257999999996
0.22339949999999995
0.22354519999999997
0.22388895999999994
0.22381367999999996
0.22345877999999997
0.22388675999999996
0.22495305999999995
0.22234333999999994
0.22351859999999996
0.22342437999999995
0.22381465999999997
0.22446107999999995
0.22419741999999995
0.22375605999999998
0.22364833999999995
0.22307539999999995
0.2251102399999999
0.22329339999999995
0.22464277999999996
0.22439262
0.22398057999999998
0.22470785999999998
0.2235516
0.22375175999999997
0.22372517999999997
0.22323917999999998
0.22453997999999994
0.22252947999999997
0.22507849999999993
0.22439007999999994
0.22442836
0.22293974
0.22410195999999996
0.22377903999999993
0.22328045999999993
0.22422776
0.22398333999999995
0.22449955999999996
0.22319197999999993
0.22390026
0.22424187999999998
0.22450725999999996
0.22519173999999997
0.22465111999999998
0.22419605999999995
0.22321667999999995
0.22403827999999998
0.2251128
0.22401991999999996
0.22602386
0.22503005999999995
0.22432221999999996
0.22434389999999993
0.22449115999999997
0.22398015999999996
0.22446787999999995
0.22313971999999993
0.22417207999999994
0.22432359999999996
0.22270809999999996
0.22318733999999996
0.22400413999999993
0.22395705999999996
0.22472883999999993
0.22359265999999997
0.22411882
0.22330277999999995
0.22400746
0.22463395999999997
0.22473971999999998
0.22489575999999997
0.22524428
0.22442223999999997
0.22459145999999994
0.22429771999999992
0.2245133
0.22529279999999996
0.22349479999999994
0.22432085999999996
0.22389393999999996
0.22418043999999995
0.22440029999999997
0.22314867999999996
0.22432843999999996
0.2245522199999999
0.22330225999999997
0.22438825999999992
0.22409687999999994
0.22433973999999995
0.22392221999999998
0.22471281999999995
0.22428999999999996
0.22282605999999994
0.22540715999999997
0.22427683999999992
0.22409803999999997
0.22557261999999995
0.22499295999999994
0.22413487999999993
0.2253719999999999
0.22576107999999998
0.22416443999999994
0.22414401999999994
0.22456979999999993
0.22535435999999998
0.22432617999999993
0.22455299999999995
0.22409865999999995
0.22463907999999996
0.22518973999999997
0.22547767999999999
0.22309207999999994
0.22484673999999993
0.22511775999999997
0.22449057999999997
0.22531781999999997
0.22439149999999997
0.2267037799999999
0.22434085999999995
0.22433183999999998
0.22414304
0.22417505999999995
0.22441561999999998
0.22562073999999996
0.22532935999999995
0.22425839999999994
0.22459578
0.22481023999999997
0.22458893999999996
0.22419077999999995
0.22501517999999998
0.22522307999999996
0.22444075999999996
0.22428551999999996
0.22484513999999994
0.22377793999999995
0.22467927999999993
0.22484031999999993
0.22438155999999995
0.22401757999999994
0.22436815999999996
0.22506491999999995
0.22458963999999995
0.22431019999999996
0.22613547999999994
0.22580011999999997
0.22638437999999994
0.22439893999999996
0.22592657999999993
0.22475419999999993
0.22443111999999996
0.22444267999999998
0.22543979999999997
0.22526761999999995
0.22466725999999998
0.22597433999999994
0.22414999999999996
0.22471739999999993
0.22599785999999994
0.22437871999999992
0.22482995999999994
0.22512491999999995
0.22530163999999997
0.22531723999999997
0.22513553999999997
0.22387719999999997
0.22393081999999997
0.22464367999999993
0.22573549999999998
0.22640619999999995
0.22516781999999996
0.22492671999999994
0.22480813999999996
0.22572767999999996
0.22461655999999994
0.22620817999999993
0.22502347999999994
0.22609515999999996
0.22492939999999995
0.22529129999999994
0.22426803999999995
0.22501287999999994
0.22599969999999994
0.22605361999999993
0.22711587999999996
0.22502721999999994
0.22511703999999993
