0.05435599999999998
0.0844079999999999
0.0844079999999999
0.09085999999999997
0.10867200000000007
0.10867200000000007
0.11112000000000002
0.11904399999999996
0.13123600000000002
0.13123600000000002
0.13123600000000002
0.13342000000000012
0.13342000000000012
0.13827600000000015
0.13883200000000012
0.14253199999999994
0.15086400000000003
0.15086400000000003
0.15086400000000003
0.15086400000000003
0.16363199999999994
0.16363199999999994
0.16363199999999994
0.16363199999999994
0.16363199999999994
0.16363199999999994
0.16363199999999994
0.16363199999999994
0.16363199999999994
0.16363199999999994
0.16363199999999994
0.16379599999999986
0.16379599999999986
0.1662080000000001
0.1662080000000001
0.1662080000000001
0.1662080000000001
0.16707199999999994
0.16707199999999994
0.16714400000000001
0.16714400000000001
0.16714400000000001
0.17255599999999993
0.17255599999999993
0.17255599999999993
0.17255599999999993
0.17255599999999993
0.17255599999999993
0.17255599999999993
0.17255599999999993
0.17606399999999997
0.17606399999999997
0.17606399999999997
0.17606399999999997
0.1796359999999999
0.18152799999999977
0.18152799999999977
0.18450400000000006
0.18450400000000006
0.18450400000000006
0.18450400000000006
0.18450400000000006
0.18607200000000004
0.18607200000000004
0.18607200000000004
0.18607200000000004
0.19062
0.19062
0.19062
0.1913639999999999
0.1913639999999999
0.19268399999999988
0.19268399999999988
0.19268399999999988
0.19268399999999988
0.19268399999999988
0.1928680000000001
0.1928680000000001
0.1928680000000001
0.1928680000000001
0.1928680000000001
0.1928680000000001
0.1928680000000001
0.1928680000000001
0.1928680000000001
0.20254399999999986
0.20254399999999986
0.20254399999999986
0.20254399999999986
0.20254399999999986
0.20254399999999986
0.20254399999999986
0.20254399999999986
0.20254399999999986
0.20254399999999986
0.20254399999999986
0.20254399999999986
0.20254399999999986
0.20254399999999986
0.20254399999999986
0.20254399999999986
0.20254399999999986
0.20254399999999986
0.20254399999999986
0.20254399999999986
0.20254399999999986
0.20254399999999986
0.20254399999999986
0.20254399999999986
0.20254399999999986
0.20254399999999986
0.20254399999999986
0.20254399999999986
0.20254399999999986
0.20254399999999986
0.20254399999999986
0.20254399999999986
0.20254399999999986
0.20254399999999986
0.20254399999999986
0.20254399999999986
0.20254399999999986
0.20254399999999986
0.20306399999999983
0.20306399999999983
0.20306399999999983
0.20306399999999983
0.20306399999999983
0.20306399999999983
0.20306399999999983
0.20306399999999983
0.20306399999999983
0.20306399999999983
0.20306399999999983
0.20306399999999983
0.20306399999999983
0.20306399999999983
0.20600799999999977
0.20600799999999977
0.20600799999999977
0.20600799999999977
0.20600799999999977
0.2101039999999999
0.2101039999999999
0.2101039999999999
0.2101039999999999
0.2101039999999999
0.2101039999999999
0.2101039999999999
0.2101039999999999
0.2101039999999999
0.2101039999999999
0.2101039999999999
0.2101039999999999
0.2101039999999999
0.2101039999999999
0.2101039999999999
0.2101039999999999
0.2101039999999999
0.2101039999999999
0.2101039999999999
0.2101039999999999
0.2101039999999999
0.2101039999999999
0.2101039999999999
0.2101039999999999
0.2101039999999999
0.2101039999999999
0.2101039999999999
0.2101039999999999
0.2101039999999999
0.21038
0.21038
0.21038
0.21161200000000022
0.21161200000000022
0.21161200000000022
0.21161200000000022
0.21161200000000022
0.21161200000000022
0.21161200000000022
0.21161200000000022
0.21161200000000022
0.21161200000000022
0.21161200000000022
0.21161200000000022
0.21161200000000022
0.21161200000000022
0.21161200000000022
0.21161200000000022
0.21161200000000022
0.21161200000000022
0.21161200000000022
0.21161200000000022
0.21161200000000022
0.21161200000000022
0.21161200000000022
0.21161200000000022
0.21161200000000022
0.21161200000000022
0.21161200000000022
0.21161200000000022
0.21161200000000022
0.21161200000000022
0.21161200000000022
0.21161200000000022
0.21161200000000022
0.21161200000000022
0.21161200000000022
0.21161200000000022
0.21161200000000022
0.21161200000000022
0.21161200000000022
0.21161200000000022
0.21161200000000022
0.21161200000000022
0.21161200000000022
0.21161200000000022
0.21161200000000022
0.21161200000000022
0.21161200000000022
0.21161200000000022
0.21161200000000022
0.21161200000000022
0.21161200000000022
0.21161200000000022
0.21161200000000022
0.21161200000000022
0.21161200000000022
0.21161200000000022
0.21161200000000022
0.21402399999999988
0.21402399999999988
0.21402399999999988
0.21402399999999988
0.21402399999999988
0.21402399999999988
0.21402399999999988
0.21402399999999988
0.21402399999999988
0.21526400000000012
0.21526400000000012
0.21526400000000012
0.21526400000000012
0.21526400000000012
0.21526400000000012
0.21584000000000014
0.21584000000000014
0.21584000000000014
0.21584000000000014
0.21584000000000014
0.21943600000000002
0.22523600000000005
0.22523600000000005
0.22523600000000005
0.22523600000000005
0.22523600000000005
0.22523600000000005
0.22523600000000005
0.22523600000000005
0.22704400000000005
0.22704400000000005
0.22776000000000013
0.22776000000000013
0.22776000000000013
0.22776000000000013
0.22776000000000013
0.22776000000000013
0.22776000000000013
0.22776000000000013
0.22776000000000013
0.22776000000000013
0.22776000000000013
0.22776000000000013
0.22776000000000013
0.22776000000000013
0.22776000000000013
0.22776000000000013
0.22776000000000013
0.22922000000000017
0.22922000000000017
0.22981599999999994
0.22981599999999994
0.22981599999999994
0.22981599999999994
0.22981599999999994
0.22981599999999994
0.22981599999999994
0.22981599999999994
0.22981599999999994
0.22981599999999994
0.22981599999999994
0.22981599999999994
0.22981599999999994
0.22981599999999994
0.22981599999999994
0.22981599999999994
0.22981599999999994
0.22981599999999994
0.22981599999999994
0.22981599999999994
0.22981599999999994
0.22981599999999994
0.22981599999999994
0.22981599999999994
0.22981599999999994
0.22981599999999994
0.22981599999999994
0.22981599999999994
0.22981599999999994
0.22981599999999994
0.22981599999999994
0.22981599999999994
0.22981599999999994
0.22981599999999994
0.22981599999999994
0.22981599999999994
0.22981599999999994
0.22981599999999994
0.22981599999999994
0.22981599999999994
0.22981599999999994
0.22981599999999994
0.22981599999999994
0.22981599999999994
0.22981599999999994
0.22981599999999994
0.22981599999999994
0.22981599999999994
0.22981599999999994
0.22981599999999994
0.22981599999999994
0.22981599999999994
0.22981599999999994
0.22981599999999994
0.22981599999999994
0.22981599999999994
0.22981599999999994
0.22981599999999994
0.23336399999999993
0.23336399999999993
0.23336399999999993
0.23336399999999993
0.23336399999999993
0.23336399999999993
0.23336399999999993
0.23336399999999993
0.23336399999999993
0.23336399999999993
0.23336399999999993
0.23336399999999993
0.23336399999999993
0.23336399999999993
0.23336399999999993
0.23336399999999993
0.23336399999999993
0.23336399999999993
0.23336399999999993
0.23336399999999993
0.23336399999999993
0.23336399999999993
0.23336399999999993
0.23336399999999993
0.23336399999999993
0.23336399999999993
0.23336399999999993
0.23336399999999993
0.23442399999999994
0.23442399999999994
0.23442399999999994
0.23442399999999994
0.23442399999999994
0.23442399999999994
0.23442399999999994
0.23442399999999994
0.23442399999999994
0.23442399999999994
0.23442399999999994
0.23442399999999994
0.23442399999999994
0.23442399999999994
0.23442399999999994
0.23442399999999994
0.23442399999999994
0.23442399999999994
0.23442399999999994
0.23642000000000013
0.23642000000000013
0.23642000000000013
0.23642000000000013
0.23642000000000013
0.23642000000000013
0.23642000000000013
0.23642000000000013
0.23642000000000013
0.23642000000000013
0.23642000000000013
0.23642000000000013
0.23642000000000013
0.23642000000000013
0.23642000000000013
0.23642000000000013
0.23642000000000013
0.23642000000000013
0.23642000000000013
0.23642000000000013
0.23642000000000013
0.23642000000000013
0.23642000000000013
0.23642000000000013
0.23642000000000013
0.23642000000000013
0.23642000000000013
0.23642000000000013
0.23642000000000013
0.23642000000000013
0.23642000000000013
0.23642000000000013
0.23642000000000013
0.23642000000000013
0.23642000000000013
0.23642000000000013
0.23642000000000013
0.23642000000000013
0.23642000000000013
0.23642000000000013
0.23955599999999994
0.23955599999999994
0.23955599999999994
0.23955599999999994
0.23955599999999994
0.23955599999999994
0.23955599999999994
0.23955599999999994
0.23955599999999994
0.23955599999999994
0.23955599999999994
0.23955599999999994
0.23955599999999994
0.23955599999999994
0.23955599999999994
0.23955599999999994
0.23955599999999994
0.244196
0.244196
0.244196
0.244196
0.244196
0.244196
0.244196
0.244196
0.244196
0.244196
0.244196
0.244196
0.244196
0.244196
0.244196
0.244196
0.244196
0.244196
0.24502399999999988
0.24502399999999988
0.24502399999999988
0.24502399999999988
0.24502399999999988
0.24502399999999988
0.24502399999999988
0.24502399999999988
0.24502399999999988
0.24502399999999988
0.24502399999999988
0.24502399999999988
0.24502399999999988
0.24502399999999988
0.24502399999999988
0.24502399999999988
0.24502399999999988
0.24502399999999988
0.24502399999999988
0.24502399999999988
0.24502399999999988
0.24502399999999988
0.24502399999999988
0.24502399999999988
0.24502399999999988
0.24502399999999988
0.24502399999999988
0.24502399999999988
0.24502399999999988
0.24502399999999988
0.24502399999999988
0.24502399999999988
0.24502399999999988
0.24502399999999988
0.24502399999999988
0.24502399999999988
0.24502399999999988
0.24502399999999988
0.24502399999999988
0.24502399999999988
0.24502399999999988
0.24502399999999988
0.24502399999999988
0.24502399999999988
0.24502399999999988
0.24502399999999988
0.24502399999999988
0.24502399999999988
0.24502399999999988
0.24502399999999988
0.24502399999999988
0.24502399999999988
0.24502399999999988
0.24502399999999988
0.24502399999999988
0.24502399999999988
0.24502399999999988
0.24502399999999988
0.24502399999999988
0.24502399999999988
0.24502399999999988
0.24502399999999988
0.24502399999999988
0.24502399999999988
0.24502399999999988
0.24502399999999988
0.24502399999999988
0.24502399999999988
0.24502399999999988
0.24502399999999988
0.24502399999999988
0.24502399999999988
0.24502399999999988
0.24502399999999988
0.24502399999999988
0.24502399999999988
0.24502399999999988
0.24502399999999988
0.24502399999999988
0.24502399999999988
0.24502399999999988
0.24502399999999988
0.24502399999999988
0.24502399999999988
0.24502399999999988
0.24502399999999988
0.2512119999999999
0.2512119999999999
0.2512119999999999
0.2512119999999999
0.2512119999999999
0.2512119999999999
0.2512119999999999
0.2512119999999999
0.2512119999999999
0.2512119999999999
0.2512119999999999
0.2512119999999999
0.2512119999999999
0.2512119999999999
0.2512119999999999
0.2512119999999999
0.2512119999999999
0.2512119999999999
0.2512119999999999
0.2512119999999999
0.2512119999999999
0.2512119999999999
0.2512119999999999
0.2512119999999999
0.2512119999999999
0.25141199999999997
0.25141199999999997
0.25141199999999997
0.25141199999999997
0.25141199999999997
0.25141199999999997
0.25141199999999997
0.25141199999999997
0.25141199999999997
0.25141199999999997
0.25141199999999997
0.25141199999999997
0.25141199999999997
0.25141199999999997
0.25141199999999997
0.25141199999999997
0.25141199999999997
0.25141199999999997
0.25141199999999997
0.25141199999999997
0.25141199999999997
0.25141199999999997
0.25141199999999997
0.25141199999999997
0.25141199999999997
0.25141199999999997
0.25141199999999997
0.25141199999999997
0.25141199999999997
0.25141199999999997
0.25141199999999997
0.25141199999999997
0.25141199999999997
0.25141199999999997
0.25141199999999997
0.25141199999999997
0.25141199999999997
0.25141199999999997
0.25141199999999997
0.25141199999999997
0.25141199999999997
0.25141199999999997
0.25141199999999997
0.25141199999999997
0.25141199999999997
0.25141199999999997
0.25141199999999997
0.25141199999999997
0.25141199999999997
0.25141199999999997
0.25141199999999997
0.25141199999999997
0.25141199999999997
0.25141199999999997
0.25141199999999997
0.25141199999999997
0.25141199999999997
0.25141199999999997
0.25141199999999997
0.25141199999999997
0.25141199999999997
0.25141199999999997
0.25141199999999997
0.25141199999999997
0.25141199999999997
0.25141199999999997
0.25141199999999997
0.25141199999999997
0.25141199999999997
0.25141199999999997
0.25141199999999997
0.25141199999999997
0.25141199999999997
0.25141199999999997
0.25141199999999997
0.25141199999999997
0.25141199999999997
0.25141199999999997
0.25141199999999997
0.25141199999999997
0.25141199999999997
0.25141199999999997
0.25141199999999997
0.25141199999999997
0.25141199999999997
0.25141199999999997
0.25141199999999997
0.25141199999999997
0.25141199999999997
0.25141199999999997
0.25141199999999997
0.25141199999999997
0.25141199999999997
0.25141199999999997
0.25141199999999997
0.25141199999999997
0.25141199999999997
0.25141199999999997
0.25141199999999997
0.25141199999999997
0.25141199999999997
0.25141199999999997
0.25141199999999997
0.25141199999999997
0.25141199999999997
0.25141199999999997
0.25141199999999997
0.25141199999999997
0.25141199999999997
0.25141199999999997
0.25141199999999997
0.25141199999999997
0.25141199999999997
0.25141199999999997
0.25511999999999996
0.25511999999999996
0.25511999999999996
0.25511999999999996
0.25511999999999996
0.25511999999999996
0.25511999999999996
0.25511999999999996
0.25511999999999996
0.25511999999999996
0.25511999999999996
0.25511999999999996
0.25511999999999996
0.25511999999999996
0.25511999999999996
0.25511999999999996
0.25511999999999996
0.25511999999999996
0.25511999999999996
0.25511999999999996
0.25511999999999996
0.25511999999999996
0.25511999999999996
0.25511999999999996
0.25511999999999996
0.25511999999999996
0.25511999999999996
0.25511999999999996
0.25511999999999996
0.25511999999999996
0.25511999999999996
0.25511999999999996
0.25511999999999996
0.25511999999999996
0.25511999999999996
0.25511999999999996
0.25511999999999996
0.25511999999999996
0.25511999999999996
0.25511999999999996
0.25511999999999996
0.25511999999999996
0.25511999999999996
0.25511999999999996
0.25511999999999996
0.25511999999999996
0.25511999999999996
0.25511999999999996
0.25511999999999996
0.25511999999999996
0.25511999999999996
0.25511999999999996
0.25511999999999996
0.25511999999999996
0.25511999999999996
0.25511999999999996
0.25511999999999996
0.25511999999999996
0.25511999999999996
0.25511999999999996
0.25511999999999996
0.25511999999999996
0.25511999999999996
0.25511999999999996
0.25511999999999996
0.25511999999999996
0.25511999999999996
0.25511999999999996
0.25511999999999996
0.25511999999999996
0.25511999999999996
0.25511999999999996
0.25511999999999996
0.25511999999999996
0.25511999999999996
0.25511999999999996
0.25511999999999996
0.25511999999999996
0.25511999999999996
0.25511999999999996
0.25511999999999996
0.25511999999999996
0.25511999999999996
0.25511999999999996
0.25511999999999996
0.25511999999999996
0.25511999999999996
0.25511999999999996
0.25511999999999996
0.25511999999999996
0.25511999999999996
0.25511999999999996
0.25511999999999996
0.25511999999999996
0.25511999999999996
0.25511999999999996
0.25511999999999996
0.25511999999999996
0.25511999999999996
0.25511999999999996
0.25511999999999996
0.25511999999999996
0.25511999999999996
0.25511999999999996
0.25511999999999996
0.25511999999999996
0.25511999999999996
0.25511999999999996
0.25511999999999996
0.25511999999999996
0.25511999999999996
0.25511999999999996
0.25511999999999996
0.25511999999999996
0.25511999999999996
0.25511999999999996
0.25511999999999996
0.25511999999999996
0.25511999999999996
0.25511999999999996
0.25511999999999996
0.25511999999999996
0.25511999999999996
0.25511999999999996
0.25511999999999996
0.25511999999999996
0.25511999999999996
0.25511999999999996
0.25511999999999996
0.25511999999999996
0.25511999999999996
0.25511999999999996
0.25511999999999996
0.25511999999999996
0.25511999999999996
0.25511999999999996
0.25511999999999996
0.25511999999999996
0.25511999999999996
0.25511999999999996
0.25511999999999996
0.25511999999999996
0.25511999999999996
0.25511999999999996
0.25511999999999996
0.25511999999999996
0.25511999999999996
0.25511999999999996
0.25511999999999996
0.25511999999999996
0.25511999999999996
0.25511999999999996
0.25511999999999996
0.25511999999999996
0.25511999999999996
0.25511999999999996
0.25511999999999996
0.25511999999999996
0.25511999999999996
0.25511999999999996
0.25511999999999996
0.25511999999999996
0.25511999999999996
0.25511999999999996
0.25511999999999996
0.25511999999999996
0.25511999999999996
0.25511999999999996
0.25511999999999996
0.25511999999999996
0.25511999999999996
0.25511999999999996
0.25511999999999996
0.25511999999999996
0.25511999999999996
0.25511999999999996
0.25511999999999996
0.25511999999999996
0.25511999999999996
0.25511999999999996
0.25511999999999996
0.25511999999999996
0.25511999999999996
0.25511999999999996
0.25511999999999996
0.25511999999999996
0.25511999999999996
0.25511999999999996
0.25511999999999996
0.25511999999999996
0.25511999999999996
0.25511999999999996
0.25511999999999996
0.25511999999999996
0.25511999999999996
0.25511999999999996
0.2605039999999996
0.2605039999999996
0.2605039999999996
0.2605039999999996
0.2605039999999996
0.2605039999999996
0.2605039999999996
0.2605039999999996
0.2605039999999996
0.2605039999999996
0.2605039999999996
0.2605039999999996
0.2605039999999996
0.2605039999999996
0.2605039999999996
0.2605039999999996
0.2605039999999996
0.2605039999999996
0.2605039999999996
0.2605039999999996
0.2605039999999996
0.2605039999999996
0.2605039999999996
0.2605039999999996
0.2605039999999996
0.2605039999999996
0.2605039999999996
0.2605039999999996
0.2605039999999996
0.2605039999999996
0.2605039999999996
0.2605039999999996
0.2605039999999996
0.2605039999999996
0.2605039999999996
0.2605039999999996
0.2605039999999996
0.2605039999999996
0.2605039999999996
0.2605039999999996
0.2605039999999996
0.2605039999999996
0.2605039999999996
0.2605039999999996
0.2605039999999996
0.2605039999999996
0.2605039999999996
0.2605039999999996
0.2605039999999996
0.2605039999999996
0.2605039999999996
0.2605039999999996
0.2605039999999996
0.2605039999999996
0.2605039999999996
0.2605039999999996
0.2605039999999996
0.2605039999999996
0.2605039999999996
0.2605039999999996
0.2605039999999996
0.2605039999999996
0.2605039999999996
0.2605039999999996
0.2605039999999996
0.2605039999999996
0.2605039999999996
0.2605039999999996
0.2605039999999996
0.2605039999999996
0.2605039999999996
0.2605039999999996
0.2605039999999996
0.2605039999999996
0.2605039999999996
0.2605039999999996
0.2605039999999996
0.2605039999999996
0.2605039999999996
0.2605039999999996
0.2605039999999996
0.2605039999999996
0.2605039999999996
0.2605039999999996
0.2605039999999996
0.2605039999999996
0.2605039999999996
0.2605039999999996
0.2605039999999996
0.2605039999999996
0.2605039999999996
0.2605039999999996
0.2605039999999996
0.2605039999999996
0.2605039999999996
0.2605039999999996
0.2605039999999996
0.2605039999999996
0.2605039999999996
0.2605039999999996
0.2605039999999996
0.2605039999999996
0.2605039999999996
0.2605039999999996
0.2605039999999996
0.2605039999999996
0.2605039999999996
0.2605039999999996
0.2605039999999996
0.2605039999999996
0.2605039999999996
0.2605039999999996
0.2605039999999996
0.2605039999999996
0.2605039999999996
0.2605039999999996
0.2605039999999996
0.2605039999999996
0.2605039999999996
0.2605039999999996
0.2605039999999996
0.2605039999999996
0.2605039999999996
0.2605039999999996
0.2605039999999996
0.2605039999999996
0.2605039999999996
0.2605039999999996
0.2605039999999996
0.2605039999999996
0.2605039999999996
0.2605039999999996
0.2605039999999996
0.2605039999999996
0.2605039999999996
0.2605039999999996
0.2605039999999996
0.2605039999999996
0.26067999999999975
0.26067999999999975
0.26067999999999975
0.26067999999999975
0.26067999999999975
0.26067999999999975
0.26067999999999975
0.26067999999999975
0.26067999999999975
0.26067999999999975
0.26067999999999975
0.26067999999999975
0.26067999999999975
0.26067999999999975
0.26067999999999975
0.26067999999999975
0.26067999999999975
0.26067999999999975
0.26067999999999975
0.26067999999999975
0.26067999999999975
0.26067999999999975
0.26067999999999975
0.26067999999999975
0.26067999999999975
0.26067999999999975
0.26067999999999975
0.26067999999999975
0.26067999999999975
0.26067999999999975
0.26067999999999975
0.26067999999999975
0.26067999999999975
0.26067999999999975
0.26067999999999975
0.26067999999999975
0.26067999999999975
0.26067999999999975
0.26067999999999975
0.26067999999999975
0.26067999999999975
0.26067999999999975
0.26067999999999975
0.26067999999999975
0.26067999999999975
0.26067999999999975
0.26067999999999975
0.26067999999999975
0.26067999999999975
0.26067999999999975
0.26067999999999975
0.26067999999999975
0.26067999999999975
0.26067999999999975
0.26067999999999975
0.26067999999999975
0.26067999999999975
0.26067999999999975
0.26067999999999975
0.26067999999999975
0.26067999999999975
0.26067999999999975
0.26067999999999975
0.26067999999999975
0.26067999999999975
0.26067999999999975
0.26067999999999975
0.26067999999999975
0.26067999999999975
0.26067999999999975
0.26067999999999975
0.26067999999999975
0.26067999999999975
0.26067999999999975
0.26067999999999975
0.26067999999999975
0.26067999999999975
0.26067999999999975
0.26067999999999975
0.26067999999999975
0.26067999999999975
0.26067999999999975
0.26067999999999975
0.26067999999999975
0.26067999999999975
0.26067999999999975
0.26067999999999975
0.26067999999999975
0.26067999999999975
0.26067999999999975
0.26067999999999975
0.26067999999999975
0.26067999999999975
0.26067999999999975
0.26067999999999975
0.26067999999999975
0.26067999999999975
0.26067999999999975
0.26067999999999975
0.26067999999999975
0.26067999999999975
0.26067999999999975
0.26067999999999975
0.26067999999999975
0.26067999999999975
0.26067999999999975
0.26067999999999975
0.26067999999999975
0.26067999999999975
0.26067999999999975
0.26067999999999975
0.26067999999999975
0.26067999999999975
0.26067999999999975
0.26067999999999975
0.26067999999999975
0.26067999999999975
0.26067999999999975
0.26067999999999975
0.26067999999999975
0.26067999999999975
0.26067999999999975
0.26067999999999975
0.26067999999999975
0.26067999999999975
0.26067999999999975
0.26067999999999975
0.26067999999999975
0.26067999999999975
0.26067999999999975
0.26067999999999975
0.26067999999999975
0.26067999999999975
0.26067999999999975
0.26067999999999975
0.26067999999999975
0.26067999999999975
0.26067999999999975
0.26067999999999975
0.26067999999999975
0.26067999999999975
0.26067999999999975
0.26067999999999975
0.26067999999999975
0.26067999999999975
0.26067999999999975
0.26067999999999975
0.26067999999999975
0.26067999999999975
0.261612
0.261612
0.261612
0.261612
0.261612
0.261612
0.261612
0.261612
0.261612
0.261612
0.261612
0.261612
0.261612
0.261612
0.261612
0.261612
0.261612
0.261612
0.261612
0.261612
0.261612
0.261612
0.261612
0.261612
0.261612
0.261612
0.261612
0.261612
0.261612
0.261612
0.261612
0.261612
0.261612
0.261612
0.261612
0.261612
0.261612
0.261612
0.261612
0.261612
0.261612
0.261612
0.261612
0.261612
0.261612
0.261612
0.261612
0.261612
0.261612
0.261612
0.261612
0.261612
0.261612
0.261612
0.261612
0.261612
0.261612
0.261612
0.261612
0.261612
0.2632839999999999
0.2632839999999999
0.2632839999999999
0.2632839999999999
0.2632839999999999
0.2632839999999999
0.2632839999999999
0.2632839999999999
0.2632839999999999
0.2632839999999999
0.2632839999999999
0.2632839999999999
0.2632839999999999
0.2632839999999999
0.2632839999999999
0.2632839999999999
0.2632839999999999
0.2632839999999999
0.2632839999999999
0.2632839999999999
0.2632839999999999
0.2632839999999999
0.2632839999999999
0.2632839999999999
0.2632839999999999
0.2632839999999999
0.2632839999999999
0.2632839999999999
0.2632839999999999
0.2632839999999999
0.2632839999999999
0.2632839999999999
0.2632839999999999
0.2632839999999999
0.2632839999999999
0.2632839999999999
0.2632839999999999
0.2632839999999999
0.2632839999999999
0.2632839999999999
0.2632839999999999
0.2632839999999999
0.2632839999999999
0.2632839999999999
0.2632839999999999
0.2632839999999999
0.2632839999999999
0.2632839999999999
0.2632839999999999
0.2632839999999999
0.2632839999999999
0.2632839999999999
0.2632839999999999
0.2632839999999999
0.2632839999999999
0.2632839999999999
0.2632839999999999
0.2632839999999999
0.2632839999999999
0.2632839999999999
0.2632839999999999
0.2632839999999999
0.2632839999999999
0.2632839999999999
0.2632839999999999
0.2632839999999999
0.2632839999999999
0.2632839999999999
0.2632839999999999
0.2632839999999999
0.2632839999999999
0.2632839999999999
0.2632839999999999
0.2632839999999999
0.2632839999999999
0.2632839999999999
0.2632839999999999
0.2632839999999999
0.2632839999999999
0.2632839999999999
0.2632839999999999
0.2632839999999999
0.2632839999999999
0.2632839999999999
0.2632839999999999
0.2632839999999999
0.2632839999999999
0.2632839999999999
0.2632839999999999
0.2632839999999999
0.2632839999999999
0.2632839999999999
0.2632839999999999
0.2632839999999999
0.2632839999999999
0.2632839999999999
0.2632839999999999
0.2632839999999999
0.2632839999999999
0.2632839999999999
0.2632839999999999
0.2632839999999999
0.2632839999999999
0.2632839999999999
0.2632839999999999
0.2632839999999999
0.2632839999999999
0.2632839999999999
0.2632839999999999
0.2632839999999999
0.2632839999999999
0.2632839999999999
0.2632839999999999
0.2632839999999999
0.2632839999999999
0.2632839999999999
0.2632839999999999
0.2632839999999999
0.2632839999999999
0.2632839999999999
0.2632839999999999
0.2632839999999999
0.2632839999999999
0.2632839999999999
0.2632839999999999
0.2632839999999999
0.2632839999999999
0.2632839999999999
0.2632839999999999
0.2632839999999999
0.2632839999999999
0.2632839999999999
0.2632839999999999
0.2632839999999999
0.2632839999999999
0.2632839999999999
0.2632839999999999
0.2632839999999999
0.2632839999999999
0.2632839999999999
0.2632839999999999
0.2632839999999999
0.2632839999999999
0.2632839999999999
0.2632839999999999
0.2632839999999999
0.2632839999999999
0.2632839999999999
0.2632839999999999
0.2632839999999999
0.2632839999999999
0.2632839999999999
0.2632839999999999
0.2632839999999999
0.2632839999999999
0.2632839999999999
0.2632839999999999
0.2632839999999999
0.2632839999999999
0.2632839999999999
0.2632839999999999
0.2632839999999999
0.2632839999999999
0.2632839999999999
0.2632839999999999
0.2632839999999999
0.2632839999999999
0.2632839999999999
0.2632839999999999
0.2632839999999999
0.2632839999999999
0.2632839999999999
0.2632839999999999
0.2632839999999999
0.2632839999999999
0.2632839999999999
0.2632839999999999
0.2632839999999999
0.2632839999999999
0.2632839999999999
0.2632839999999999
0.2632839999999999
0.2632839999999999
0.2632839999999999
0.2632839999999999
0.2632839999999999
0.2632839999999999
0.2632839999999999
0.2632839999999999
0.2632839999999999
0.2632839999999999
0.2632839999999999
0.2632839999999999
0.2632839999999999
0.2632839999999999
0.2632839999999999
0.2632839999999999
0.2632839999999999
0.2632839999999999
0.2632839999999999
0.2632839999999999
0.2632839999999999
0.2632839999999999
0.2632839999999999
0.2632839999999999
0.2632839999999999
0.2632839999999999
0.2632839999999999
0.2632839999999999
0.2632839999999999
0.2632839999999999
0.2632839999999999
0.2632839999999999
0.2632839999999999
0.2632839999999999
0.2632839999999999
0.2632839999999999
0.2632839999999999
0.2632839999999999
0.2632839999999999
0.2632839999999999
0.2632839999999999
0.2632839999999999
0.2632839999999999
0.2632839999999999
0.2632839999999999
0.2632839999999999
0.2632839999999999
0.2632839999999999
0.2632839999999999
0.2632839999999999
0.2632839999999999
0.2632839999999999
0.2632839999999999
0.2632839999999999
0.2632839999999999
0.2632839999999999
0.2632839999999999
0.2632839999999999
0.2632839999999999
0.2632839999999999
0.2632839999999999
0.2632839999999999
0.2632839999999999
0.2632839999999999
0.2632839999999999
0.2632839999999999
0.2632839999999999
0.2632839999999999
0.2632839999999999
0.2632839999999999
0.2632839999999999
0.2632839999999999
0.2632839999999999
0.2632839999999999
0.2632839999999999
0.2632839999999999
0.2632839999999999
0.2632839999999999
0.2632839999999999
0.2632839999999999
0.2632839999999999
0.2632839999999999
0.2632839999999999
0.2632839999999999
0.2632839999999999
0.2632839999999999
0.2632839999999999
0.2632839999999999
0.2632839999999999
0.2632839999999999
0.2632839999999999
0.2632839999999999
0.2632839999999999
0.2632839999999999
0.2632839999999999
0.2632839999999999
0.2632839999999999
0.2632839999999999
0.2632839999999999
0.2632839999999999
0.2632839999999999
0.2632839999999999
0.2632839999999999
0.2632839999999999
0.2632839999999999
0.2632839999999999
0.2632839999999999
0.2632839999999999
0.2632839999999999
0.2632839999999999
0.2632839999999999
0.2632839999999999
0.2632839999999999
0.2632839999999999
0.2632839999999999
0.2632839999999999
0.2632839999999999
0.2632839999999999
0.2632839999999999
0.2632839999999999
0.2632839999999999
0.2632839999999999
0.2632839999999999
0.2632839999999999
0.2632839999999999
0.2632839999999999
0.2632839999999999
0.2632839999999999
0.2632839999999999
0.2632839999999999
0.2632839999999999
0.2632839999999999
0.2632839999999999
0.2632839999999999
0.2632839999999999
0.2632839999999999
0.2632839999999999
0.2632839999999999
0.2632839999999999
0.2632839999999999
0.2632839999999999
0.2632839999999999
0.2632839999999999
0.2632839999999999
0.2632839999999999
0.2632839999999999
0.2632839999999999
0.2632839999999999
0.2632839999999999
0.2632839999999999
0.2632839999999999
0.2632839999999999
0.2632839999999999
0.2632839999999999
0.2632839999999999
0.2632839999999999
0.2632839999999999
0.2632839999999999
0.2632839999999999
0.2632839999999999
0.2632839999999999
0.2632839999999999
0.2632839999999999
0.2632839999999999
0.2632839999999999
0.2632839999999999
0.2632839999999999
0.2632839999999999
0.2632839999999999
0.2632839999999999
0.2632839999999999
0.2632839999999999
0.2632839999999999
0.2632839999999999
0.2632839999999999
0.2632839999999999
0.2632839999999999
0.2632839999999999
0.2632839999999999
0.2632839999999999
0.2632839999999999
0.2632839999999999
0.2632839999999999
0.2632839999999999
0.2632839999999999
0.2632839999999999
0.2632839999999999
0.2632839999999999
0.2632839999999999
0.2632839999999999
0.2632839999999999
0.2632839999999999
0.2632839999999999
0.2632839999999999
0.2632839999999999
0.2632839999999999
0.2632839999999999
0.2632839999999999
0.2632839999999999
0.2632839999999999
0.2632839999999999
0.2632839999999999
0.2632839999999999
0.2632839999999999
0.2632839999999999
0.2632839999999999
0.2632839999999999
0.2632839999999999
0.2632839999999999
0.2632839999999999
0.2632839999999999
0.2632839999999999
0.2632839999999999
0.2632839999999999
0.2632839999999999
0.2632839999999999
0.2632839999999999
0.2632839999999999
0.2632839999999999
0.2632839999999999
0.2632839999999999
0.2632839999999999
0.2632839999999999
0.2632839999999999
0.2632839999999999
0.2632839999999999
0.2632839999999999
0.2632839999999999
0.2632839999999999
0.2632839999999999
0.2632839999999999
0.2632839999999999
0.2632839999999999
0.2632839999999999
0.2632839999999999
0.2632839999999999
0.2632839999999999
0.2632839999999999
0.2632839999999999
0.2632839999999999
0.2632839999999999
0.2632839999999999
0.2632839999999999
0.2632839999999999
0.2632839999999999
0.2632839999999999
0.2632839999999999
0.2632839999999999
0.2632839999999999
0.2632839999999999
0.2632839999999999
0.2632839999999999
0.2632839999999999
0.2632839999999999
0.2632839999999999
0.2632839999999999
0.2632839999999999
0.2632839999999999
0.2632839999999999
0.2632839999999999
0.2632839999999999
0.2632839999999999
0.2632839999999999
0.2632839999999999
0.2632839999999999
0.2632839999999999
0.2632839999999999
0.2632839999999999
0.2632839999999999
0.2632839999999999
0.2632839999999999
0.2632839999999999
0.2632839999999999
0.2632839999999999
0.2632839999999999
0.2632839999999999
0.2632839999999999
0.2632839999999999
0.2632839999999999
0.2632839999999999
0.2632839999999999
0.2632839999999999
0.2632839999999999
0.2632839999999999
0.2632839999999999
0.2632839999999999
0.2632839999999999
0.2632839999999999
0.2632839999999999
0.2632839999999999
0.2632839999999999
0.2632839999999999
0.2632839999999999
0.2632839999999999
0.2632839999999999
0.2632839999999999
0.2632839999999999
0.2632839999999999
0.2632839999999999
0.2632839999999999
0.2632839999999999
0.2632839999999999
0.2632839999999999
0.2632839999999999
0.2632839999999999
0.2632839999999999
0.2632839999999999
0.2632839999999999
0.2632839999999999
0.2632839999999999
0.2632839999999999
0.2632839999999999
0.2632839999999999
0.2632839999999999
0.2632839999999999
0.2632839999999999
0.2632839999999999
0.2632839999999999
0.2632839999999999
0.2632839999999999
0.2632839999999999
0.2632839999999999
0.2632839999999999
0.2632839999999999
0.2632839999999999
0.2632839999999999
0.2632839999999999
0.2632839999999999
0.2632839999999999
0.2632839999999999
0.2632839999999999
0.2632839999999999
0.2632839999999999
0.2632839999999999
0.2632839999999999
0.2632839999999999
0.2632839999999999
0.2632839999999999
0.2632839999999999
0.2632839999999999
0.2632839999999999
0.2632839999999999
0.2632839999999999
0.2632839999999999
0.2632839999999999
0.2632839999999999
0.2632839999999999
0.2632839999999999
0.2632839999999999
0.2632839999999999
0.2632839999999999
0.2632839999999999
0.2632839999999999
0.2632839999999999
0.2632839999999999
0.2632839999999999
0.2632839999999999
0.2632839999999999
0.2632839999999999
0.2632839999999999
0.2632839999999999
0.2632839999999999
0.2632839999999999
0.2632839999999999
0.2632839999999999
0.2632839999999999
0.2632839999999999
0.2632839999999999
0.2632839999999999
0.2632839999999999
0.2632839999999999
0.2632839999999999
0.2632839999999999
0.2632839999999999
0.2632839999999999
0.2632839999999999
0.2632839999999999
0.2632839999999999
0.2632839999999999
0.2632839999999999
0.2632839999999999
0.2632839999999999
0.2632839999999999
0.2632839999999999
0.2632839999999999
0.2632839999999999
0.2632839999999999
0.2632839999999999
0.2632839999999999
0.2632839999999999
0.2632839999999999
0.2632839999999999
0.2632839999999999
0.2632839999999999
0.2632839999999999
0.2632839999999999
0.2632839999999999
0.2632839999999999
0.2632839999999999
0.2632839999999999
0.2632839999999999
0.2632839999999999
0.2632839999999999
0.2632839999999999
0.2632839999999999
0.2632839999999999
0.2632839999999999
0.2632839999999999
0.2632839999999999
0.2632839999999999
0.2632839999999999
0.2632839999999999
0.2632839999999999
0.2632839999999999
0.2632839999999999
0.2632839999999999
0.2632839999999999
0.2632839999999999
0.2632839999999999
0.2632839999999999
0.2632839999999999
0.2632839999999999
0.2632839999999999
0.2632839999999999
0.2632839999999999
0.2632839999999999
0.2632839999999999
0.2632839999999999
0.2632839999999999
0.2632839999999999
0.2632839999999999
0.2632839999999999
0.2632839999999999
0.2632839999999999
0.2632839999999999
0.2632839999999999
0.2632839999999999
0.2632839999999999
0.2632839999999999
0.2632839999999999
0.2632839999999999
0.2632839999999999
0.2632839999999999
0.2632839999999999
0.2632839999999999
0.2632839999999999
0.2632839999999999
0.2632839999999999
0.2632839999999999
0.2632839999999999
0.2632839999999999
0.2632839999999999
0.2632839999999999
0.2632839999999999
0.2632839999999999
0.2632839999999999
0.2632839999999999
0.2632839999999999
0.2632839999999999
0.2632839999999999
0.2632839999999999
0.2632839999999999
0.2632839999999999
0.2632839999999999
0.2632839999999999
0.2632839999999999
0.2632839999999999
0.2632839999999999
0.2632839999999999
0.2632839999999999
0.2632839999999999
0.2632839999999999
0.2632839999999999
0.2632839999999999
0.2632839999999999
0.2632839999999999
0.2632839999999999
0.2632839999999999
0.2632839999999999
0.2632839999999999
0.2632839999999999
0.2632839999999999
0.2632839999999999
0.2632839999999999
0.2632839999999999
0.2632839999999999
0.2632839999999999
0.2632839999999999
0.2632839999999999
0.2632839999999999
0.2632839999999999
0.2632839999999999
0.2632839999999999
0.2632839999999999
0.2632839999999999
0.2632839999999999
0.2632839999999999
0.2632839999999999
0.2632839999999999
0.2632839999999999
0.2632839999999999
0.2632839999999999
0.2632839999999999
0.2632839999999999
0.2632839999999999
0.2632839999999999
0.2632839999999999
0.2632839999999999
0.2632839999999999
0.2632839999999999
0.2632839999999999
0.2632839999999999
0.2632839999999999
0.2632839999999999
0.2632839999999999
0.2632839999999999
0.2632839999999999
0.2632839999999999
0.2632839999999999
0.2632839999999999
0.2632839999999999
0.2632839999999999
0.2632839999999999
0.2632839999999999
0.2632839999999999
0.2632839999999999
0.2632839999999999
0.2632839999999999
0.2632839999999999
0.2632839999999999
0.2632839999999999
0.2632839999999999
0.2632839999999999
0.2632839999999999
0.2632839999999999
0.2632839999999999
0.2632839999999999
0.2632839999999999
0.2632839999999999
0.2632839999999999
0.2632839999999999
0.2632839999999999
0.2632839999999999
0.2632839999999999
0.2632839999999999
0.2632839999999999
0.2632839999999999
0.2632839999999999
0.2632839999999999
0.2632839999999999
0.2632839999999999
0.2632839999999999
0.2632839999999999
0.2632839999999999
0.2632839999999999
0.2632839999999999
0.2632839999999999
0.2632839999999999
0.2632839999999999
0.2632839999999999
0.2632839999999999
0.2632839999999999
0.2632839999999999
0.2632839999999999
0.2632839999999999
0.2632839999999999
0.2632839999999999
0.2632839999999999
0.2632839999999999
0.2632839999999999
0.2632839999999999
0.2632839999999999
0.2632839999999999
0.2632839999999999
0.2632839999999999
0.2632839999999999
0.2632839999999999
0.2632839999999999
0.2632839999999999
0.2632839999999999
0.2632839999999999
0.2632839999999999
0.2632839999999999
0.2632839999999999
0.2632839999999999
0.2632839999999999
0.2632839999999999
0.2632839999999999
0.2632839999999999
0.2632839999999999
0.2632839999999999
