-0.039876
-0.020119999999999996
0.005331999999999993
0.013668000000000001
0.027732
0.030128
0.041360000000000015
0.045148000000000015
0.052108
0.042427999999999993
0.05116000000000001
0.061635999999999934
0.073004
0.06908799999999993
0.07861200000000004
0.07241199999999996
0.08024
0.07996399999999995
0.07902799999999997
0.08789600000000004
0.07893999999999997
0.08948799999999998
0.08977200000000002
0.09744400000000004
0.09497999999999997
0.09163999999999999
0.09930000000000004
0.09596800000000001
0.09325599999999998
0.09960000000000006
0.09995599999999998
0.09469200000000005
0.098356
0.1104960000000001
0.10342000000000005
0.11130399999999997
0.11408800000000001
0.09973600000000007
0.10891200000000004
0.1076
0.10293600000000001
0.09896000000000002
0.10935200000000013
0.10454399999999998
0.10875200000000011
0.11298800000000017
0.109552
0.11222399999999998
0.10577600000000005
0.09899600000000004
0.10225599999999996
0.11020800000000001
0.10975600000000009
0.11427200000000011
0.10237999999999994
0.10807600000000005
0.11094799999999994
0.10578800000000001
0.1128559999999999
0.114844
0.12021600000000014
0.11464800000000007
0.11514000000000003
0.11530399999999998
0.11572399999999994
0.10985199999999981
0.11329599999999998
0.11198799999999996
0.11744399999999984
0.1233839999999999
0.12117999999999993
0.11985599999999995
0.12795999999999985
0.12985999999999995
0.12103999999999986
0.1273839999999999
0.1267239999999999
0.12489999999999989
0.11693199999999983
0.12499999999999982
0.13463599999999987
0.12768799999999994
0.13076799999999997
0.1261359999999999
0.1257319999999999
0.12207199999999992
0.12231600000000001
0.13286399999999987
0.1299959999999999
0.12234000000000003
0.12713199999999994
0.1314639999999999
0.1280439999999999
0.13304399999999994
0.1325919999999998
0.1358119999999999
0.13027999999999995
0.13074399999999997
0.13137199999999988
0.13216799999999984
0.13337600000000002
0.1314319999999998
0.1379439999999998
0.135792
0.12612399999999985
0.12088
0.13392399999999977
0.11587600000000002
0.12413999999999983
0.13310399999999986
0.13148799999999983
0.13536799999999988
0.14041199999999981
0.1350279999999999
0.13708399999999996
0.12627199999999997
0.13541199999999995
0.12844799999999992
0.12922799999999984
0.13478400000000007
0.13312000000000002
0.12909200000000004
0.1355119999999999
0.13925200000000001
0.12981600000000004
0.13393999999999995
0.13427999999999998
0.14166799999999993
0.1310399999999999
0.13289199999999982
0.139376
0.1267639999999999
0.13248799999999974
0.1292639999999999
0.13742399999999982
0.12327999999999979
0.1333599999999999
0.140204
0.13634799999999994
0.13551999999999975
0.14071600000000004
0.13449599999999998
0.12991200000000003
0.14157199999999992
0.14110000000000003
0.13946000000000006
0.14296799999999993
0.13694799999999988
0.1414919999999998
0.14590399999999995
0.12888799999999997
0.13482799999999992
0.13428799999999994
0.14452399999999993
0.14386399999999988
0.14313199999999993
0.13884799999999997
0.1312479999999999
0.13651999999999997
0.13821199999999986
0.14360399999999998
0.1379599999999999
0.14681200000000005
0.13475600000000001
0.14484799999999992
0.1365679999999999
0.13834799999999992
0.14065999999999995
0.1459639999999999
0.14515599999999979
0.1401039999999999
0.137764
0.1441399999999998
0.1365239999999999
0.1379599999999999
0.14388799999999996
0.14369199999999993
0.13938399999999995
0.14522799999999986
0.14164399999999974
0.14249199999999984
0.14428399999999986
0.1438159999999999
0.1405119999999999
0.13961199999999982
0.1474359999999999
0.1381279999999998
0.14574399999999973
0.14242799999999986
0.14254399999999987
0.14500799999999997
0.14021599999999984
0.14574800000000002
0.14527599999999985
0.14342399999999986
0.1414
0.14610799999999988
0.14187200000000008
0.14210400000000004
0.1452919999999999
0.13815599999999992
0.14312799999999976
0.1398199999999998
0.14133999999999974
0.13235999999999998
0.1424519999999999
0.13719199999999998
0.14559599999999986
0.1421679999999999
0.13511999999999993
0.14707599999999998
0.1404279999999998
0.14191199999999998
0.14225199999999993
0.13826399999999994
0.14601999999999987
0.14177999999999996
0.142504
0.13825999999999994
0.13850399999999996
0.14291599999999996
0.14066399999999993
0.14043599999999995
0.14153599999999994
0.1459719999999999
0.14517999999999998
0.1501239999999999
0.14579200000000003
0.14811599999999983
0.135108
0.1477
0.1501159999999998
0.14659999999999992
0.14625999999999983
0.14774400000000004
0.15282799999999996
0.14037999999999995
0.14653599999999992
0.14708399999999988
0.1445239999999999
0.14264399999999997
0.14695599999999978
0.1350839999999999
0.15052399999999985
0.13756399999999985
0.14607999999999996
0.14774799999999996
0.14937199999999978
0.145616
0.15061600000000006
0.15043599999999993
0.14811999999999986
0.15183999999999975
0.14171999999999985
0.15507599999999983
0.13929200000000003
0.143144
0.14714
0.15643999999999988
0.1503719999999998
0.15097999999999992
0.15642400000000004
0.15532399999999985
0.15055200000000002
0.16322799999999998
0.15336399999999986
0.15556399999999995
0.15903199999999984
0.15546399999999994
0.1609560000000001
0.15582000000000001
0.1454959999999999
0.15946000000000005
0.1520599999999999
0.161412
0.14893199999999987
0.1648879999999999
0.1663199999999999
0.16439600000000001
0.15379200000000012
0.15544800000000006
0.15994800000000003
0.15693199999999996
0.15864399999999998
0.16329999999999992
0.1586279999999999
0.15848000000000023
0.14948799999999998
0.16613599999999995
0.1680160000000001
0.16353599999999996
0.16145199999999998
0.15616799999999997
0.15087599999999982
0.15978799999999993
0.16206000000000007
0.16276399999999996
0.15819599999999998
0.15651999999999994
0.162688
0.162308
0.1606479999999999
0.16918000000000005
0.1643679999999999
0.16769200000000006
0.1593439999999999
0.16393600000000003
0.15904799999999994
0.16283999999999998
0.14851599999999987
0.15209199999999995
0.16159200000000004
0.16359199999999993
0.16048800000000002
0.1570479999999999
0.15994800000000003
0.16740799999999997
0.16485600000000003
0.15880000000000005
0.16094399999999998
0.16225199999999998
0.1575279999999999
0.161044
0.15391599999999991
0.1637279999999999
0.16094799999999998
0.15783200000000003
0.15250000000000005
0.15625599999999998
0.15998399999999982
0.16385199999999994
0.16257599999999994
0.16104400000000005
0.16415199999999994
0.15711999999999982
0.16335200000000005
0.15671200000000005
0.16265999999999994
0.1641080000000001
0.15297999999999998
0.16449599999999995
0.1610519999999999
0.16230800000000006
0.16293600000000003
0.15680799999999992
0.16556400000000004
0.16605199999999992
0.15537599999999996
0.16802399999999992
0.16354400000000002
0.158936
0.16442000000000004
0.16037599999999994
0.16427600000000003
0.15472
0.16599199999999992
0.158316
0.16914400000000002
0.16111599999999998
0.16160799999999997
0.15191600000000008
0.1636120000000001
0.15017599999999995
0.1593519999999999
0.16627600000000003
0.15732399999999996
0.1662239999999998
0.16011999999999998
0.16816399999999984
0.16048400000000002
0.15052000000000001
0.15990800000000002
0.16344
0.16470400000000002
0.16475599999999999
0.16506799999999994
0.1677519999999998
0.15692799999999993
0.16962
0.15883999999999987
0.15667599999999998
0.15978400000000004
0.1641520000000001
0.15488000000000002
0.16082799999999986
0.152748
0.16973200000000005
0.165464
0.16138000000000005
0.16099200000000008
0.16601599999999989
0.17193199999999992
0.16390000000000005
0.169676
0.17236000000000007
0.1689079999999999
0.16272399999999998
0.16505199999999995
0.1603959999999999
0.16048399999999988
0.16284400000000004
0.15937999999999994
0.16581199999999993
0.17213999999999988
0.1709920000000001
0.17031200000000002
0.1643800000000001
0.16735599999999992
0.15637199999999982
0.16967200000000013
0.1713239999999999
0.16023600000000005
0.15885199999999997
0.16536800000000004
0.16425199999999998
0.15352
0.1657680000000002
0.16409599999999996
0.1622800000000001
0.162744
0.16523999999999991
0.16804399999999997
0.16347200000000017
0.15582000000000001
0.17313200000000012
0.16488800000000006
0.1719439999999999
0.16059600000000002
0.15577999999999992
0.16516800000000006
0.17131200000000016
0.1696800000000001
0.16260400000000005
0.16927599999999984
0.16877999999999999
0.16851600000000017
0.16565600000000003
0.16507999999999995
0.17044799999999988
0.16551599999999986
0.16515599999999983
0.16171599999999997
0.16520399999999988
0.14381999999999995
0.170232
0.1702720000000001
0.17200799999999997
0.16161599999999993
0.1709879999999999
0.16821999999999998
0.16706800000000008
0.173684
0.16854
0.1709559999999999
0.16340399999999988
0.170168
0.164216
0.16954799999999995
0.16735999999999984
0.16343199999999994
0.16539999999999996
0.16633599999999996
0.16422800000000004
0.17248799999999984
0.17085599999999992
0.16582000000000022
0.16503200000000012
0.16971200000000006
0.17042399999999996
0.165404
0.17665600000000006
0.16834799999999997
0.17025599999999977
0.17314000000000007
0.17459600000000003
0.17107200000000006
0.17582400000000004
0.16436000000000017
0.1678040000000001
0.17442400000000002
0.17208400000000007
0.1690520000000001
0.16669599999999996
0.17165600000000003
0.16565200000000016
0.17595999999999992
0.17707200000000003
0.17414800000000008
0.17565599999999995
0.17023999999999997
0.1742240000000001
0.16331999999999988
0.17510800000000007
0.17487199999999997
0.17755599999999985
0.1717479999999999
0.17321199999999992
0.17867999999999995
0.1726719999999999
0.17244000000000007
0.16567199999999999
0.16437599999999997
0.17639200000000008
0.17267999999999992
0.16969600000000012
0.17678000000000008
0.17285199999999992
0.17371999999999999
0.17952000000000015
0.169256
0.171708
0.169828
0.159436
0.16217200000000004
0.17809199999999986
0.17106
0.17345199999999997
0.18128800000000006
0.17427999999999982
0.16987199999999997
0.17351200000000006
0.17313999999999996
0.17646399999999998
0.178692
0.16826799999999995
0.17589199999999988
0.172276
0.17477599999999993
0.16833599999999996
0.16700799999999993
0.17823199999999984
0.17247999999999997
0.16733999999999993
0.16986399999999993
0.17344000000000004
0.1643560000000001
0.17172000000000004
0.17508399999999993
0.17183199999999987
0.18067600000000006
0.17065200000000008
0.17207999999999996
0.17514799999999997
0.175556
0.1783799999999999
0.16416399999999995
0.17503599999999997
0.1675919999999999
0.16884399999999986
0.17145999999999975
0.16421999999999995
0.1754839999999998
0.17438399999999996
0.17630799999999996
0.1618360000000001
0.17815200000000003
0.17749199999999998
0.173184
0.17452000000000004
0.176676
0.17248400000000003
0.17820399999999992
0.17259200000000013
0.1645039999999999
0.1699439999999999
0.17159199999999986
0.1782200000000001
0.17426799999999992
0.16626000000000005
0.179064
0.17073600000000005
0.1690559999999999
0.16777599999999998
0.17513199999999998
0.1775599999999999
0.17743199999999995
0.1751840000000001
0.17734399999999984
0.16887199999999994
0.17264799999999997
0.180668
0.16993600000000003
0.172368
0.17654
0.17035599999999998
0.1730639999999999
0.17923600000000015
0.16524400000000003
0.17434799999999998
0.17593599999999995
0.18042400000000003
0.170604
0.17140000000000008
0.17868399999999998
0.17423199999999997
0.17423999999999995
0.18038799999999997
0.18208800000000003
0.18010399999999993
0.17370399999999994
0.17835199999999996
0.17515199999999992
0.17842399999999986
0.169656
0.17627600000000004
0.17173999999999998
0.178168
0.17116400000000004
0.18257599999999988
0.17760399999999985
0.17974800000000002
0.1756759999999999
0.17173600000000003
0.17815599999999995
0.17781999999999992
0.18190000000000003
0.17517999999999997
0.17026799999999995
0.16570799999999997
0.177624
0.17891599999999988
0.16878800000000002
0.18056000000000003
0.179312
0.18003200000000016
0.180728
0.17711199999999988
0.17438799999999988
0.17550800000000003
0.18096000000000004
0.17726799999999998
0.16706000000000004
0.172116
0.1833000000000001
0.18154800000000004
0.17563600000000007
0.1734680000000001
0.171044
0.1750599999999999
0.17234400000000002
0.18106000000000005
0.16370799999999994
0.17480399999999993
0.18178000000000002
0.18336400000000005
0.18129999999999988
0.18155600000000008
0.1715160000000001
0.17842400000000005
0.1792
0.18201999999999993
0.16705600000000015
0.18030400000000005
0.18004800000000007
0.1792039999999999
0.18244399999999994
0.17664000000000007
0.17395200000000008
0.1768640000000001
0.17228000000000007
0.17902800000000005
0.182668
0.17037600000000003
0.18047599999999994
0.1722880000000001
0.175064
0.18498000000000006
0.17932000000000003
0.1805760000000001
0.18093600000000004
0.17188400000000006
0.1794800000000001
0.1779960000000001
0.18103200000000005
0.18220000000000006
0.18036000000000005
0.18334000000000023
0.17495600000000003
0.17166400000000007
0.182736
0.17227200000000015
0.18436800000000012
0.17461600000000002
0.18122800000000006
0.17360800000000007
0.18130400000000005
0.18433199999999986
0.18119600000000008
0.18126799999999993
0.16960399999999998
0.17716400000000013
0.173132
0.17928400000000003
0.18476400000000023
0.173772
0.17243999999999998
0.17248400000000014
0.17857200000000012
0.17839999999999995
0.17707200000000006
0.17336000000000015
0.17674800000000013
0.164752
0.1797400000000001
0.18282000000000004
0.17624800000000007
0.17182000000000006
0.17012399999999994
0.17328000000000005
0.17602800000000002
0.1725440000000002
0.17652400000000001
0.18306400000000003
0.179704
0.18456799999999998
0.17846000000000015
0.17919600000000008
0.1757920000000002
0.17309199999999994
0.18320000000000003
0.1824
0.1554760000000002
0.17227999999999993
0.18423999999999996
0.17982399999999996
0.18195199999999992
0.17283200000000007
0.17920800000000006
0.16970399999999994
0.17446799999999996
0.17438800000000007
0.16973599999999986
0.17993199999999995
0.17482799999999982
0.178648
0.17250399999999996
0.16397600000000012
0.171336
0.1695040000000001
0.17684799999999992
0.172284
0.17276800000000012
0.17787200000000006
0.18392800000000006
0.1848960000000002
0.180312
0.16995600000000008
0.17827200000000004
0.17902
0.18370400000000012
0.18355199999999997
0.18106400000000006
0.17834400000000009
0.18405200000000013
0.17281199999999997
0.17409999999999998
0.18185200000000012
0.17820400000000014
0.17808400000000013
0.180568
0.1804359999999999
0.172396
0.18009600000000012
0.17647999999999991
0.18184400000000003
0.18028800000000006
0.182556
0.17721600000000004
0.18417999999999998
0.18347199999999989
0.1809759999999999
0.17731600000000014
0.18073600000000012
0.1742120000000001
0.1761640000000001
0.17170800000000003
0.18114399999999994
0.18134400000000012
0.18104800000000013
0.17383200000000004
0.1784600000000001
0.18993600000000002
0.179352
0.1788560000000001
0.16976000000000008
0.18566000000000005
0.183532
0.17703999999999995
0.17922800000000003
0.18784799999999988
0.18123999999999998
0.17744000000000018
0.176644
0.18039200000000014
0.17961199999999997
0.18169600000000002
0.18170799999999998
0.18022
0.17753600000000014
0.18276000000000006
0.179436
0.183708
0.18640799999999993
0.18057999999999994
0.18546400000000005
0.186764
0.18102400000000002
0.17965599999999987
0.18866400000000003
0.177244
0.18279200000000007
0.17784400000000003
0.185172
0.18390400000000023
0.17600000000000002
0.18704400000000015
0.17977200000000007
0.1828040000000001
0.1667520000000001
0.178116
0.1829480000000001
0.17643200000000012
0.18314800000000026
0.18458399999999997
0.17442000000000005
0.1894040000000001
0.17966800000000013
0.18149600000000002
0.177968
0.18133200000000005
0.18014000000000013
0.18685199999999993
0.18586400000000003
0.18495600000000004
0.18320799999999993
0.17894000000000004
0.18108399999999988
0.18716000000000005
0.18105999999999992
0.18843599999999996
0.18269600000000005
0.18293200000000007
0.17481200000000008
0.18825999999999993
0.18449200000000002
0.184812
0.1780800000000002
0.1819560000000001
0.190196
0.1861800000000001
0.17901999999999998
0.1808319999999999
0.17667199999999997
0.18478799999999987
0.1803440000000001
0.17311999999999997
0.187552
0.17527199999999996
0.17591199999999993
0.18692400000000012
0.179292
0.17652399999999993
0.17007599999999992
0.18150799999999997
0.18209599999999992
0.18249199999999996
0.18352400000000002
0.1802159999999999
0.175096
0.18171200000000018
0.174868
0.17927600000000002
0.18224800000000013
0.18590000000000007
0.178592
0.18225200000000005
0.18356399999999995
0.17007599999999998
0.18495999999999996
0.18499600000000002
0.18321200000000007
0.18679600000000013
0.18467199999999998
0.18804400000000002
0.18061199999999997
0.18130800000000008
0.17576799999999992
0.17812000000000008
0.18482
0.17193599999999992
0.18201600000000007
0.18620000000000014
0.18278400000000014
0.18445999999999987
0.18552800000000017
0.1846079999999999
0.18798400000000004
0.18046800000000002
0.18497200000000003
0.1860079999999999
0.17884800000000006
0.18623600000000007
0.17492400000000013
0.18546400000000005
0.18378400000000003
0.177008
0.17851600000000006
0.18583599999999995
0.1797639999999998
0.1866920000000001
0.17888799999999994
0.186344
0.18576799999999988
0.18327599999999997
0.1769639999999999
0.19380800000000004
0.18866000000000008
0.1825160000000001
0.18140799999999996
0.18730399999999975
0.18520000000000003
0.1755639999999999
0.18141200000000013
0.17941200000000013
0.18608800000000006
0.19251600000000002
0.18421599999999994
0.18376000000000012
0.17751999999999998
0.18454800000000016
0.1835719999999999
0.18066400000000005
0.18001599999999995
0.17957200000000012
0.1840760000000001
0.17641600000000002
0.1851879999999999
0.1857719999999999
0.19016400000000017
0.186428
0.19202
0.18599600000000005
0.18278000000000008
0.1653480000000001
0.1863840000000001
0.18530399999999977
0.1822760000000001
0.18452399999999997
0.18562400000000007
0.18686400000000009
0.18187199999999992
0.18516400000000008
0.17958000000000016
0.1767200000000001
0.17732799999999996
0.17970799999999995
0.18085600000000007
0.18414799999999995
0.17588399999999987
0.17664799999999994
0.1868719999999999
0.18364799999999995
0.183612
0.18277600000000008
0.18250400000000008
0.1872840000000001
0.18142799999999998
0.18058000000000007
0.1807840000000001
0.18700800000000006
0.1845400000000001
0.18232799999999993
0.17207999999999998
0.17883999999999992
0.1819359999999998
0.17024400000000006
0.18630799999999995
0.1737040000000001
0.1810640000000002
0.18436000000000005
0.1853880000000001
0.18382800000000007
0.18816400000000003
0.188044
0.18703599999999998
0.18403999999999995
0.179832
0.18687999999999994
0.18391200000000013
0.16478399999999996
0.1805560000000001
0.17975600000000008
0.1854320000000002
0.18400000000000008
0.18572799999999998
0.18289200000000028
0.1774759999999999
0.18091200000000004
0.18790799999999996
0.18718399999999988
0.18532400000000013
0.18559200000000006
0.1839399999999999
0.18398000000000012
0.17963199999999993
0.18361599999999997
0.17796800000000024
0.17827600000000002
0.18578400000000012
0.18276399999999995
0.18117200000000003
0.17909200000000008
0.18194800000000003
0.18037199999999998
0.18688000000000007
0.17576
0.18739999999999973
0.18683199999999983
0.1813479999999999
0.18536400000000003
0.17705999999999977
0.17883600000000002
0.18879200000000004
0.1826160000000001
0.18375600000000003
0.18244399999999997
0.173236
0.19067200000000004
0.17455999999999997
0.1824759999999999
0.18741999999999995
0.1759520000000002
0.18542000000000006
0.18016799999999986
0.17697599999999994
0.18447599999999995
0.17985599999999996
0.18433199999999997
0.18586799999999987
0.18057199999999998
0.19055200000000005
0.18108400000000005
0.1741279999999999
0.18325200000000005
0.1766840000000001
0.1821639999999999
0.18274
0.176124
0.1784879999999999
0.18377200000000007
0.18849599999999994
0.17844000000000002
0.17622800000000005
0.17998400000000006
0.18144399999999986
0.18473999999999993
0.17293200000000014
0.18302
0.17380399999999993
0.18747200000000006
0.17353200000000016
0.1852599999999999
0.17573600000000014
0.18374799999999983
0.188724
0.183108
0.17958400000000005
0.17727600000000004
0.178
0.18224399999999996
0.17933599999999994
0.174004
0.17778000000000013
0.18412800000000012
0.17886399999999986
0.19272799999999993
0.18687199999999987
0.1909320000000001
0.17791599999999996
0.17353199999999994
0.1845359999999999
0.17985200000000012
0.1878360000000001
0.1864
0.1739920000000001
0.17925599999999992
0.187388
0.18616400000000005
0.18365199999999995
0.1853800000000001
0.1817120000000001
0.17814800000000008
0.1853400000000001
0.1788119999999999
0.18469600000000005
0.186152
0.18994
0.18867999999999988
0.1795680000000001
0.1819760000000001
0.18334000000000017
0.1821199999999998
0.18391200000000005
0.18590800000000007
0.18378800000000003
0.1786680000000002
0.18294400000000005
0.17981599999999992
0.187208
0.1795879999999999
0.17446399999999998
0.18691199999999994
0.18936799999999993
0.190236
0.18458800000000003
0.18431599999999984
0.18745599999999998
0.18040400000000004
0.18473599999999996
0.188768
0.17589600000000002
0.17945200000000006
0.1806199999999999
0.18101599999999998
0.18201599999999993
0.18902799999999986
0.18207199999999998
0.18360799999999988
0.1813599999999999
0.184192
0.17915999999999996
0.18062400000000003
0.18351999999999988
0.18350799999999992
0.18663999999999992
0.18045999999999984
0.18056800000000003
0.18550400000000006
0.184196
0.18166799999999997
0.1833479999999999
0.18251600000000007
0.1711519999999999
0.18063200000000001
0.18008000000000007
0.1850680000000001
0.1836760000000002
0.18141999999999991
0.1850599999999999
0.17126000000000013
0.1822239999999999
0.185376
0.18743199999999982
0.1731079999999999
0.18283200000000005
0.1799080000000001
0.18553999999999987
0.17745199999999992
0.1862679999999999
0.1812480000000001
0.180036
0.17670800000000003
0.181404
0.182048
0.177432
0.18294799999999983
0.1830960000000001
0.1654480000000001
0.16946800000000006
0.1802600000000001
0.18505600000000003
0.17451599999999998
0.18909600000000018
0.19056399999999993
0.18193999999999988
0.1892679999999999
0.18214399999999986
0.18584799999999993
0.1882319999999999
0.17905199999999985
0.18559599999999998
0.18323199999999987
0.18409599999999987
0.18449999999999994
0.1833200000000001
0.17742399999999994
0.1824799999999999
0.17025200000000018
0.18687999999999996
0.18747599999999992
0.16950399999999985
0.1839279999999999
0.17926399999999995
0.17530400000000007
0.184016
0.18889599999999984
0.18510799999999997
0.1885960000000001
0.17079199999999994
0.1869960000000001
0.18042800000000003
0.1808840000000001
0.18472399999999997
0.18103199999999992
0.185748
0.1893399999999998
0.19261999999999993
0.18326399999999982
0.18920399999999984
0.184536
0.18635599999999988
0.1893879999999999
0.18504400000000004
0.18362
0.18725599999999987
0.1806359999999999
0.18241199999999994
0.18667199999999998
0.178744
0.1856560000000001
0.18492400000000003
0.17807600000000015
0.18135200000000007
0.16872799999999985
0.18749999999999994
0.189376
0.18886800000000006
0.18308000000000002
0.1851079999999999
0.18205600000000008
0.18707999999999994
0.18392399999999984
0.18821999999999978
0.18931200000000006
0.18891999999999984
0.17273999999999998
0.17092400000000008
0.18759599999999996
0.1739920000000001
0.17631199999999983
0.18062000000000003
0.18140799999999996
0.185632
0.1721319999999999
0.18221999999999985
0.17898399999999987
0.17971200000000015
0.18601200000000012
0.1725199999999999
0.18693600000000005
0.1848319999999998
0.18401599999999996
0.18535599999999988
0.18096
0.18586800000000003
0.18148400000000015
0.18545999999999976
0.18358399999999991
0.1817440000000001
0.18023599999999992
0.19156399999999993
0.187636
0.1848279999999999
0.1851279999999999
0.1870959999999999
0.18536400000000008
0.1776839999999999
0.184124
0.18400799999999995
0.1864399999999999
0.18765600000000007
0.19161600000000015
0.17444799999999988
0.18198399999999987
0.18296000000000007
0.189996
0.17737999999999998
0.1917119999999999
0.1838439999999999
0.19079199999999996
0.17929199999999995
0.18299199999999988
0.1801719999999999
0.18068800000000002
0.18897599999999987
0.17695999999999995
0.18362000000000006
0.18427999999999994
0.189148
0.19142400000000004
0.18687999999999996
0.17755200000000007
0.17255999999999996
0.18099600000000002
0.18612799999999982
0.18263600000000005
0.183984
0.18928800000000012
0.18573999999999985
0.18546800000000002
0.18879199999999985
0.18945599999999985
0.18337999999999988
0.18714399999999992
0.18114400000000008
0.18679199999999999
0.18339599999999995
0.182488
0.17075999999999983
0.181944
0.18762399999999996
0.17887600000000003
0.18275599999999997
0.17812399999999984
0.182048
0.18427599999999997
0.18858799999999987
0.1742279999999999
0.17773199999999997
0.18954799999999986
0.1863799999999999
0.1811240000000001
0.17734000000000008
0.18967199999999984
0.18241599999999997
0.18391199999999996
0.18389999999999995
0.18398399999999998
0.18095200000000006
0.16978800000000005
0.19008
0.18531999999999987
0.18130400000000008
0.1866359999999999
0.19015199999999985
0.18541999999999997
0.1853879999999998
0.17435199999999995
0.17863599999999996
0.19319599999999992
0.1853759999999998
0.17905599999999985
0.1734359999999999
0.18815199999999999
0.1749959999999999
0.17361200000000004
0.17544399999999993
0.18187200000000003
0.19088400000000005
0.17879199999999987
0.1810599999999998
0.172252
0.19000399999999987
0.18579199999999987
0.18482000000000015
0.18005599999999997
0.18271999999999985
0.18121199999999993
0.18892799999999974
0.18341600000000005
0.184008
0.18363599999999974
0.17905999999999977
0.18039600000000003
0.17913199999999993
0.18307999999999994
0.18172000000000005
0.19296399999999997
0.1852960000000001
0.18622399999999995
0.18505599999999992
0.17496399999999998
0.1847439999999999
0.16833200000000012
0.17859599999999984
0.18518799999999982
0.18425199999999997
0.1823479999999999
0.18799199999999994
0.18031999999999992
0.18608
0.1900360000000001
0.18183199999999988
0.18312799999999999
0.179708
0.18768800000000002
0.1794600000000001
0.17954799999999987
0.1751119999999999
0.18791199999999988
0.17631599999999997
0.18569200000000008
0.18047600000000005
0.19097599999999998
0.17952800000000005
0.18513199999999982
0.17769200000000016
0.1841000000000001
0.19112399999999993
0.18459199999999998
0.17802800000000013
0.18234800000000004
0.18480399999999989
0.18600800000000006
0.18348400000000004
0.18393199999999985
0.18717199999999998
0.17939600000000003
0.17920399999999992
0.18493999999999977
0.1842039999999999
0.18168799999999996
0.17993599999999996
0.1875799999999999
0.18448799999999976
0.1844799999999998
0.18479199999999985
0.18955999999999992
0.1879880000000001
0.18791599999999997
0.18746400000000005
0.17617200000000002
0.18648000000000012
0.18634800000000012
0.183636
0.1767879999999999
0.18496400000000005
0.1784640000000001
0.18968400000000002
0.18587599999999999
0.17457600000000006
0.1876839999999999
0.18503599999999992
0.17963600000000005
0.18159600000000006
0.18843999999999989
0.1675360000000001
0.17833199999999985
0.19087600000000007
0.182672
0.18058800000000005
0.18058399999999997
0.18835999999999992
0.19376799999999994
0.18510400000000002
0.18701199999999996
0.180468
0.18301600000000015
0.1928280000000001
0.18696400000000002
0.18580800000000003
0.18055199999999996
0.18393600000000004
0.183108
0.18525200000000003
0.18527199999999994
0.17718000000000012
0.18309600000000012
0.17918399999999984
0.18536399999999992
0.17050000000000012
0.18163600000000005
0.17994399999999997
0.18825999999999987
0.18571599999999994
0.18558800000000006
0.1854519999999999
0.18708799999999998
0.18502799999999994
0.1818599999999998
0.18281999999999982
0.18791599999999992
0.190296
0.18295599999999995
0.18611200000000008
0.1845559999999999
0.179584
0.17415600000000012
0.18930799999999995
0.18381599999999998
0.18700400000000003
0.1787039999999999
0.17782799999999996
0.187012
0.18022000000000007
0.18061599999999994
0.1901239999999999
0.17033599999999996
0.18382800000000005
0.18691199999999994
0.188296
0.18081599999999978
0.19091600000000014
0.18751999999999996
0.19094000000000003
0.18436800000000003
0.17781200000000003
0.17506799999999992
0.18544400000000008
0.17343600000000017
0.18736799999999995
0.18032400000000004
0.18813199999999985
0.18358400000000016
0.17495200000000016
0.1767680000000001
0.19142000000000017
0.1780759999999999
0.18168799999999993
0.1785120000000001
0.18740399999999996
0.17474000000000017
0.184492
0.18775599999999998
0.18038799999999977
0.19099599999999997
0.18100000000000002
0.1896360000000001
0.18748400000000004
0.18179599999999999
0.19014400000000004
0.17696800000000015
0.18106399999999984
0.17535599999999987
0.18673600000000007
0.17180800000000004
0.18182800000000013
0.18586800000000012
0.18459200000000003
0.1794119999999999
0.1778440000000001
0.18677199999999994
0.18815199999999999
0.18437200000000015
0.181548
0.1870759999999999
0.18014799999999984
0.17937199999999995
0.18862000000000004
0.17452399999999985
0.18599200000000005
0.18365599999999987
0.16907599999999992
0.18023599999999998
0.17929999999999988
0.18676399999999996
0.1848520000000001
0.1855520000000001
0.1841439999999999
0.185036
0.188056
0.18478000000000006
0.18570400000000004
0.1889760000000001
0.17552000000000015
0.1840760000000001
0.17839999999999995
0.18205999999999992
0.18267200000000006
0.18664799999999998
0.17298799999999998
0.17862799999999984
0.1774520000000001
0.18975200000000003
0.17851200000000012
0.189516
0.179616
0.18724000000000005
0.17967599999999992
0.18847999999999987
0.18947199999999995
0.18393199999999998
0.1798520000000001
0.18475999999999992
0.18559599999999993
0.1816200000000001
0.18551999999999993
0.18959999999999994
0.18114400000000005
0.1822120000000001
0.193548
0.18287599999999996
0.180116
0.1820360000000002
0.1785520000000001
0.186844
0.16336400000000015
0.18551200000000012
0.18105200000000005
0.16981599999999986
0.19471999999999995
0.18117199999999994
0.18186800000000009
0.17978399999999997
0.18770399999999993
0.18583600000000008
0.18379200000000015
0.1845719999999998
0.18605999999999998
0.18401999999999985
0.18829999999999988
0.18800399999999995
0.18670800000000018
0.1818760000000001
0.18666800000000008
0.183268
0.18436799999999992
0.181948
0.1703560000000001
0.19135199999999988
0.1840119999999999
0.17965199999999995
0.18577600000000008
0.19023199999999996
0.183748
0.17922399999999983
0.1824640000000001
0.190316
0.18287199999999995
0.18924400000000005
0.17858800000000005
0.18022800000000008
0.1866079999999998
0.18196799999999996
0.1929479999999999
0.18515200000000004
0.1849319999999998
0.18454799999999993
0.17093199999999997
0.18736399999999992
0.17828400000000016
0.1892999999999999
0.18612800000000007
0.18567199999999995
0.1883919999999999
0.19315199999999985
0.18211599999999983
0.18853599999999995
0.18916399999999975
0.1875919999999998
0.18909999999999993
0.18446400000000004
0.18797999999999998
0.18391199999999994
0.18851999999999983
0.1809679999999999
0.18216799999999997
0.17436400000000002
0.1849479999999998
0.17975999999999992
0.1886920000000001
0.1744480000000001
0.1889039999999998
0.17918399999999987
0.19340399999999994
0.1842159999999999
0.18964400000000003
0.1942520000000001
0.1857199999999999
0.17297999999999986
0.181812
0.18021599999999996
0.18569600000000008
0.18894399999999997
0.17775199999999985
0.19022399999999978
0.18469999999999995
0.186192
0.17847999999999997
0.18332399999999993
0.18039199999999986
0.18692799999999998
0.18581599999999995
0.18097999999999995
0.18893199999999988
0.18190400000000012
0.18361600000000008
0.17989999999999987
0.18896000000000002
0.17488799999999982
0.17498799999999984
0.18305600000000002
0.18864399999999987
0.18675199999999995
0.19286799999999982
0.19173200000000012
0.18231599999999995
0.18852399999999994
0.1844959999999999
0.181152
0.1869839999999999
0.19608399999999995
0.17734800000000006
0.18673599999999993
0.18041999999999997
0.18220400000000012
0.18536399999999986
0.18883999999999992
0.18421600000000002
0.18675199999999997
0.1877119999999999
0.19241199999999986
0.18703599999999992
0.18408000000000008
0.18435599999999988
0.18004399999999995
0.17808800000000002
0.18684799999999976
0.1725319999999999
0.18795199999999995
0.187068
0.18093200000000006
0.18077600000000016
0.18203199999999992
0.19405999999999995
0.18862799999999996
0.18885600000000005
0.18188000000000004
0.19034399999999985
0.18264799999999992
0.17935999999999994
0.1800760000000001
0.18189999999999992
0.18262800000000007
0.18088799999999997
0.18445599999999998
0.1774880000000001
0.18493999999999988
0.18530399999999994
0.18547199999999978
0.19196799999999997
0.18236400000000003
0.18414000000000003
0.19205200000000006
0.18391200000000013
0.18803599999999981
0.18240399999999987
0.179492
0.18583599999999995
0.18710000000000013
0.18955599999999992
0.18961999999999996
0.18574800000000005
0.1862559999999998
0.1831
0.1902759999999999
0.177156
0.18286799999999992
0.1848199999999999
0.18642000000000009
0.19018399999999994
0.1773640000000001
0.18541199999999997
0.18584399999999993
0.18409599999999987
0.19117199999999987
0.190424
0.18796399999999985
0.19076799999999997
0.18453599999999998
0.18518000000000007
0.1867879999999999
0.17248400000000008
0.19130000000000008
0.17841599999999982
0.18437999999999988
0.18769200000000003
0.18821599999999986
0.18734800000000001
0.18423599999999996
0.18505200000000002
0.18711999999999981
0.187664
0.1747799999999999
0.18645199999999995
0.19001600000000005
0.17783999999999991
0.1855840000000001
0.18601599999999985
0.17865600000000012
0.18849599999999989
0.1851280000000001
0.18427999999999994
0.17915599999999984
0.1889
0.1896679999999998
0.1864119999999999
0.18438399999999983
0.1860960000000001
0.18131599999999984
0.1911999999999999
0.17841199999999993
0.19331999999999988
0.19098799999999988
0.17659999999999992
0.1915239999999998
0.1813079999999999
0.17295999999999997
0.18278799999999995
0.1839160000000001
0.19514399999999998
0.1902919999999999
0.18290799999999985
0.18584400000000004
0.182208
0.18503199999999984
0.18184399999999995
0.18698000000000004
0.1845239999999998
0.186776
0.18420399999999984
0.18583199999999983
0.18358000000000008
0.182352
0.18699599999999997
0.181776
0.17947199999999985
0.18317999999999995
0.18388
0.1880240000000001
0.176404
0.18282
0.17921600000000004
0.1822480000000001
0.18831200000000006
0.18181999999999984
0.18460800000000005
0.17731200000000003
0.1848599999999999
0.18295600000000006
0.1879399999999999
0.182912
0.18623599999999996
0.18673600000000007
0.18205599999999994
0.18736799999999987
0.18219600000000025
0.18970399999999993
0.18682399999999985
0.17411200000000004
0.1884359999999999
0.17947999999999997
0.19259999999999985
0.18733200000000017
0.18539200000000014
0.18875200000000003
0.18141599999999994
0.18861199999999992
0.17930399999999994
0.18903199999999987
0.18106399999999997
0.18872800000000012
0.19143199999999996
0.19280000000000005
0.187332
0.18329200000000012
0.17808399999999996
0.1900320000000001
0.1874839999999999
0.18333600000000008
0.18960800000000005
0.18978799999999985
0.18834400000000004
0.1820839999999999
0.1902799999999999
0.179844
0.18626799999999982
0.1817119999999999
0.1780119999999999
0.18494799999999995
0.18721600000000002
0.18397599999999995
0.17915999999999985
0.18800800000000012
0.18476000000000006
0.1756199999999999
0.18666799999999983
0.1824319999999999
0.18572799999999998
0.1791599999999999
0.17658000000000018
0.18962799999999988
0.18303600000000003
0.17600000000000013
0.18849599999999989
0.18615599999999993
0.18281999999999982
0.18357999999999985
0.18870000000000003
0.18308
0.19365600000000005
0.1873
0.18439200000000003
0.19018000000000002
0.18792399999999987
0.19063999999999984
0.18544000000000008
0.18791600000000003
0.18602800000000003
0.1805760000000001
0.18532800000000008
0.18804799999999994
0.184984
0.1874759999999999
0.17712400000000006
0.18440000000000006
0.188292
0.18330799999999992
0.18450800000000003
0.17386400000000002
0.1817399999999999
0.1796079999999999
0.18120000000000014
0.18620799999999987
0.19108399999999995
0.1750960000000002
0.18992399999999993
0.18477200000000013
0.18902400000000003
0.18695599999999973
0.18615199999999987
0.1859639999999998
0.19533600000000007
0.18377999999999986
0.18649599999999994
0.18872399999999995
0.18549600000000002
0.18635600000000005
0.18546400000000016
0.1898639999999999
0.1836759999999999
0.19308000000000003
0.1868680000000001
0.17472399999999996
0.18029600000000007
0.18231600000000006
0.18634800000000007
0.18828400000000015
0.17823999999999993
0.18490000000000012
0.185956
0.19309999999999988
0.18336799999999995
0.18811199999999995
0.18708
0.18794000000000013
0.18619200000000002
0.18885199999999988
0.18426000000000012
0.182928
0.187596
0.1812040000000001
0.18083199999999994
0.18573599999999996
0.1871239999999999
0.18274799999999994
0.18172799999999983
0.18498799999999993
0.18447200000000005
0.18500400000000003
0.1888120000000001
0.18325199999999994
0.18769199999999994
0.1836719999999999
0.17919599999999997
0.18827200000000002
0.19410799999999986
0.18765199999999999
0.186468
0.18815199999999996
0.18091199999999982
0.17734399999999995
0.19250399999999987
0.18626
0.1811359999999999
0.18700000000000008
0.18492799999999981
0.18983200000000003
0.18268399999999996
0.17862800000000006
0.17958799999999991
0.17891599999999988
0.188104
0.1892399999999999
0.19031599999999993
0.18460400000000013
0.181348
0.17610400000000007
0.17488800000000004
0.18722799999999995
0.18536799999999992
0.18726399999999993
0.17763599999999985
0.17713599999999993
0.18729999999999983
0.18061199999999986
0.17891200000000007
0.19040000000000004
0.19167199999999998
0.1777480000000002
0.18117600000000003
