-0.120318305
-0.11603662
-0.112968405
-0.109776855
-0.107339185
-0.10489175
-0.103018795
-0.100874045
-0.098870845
-0.097114695
-0.095329765
-0.094124235
-0.092859165
-0.09178141
-0.090273645
-0.089452215
-0.088177345
-0.08726595
-0.08544417
-0.084608205
-0.083471665
-0.08201045
-0.081075475
-0.080376195
-0.07996699
-0.078585365
-0.07730183
-0.076338145
-0.07530496
-0.073705705
-0.072377175
-0.071168475
-0.07040883
-0.06955939
-0.069481525
-0.06847423
-0.067817305
-0.0675384
-0.067087875
-0.0664541
-0.066227645
-0.065634555
-0.065162735
-0.064854805
-0.06407229
-0.064088675
-0.06373886
-0.063315735
-0.062810635
-0.06194236
-0.061979035
-0.061570485
-0.06121284
-0.06078835
-0.060285595
-0.0600653
-0.05963324
-0.059434925
-0.058923455
-0.05828789
-0.057964585
-0.057541935
-0.05693809
-0.05631771
-0.05616264
-0.0558977
-0.05542162
-0.05526511
-0.054822265
-0.054390335
-0.0544372
-0.05384758
-0.05361491
-0.053346645
-0.05320249
-0.0527697
-0.052525685
-0.05245032
-0.051991925
-0.051565685
-0.0513557
-0.05049424
-0.05022117
-0.049473245
-0.04858866
-0.048387425
-0.04761262
-0.04667219
-0.046184255
-0.045378895
-0.04495166
-0.043821945
-0.04320655
-0.042847165
-0.04235387
-0.04168956
-0.041137095
-0.041556925
-0.04049446
-0.04043609
-0.03970205
-0.03948809
-0.03914725
-0.039169025
-0.038635075
-0.03869594
-0.03833451
-0.03785527
-0.03767791
-0.03752153
-0.03730708
-0.037278675
-0.037074265
-0.03709101
-0.03686286
-0.03641972
-0.03686036
-0.036418275
-0.03606155
-0.03600533
-0.03570315
-0.03541175
-0.035529565
-0.035062525
-0.0349787
-0.034787645
-0.03453941
-0.034371245
-0.03378496
-0.03343065
-0.033029305
-0.03236238
-0.031752605
-0.031730155
-0.031513235
-0.03140541
-0.03088405
-0.03073817
-0.030796785
-0.030633625
-0.030168145
-0.030061365
-0.03015318
-0.02954785
-0.029158915
-0.02924113
-0.02881587
-0.02897386
-0.028631275
-0.02867504
-0.02836391
-0.02791692
-0.027900665
-0.02810805
-0.028016605
-0.027684735
-0.02763948
-0.027067855
-0.026717305
-0.02648679
-0.026124135
-0.025870795
-0.026505895
-0.02557304
-0.025441735
-0.02488159
-0.02485635
-0.02465379
-0.02415146
-0.02445705
-0.02394106
-0.02441602
-0.02406741
-0.023984425
-0.02386101
-0.023963755
-0.02345359
-0.02369595
-0.02355131
-0.0236946
-0.02359077
-0.02339164
-0.02320612
-0.02316155
-0.023100025
-0.02299074
-0.02301103
-0.02298218
-0.02270786
-0.022561115
-0.022514085
-0.02239241
-0.02249867
-0.0226362
-0.022410475
-0.02198171
-0.02202841
-0.022375325
-0.02239394
-0.02254941
-0.022386385
-0.0218266
-0.021892415
-0.02193817
-0.021763255
-0.02149908
-0.02188587
-0.021346775
-0.02176667
-0.02184821
-0.021342445
-0.02115249
-0.02140186
-0.021455885
-0.021236625
-0.021069625
-0.02056366
-0.02104008
-0.02073995
-0.0204627
-0.020626015
-0.020485875
-0.02031776
-0.020148175
-0.020155705
-0.019770825
-0.01974953
-0.01965742
-0.01944037
-0.01895834
-0.01907782
-0.01901967
-0.01910703
-0.019245945
-0.018686665
-0.01837942
-0.018339455
-0.017995575
-0.017886345
-0.01792343
-0.017550015
-0.01743218
-0.01750932
-0.017435005
-0.017425305
-0.017086555
-0.01718008
-0.01722515
-0.0168731
-0.01685813
-0.01684672
-0.01698361
-0.016878045
-0.01689928
-0.0167352
-0.016281245
-0.016352395
-0.016811385
-0.016374255
-0.016460475
-0.01634824
-0.01629333
-0.01613807
-0.0161844
-0.016210755
-0.01588271
-0.016030245
-0.01575529
-0.01570857
-0.015649925
-0.01574332
-0.015707215
-0.01543931
-0.01567127
-0.01564222
-0.0156711
-0.015242755
-0.015116455
-0.01519995
-0.0149025
-0.01512448
-0.015184705
-0.015380355
-0.01503911
-0.0148505
-0.01514425
-0.015146015
-0.01513112
-0.014745475
-0.014408805
-0.0149277
-0.01465646
-0.014826
-0.014466455
-0.014703065
-0.014105875
-0.01424566
-0.013903295
-0.014006525
-0.01428699
-0.013980995
-0.01433927
-0.01401266
-0.014001925
-0.013832805
-0.01383233
-0.013638355
-0.01354656
-0.014021355
-0.01384297
-0.013549455
-0.01384267
-0.01366035
-0.013342915
-0.01378644
-0.013520705
-0.013095175
-0.01309994
-0.013359005
-0.013197295
-0.01271459
-0.01260388
-0.01295845
-0.012752575
-0.0126032
-0.012439315
-0.012664285
-0.01276922
-0.0127242
-0.01278109
-0.012329715
-0.01216998
-0.012088155
-0.01246009
-0.012397685
-0.012429285
-0.0126402
-0.012463845
-0.012219745
-0.01208772
-0.012531655
-0.01235759
-0.012231675
-0.01208156
-0.01192302
-0.0121957
-0.01198135
-0.011917895
-0.01209872
-0.01222365
-0.0114132
-0.01152901
-0.0117264
-0.01139449
-0.01181065
-0.01163406
-0.011552765
-0.01144149
-0.011705265
-0.011137005
-0.01145132
-0.011374845
-0.01134949
-0.011332035
-0.011755785
-0.01140785
-0.011206295
-0.010746495
-0.01085464
-0.01105994
-0.01109793
-0.01085429
-0.01063681
-0.010630555
-0.010369795
-0.0105862
-0.010734225
-0.01038906
-0.01054029
-0.010464255
-0.009947035
-0.0100748
-0.0101842
-0.010248415
-0.00974813
-0.009822075
-0.010040175
-0.009816885
-0.00999323
-0.00947052
-0.009694235
-0.009492605
-0.009409295
-0.009326285
-0.009178245
-0.009313765
-0.00917404
-0.008914645
-0.008728245
-0.00900753
-0.009148915
-0.00926321
-0.008869005
-0.008816175
-0.00853992
-0.008580475
-0.0078569
-0.0084915
-0.00844541
-0.008225855
-0.00845542
-0.008246775
-0.007873145
-0.00808639
-0.00808071
-0.007754445
-0.00818794
-0.00804539
-0.00802057
-0.00797211
-0.00831017
-0.00790077
-0.007960475
-0.00767819
-0.007949705
-0.00754962
-0.00780313
-0.0074578
-0.007229255
-0.007410365
-0.007267395
-0.006982865
-0.007540815
-0.007129555
-0.007181545
-0.007201605
-0.007098415
-0.00645755
-0.00688644
-0.006858565
-0.006302595
-0.00687114
-0.00670045
-0.00683118
-0.006580505
-0.006445535
-0.00631025
-0.006635585
-0.006020525
-0.006261435
-0.00674283
-0.00642396
-0.005912975
-0.00613111
-0.00632727
-0.006027015
-0.00647328
-0.00614771
-0.005691835
-0.00596352
-0.00562589
-0.00572047
-0.005657155
-0.005506735
-0.005863295
-0.00584381
-0.005683855
-0.005360425
-0.00505899
-0.005394055
-0.00514971
-0.00511658
-0.004823675
-0.004794655
-0.004796025
-0.004869035
-0.00478113
-0.004815295
-0.00461093
-0.004625085
-0.004218265
-0.004046465
-0.003980125
-0.004441425
-0.004293995
-0.003881035
-0.003978125
-0.003950745
-0.00375409
-0.00412323
-0.0040188
-0.00355626
-0.003920185
-0.003622975
-0.003506545
-0.00348239
-0.00342078
-0.002915255
-0.00280811
-0.003054125
-0.003277345
-0.003090155
-0.003070715
-0.003029485
-0.00270306
-0.00283771
-0.002604435
-0.00264912
-0.002588995
-0.002536905
-0.002772415
-0.00262065
-0.002359935
-0.002091315
-0.002150585
-0.00228809
-0.00224437
-0.00214879
-0.00208984
-0.002281255
-0.002191265
-0.0020448
-0.00202854
-0.001893705
-0.00202006
-0.002014425
-0.00177054
-0.001506975
-0.00177834
-0.001660405
-0.00200885
-0.001654825
-0.00147362
-0.00204654
-0.001534825
-0.001731485
-0.001511765
-0.00146184
-0.001087405
-0.001385605
-0.001344965
-0.00167443
-0.001386335
-0.001417685
-0.001071505
-0.001165875
-0.001241635
-0.00126977
-0.001098855
-0.001374415
-0.00069871
-0.001272625
-0.00106893
-0.000731475
-0.00102624
-0.000937385
-0.0009622
-0.00072076
-0.000978
-0.000637945
-0.0009494
-0.000556415
-0.00083103
-0.00063678
-0.00080713
-0.00060487
-0.000668
-0.000369735
-0.000482075
-0.000230575
9.903e-05
-0.00030615
-0.0002451
-0.000380735
-0.000196375
-0.000282825
-0.00029604
-0.000505915
-0.00018902
-0.000189895
-0.000392115
4.932e-05
4.121e-05
6.516e-05
-0.0001622
-0.00016949
-3.384e-05
-2.467e-05
0.000176735
0.0003248
0.00015383
0.00012109
0.00025786
0.00025899
0.000385175
0.00040823
-4.475e-05
0.000189775
0.00035312
0.000661045
0.00039902
0.000699815
0.000431975
0.00030491
0.000676475
0.00027006
0.00065014
0.000711175
0.00060547
0.001103215
0.00077311
0.000738635
0.000791125
0.000901885
0.0007723
0.00048699
0.00091152
0.000733975
0.000906685
0.000830485
0.001045185
0.00108147
0.00106547
0.000748455
0.001193965
0.00108286
0.000907375
0.0008638
0.00097077
0.000979
0.000915485
0.0010786
0.001054645
0.00105788
0.001227715
0.001174735
0.001399095
0.000989405
0.001388325
0.001022165
0.001442005
0.00136213
0.001481025
0.001473165
0.001497285
0.001479555
0.001501575
0.001486345
0.001861695
0.001433355
0.00194558
0.00161914
0.001910255
0.00187529
0.001651945
0.001581585
0.001666055
0.00206145
0.002107905
0.002032955
0.00206321
0.002235425
0.00229871
0.00227122
0.002352465
0.002372835
0.00267888
0.00225763
0.002706395
0.00216068
0.002341145
0.00274003
0.002758295
0.00281374
0.00247585
0.002579065
0.002990315
0.002839785
0.003088435
0.00313446
0.003101545
0.00306534
0.002852935
0.002845095
0.00345575
0.003118815
0.002854225
0.002968675
0.00354132
0.00294097
0.00307918
0.002904445
0.003242275
0.003323685
0.00335953
0.003369855
0.00335477
0.00323281
0.003025305
0.00342371
0.003639335
0.003581865
0.00343494
0.003823165
0.003898875
0.003987385
0.003258955
0.00375016
0.004140755
0.003627715
0.00395384
0.004251965
0.004038115
0.00400762
0.003898295
0.00420282
0.004284525
0.00367462
0.004177755
0.00383936
0.0044513
0.004330655
0.004022145
0.004527995
0.004011255
0.003981605
0.00418324
0.004060395
0.00446661
0.004492805
0.00428781
0.004406035
0.004946945
0.00418514
0.003968305
0.00417371
0.004766445
0.00435745
0.004429695
0.004477825
0.004356305
0.003426485
0.004580375
0.00432783
0.00455121
0.00430765
0.00410994
0.004621675
0.004675575
0.004542795
0.004879945
0.00465324
0.004978285
0.004530365
0.005411905
0.00506498
0.00491544
0.00479745
0.0051024
0.005001425
0.00522806
0.00482171
0.004960045
0.00512447
0.005049775
0.004713935
0.00490805
0.004990105
0.0051669
0.00510267
0.00563455
0.005398525
0.005411965
0.00511681
0.005602365
0.00507168
0.005617955
0.004615035
0.004979645
0.005122105
0.00576917
0.00528807
0.005514705
0.00512088
0.00527046
0.00533409
0.005245815
0.00537522
0.005325635
0.00553004
0.00506213
0.005555505
0.005510115
0.004957535
0.00601163
0.00547427
0.00566159
0.00587934
0.00552084
0.00585247
0.00519226
0.005717815
0.00564022
0.005602365
0.005045485
0.00546019
0.00570983
0.00579568
0.005866255
0.0053971
0.005369745
0.005531195
0.005458155
0.005772895
0.005387075
0.005744935
0.0061254
0.005634185
0.005461845
0.005690145
0.00603597
0.0056818
0.00576008
0.005586445
0.005507945
0.00577588
0.00573024
0.005533175
0.00612745
0.00587966
0.00616794
0.006270155
0.00590635
0.00581182
0.00644572
0.00601213
0.00616678
0.006161625
0.00570283
0.006441995
0.00608818
0.006244715
0.00623059
0.00635389
0.00609198
0.006147325
0.00623777
0.006241115
0.006501135
0.00626931
0.006070575
0.00640906
0.00640569
0.006248415
0.006142445
0.00632931
0.006236525
0.006505445
0.006668095
0.006296265
0.006704085
0.00609341
0.006415885
0.00616926
0.006642095
0.006475525
0.006684805
0.006318475
0.006465725
0.006294635
0.006346805
0.006805765
0.00617205
0.00634767
0.006376475
0.00620743
0.00656122
0.00664384
0.006695965
0.007271345
0.00644088
0.00653665
0.0065392
0.00685248
0.006493575
0.006431255
0.0068053
0.006431775
0.00653207
0.006876955
0.00662353
0.006689995
0.00639226
0.00671514
0.007271105
0.006967115
0.00687934
0.006639895
0.006890315
0.006499775
0.00731379
0.006778465
0.0067764
0.006972705
0.007099775
0.006680155
0.006909905
0.00728297
0.006750375
0.007310655
0.007224955
0.00694935
0.007062955
0.007154535
0.007383625
0.00712943
0.006935455
0.007319825
0.00726036
0.00740288
0.00770161
0.00761596
0.007392755
0.00759216
0.00750506
0.00721767
0.007564285
0.00730156
0.00765344
0.007699255
0.00786907
0.00739093
0.00748531
0.00784099
0.00765926
0.007916035
0.007667625
0.008140025
0.007817655
0.007864575
0.007841145
0.007997895
0.00784555
0.00795036
0.00776178
0.007830595
0.00779093
0.00804077
0.007559035
0.007873205
0.00831869
0.00820525
0.008326195
0.008425095
0.00809723
0.00824957
0.008314265
0.008222225
0.008345675
0.00831516
0.00839801
0.008046865
0.00804384
0.008738955
0.00861549
0.008818265
0.008674815
0.008304215
0.00874076
0.008585285
0.008164035
0.00859862
0.008649315
0.00859897
0.00826544
0.008708095
0.008927465
0.009329085
0.00843611
0.00888327
0.008767295
0.00893884
0.009135465
0.00905061
0.008974085
0.00877269
0.009052605
0.00879207
0.00902959
0.009198475
0.008857255
0.00912768
0.009094085
0.009183555
0.0088563
0.009509285
0.008976995
0.00920258
0.008860685
0.00888129
0.009032955
0.00967043
0.009413905
0.009217645
0.009517785
0.009113935
0.009266135
0.009990755
0.009544245
0.009502375
0.009547315
0.009320865
0.00983671
0.00968656
0.01006866
0.009936725
0.009441815
0.009716275
0.009684035
0.0099617
0.009916195
0.01009872
0.00971817
0.00979814
0.009741885
0.00988928
0.009928165
0.01005617
0.00968799
0.009655725
0.009849785
0.00981089
0.010209005
0.010202835
0.010030665
0.01019522
0.00994344
0.009929775
0.00985906
0.01007353
0.01015181
0.010018745
0.01018633
0.010192815
0.010155405
0.01019049
0.01026018
0.010747885
0.0105558
0.01048779
0.01050801
0.01053425
0.010787605
0.010578265
0.010692275
0.01073785
0.010560765
0.010960705
0.01069757
0.01079259
0.01085876
0.010349865
0.010725415
0.01070223
0.011210215
0.01103524
0.01083748
0.01076562
0.011476935
0.011053555
0.01083778
0.01097413
0.01134005
0.01157179
0.011001045
0.011351035
0.010853785
0.01141234
0.011004895
0.011605505
0.011096185
0.01183786
0.011875175
0.011910235
0.011717085
0.01151415
0.0120781
0.011511
0.01168249
0.01217907
0.01177661
0.012543865
0.01209438
0.011753305
0.01243508
0.01196811
0.012044315
0.01217532
0.01200141
0.011920585
0.01235565
0.012379745
0.012463495
0.012622335
0.012617255
0.01280563
0.012451595
0.012498985
0.012749605
0.01268933
0.01244277
0.012771585
0.012854785
0.012969705
0.01285177
0.013019525
0.013038595
0.01309735
0.013508205
0.012816525
0.013404315
0.01329406
0.01336951
0.01278838
0.01311481
0.013489505
0.013025335
0.013452655
0.013038915
0.013315385
0.013859995
0.013627315
0.01371926
0.01343456
0.01357229
0.013717285
0.0139957
0.01369519
0.013539135
0.013866705
0.013553395
0.01397146
0.014171625
0.01382714
0.013993695
0.0139136
0.014181265
0.0138765
0.014120575
0.013990415
0.01404613
0.014012215
0.013992675
0.01411126
0.01404145
0.014483065
0.01394201
0.0144761
0.01435549
0.014494095
0.014216965
0.01430087
0.01437565
0.014413035
0.014515545
0.014621935
0.014361305
0.01494229
0.014352655
0.014875415
0.01459017
0.014486465
0.014644905
0.014954025
0.014365075
0.014794075
0.014843345
0.014839145
0.014726025
0.01504436
0.014659765
0.015137655
0.014587675
0.014392215
0.014635015
0.015049945
0.01465675
0.01505626
0.014895265
0.01515067
0.01499595
0.015114145
0.015307815
0.0151599
0.01496084
0.015073095
0.01493689
0.014945405
0.01477027
0.01466195
0.014593575
0.015013365
0.015012635
0.01546349
0.01518234
0.015615745
0.015354575
0.014974
0.015364045
0.015657965
0.01505185
0.015368755
0.015415775
0.01567303
0.015258595
0.015686405
0.01570053
0.01560606
0.015541035
0.015185195
0.015826675
0.015549795
0.015694325
0.01543651
0.015982475
0.01589046
0.015336405
0.01596235
0.01569059
0.01551914
0.015433795
0.0157133
0.01623338
0.01564071
0.01577005
0.015841105
0.01589389
0.015791005
0.015815785
0.01581793
0.015547155
0.01586723
0.015537225
0.01586694
0.01608109
0.015764645
0.016091235
0.015648795
0.016137865
0.01588756
0.015823655
0.015662285
0.015470185
0.015908515
0.01595305
0.01573207
0.01553504
0.01588557
0.016043915
0.01610783
0.01597923
0.015940615
0.015732085
0.01613636
0.015724915
0.01590753
0.01542661
0.01585551
0.01624597
0.01600793
0.0162104
0.01595135
0.016003545
0.01596852
0.01604125
0.01601451
0.01596717
0.016194265
0.0163304
0.015993325
0.0162773
0.01656657
0.01638674
0.016441355
0.016174615
0.01626686
0.016245105
0.016411595
0.015943245
0.0162552
0.01657169
0.015996425
0.016311465
0.01649832
0.016460975
0.01628704
0.016347975
0.01632689
0.016469655
0.016493225
0.016541495
0.016556495
0.016487085
0.01694278
0.01681694
0.016396925
0.016426125
0.017048295
0.016530705
0.016438045
0.01647011
0.01708409
0.01637117
0.016738995
0.016609105
0.016711415
0.01676107
0.017075875
0.01645933
0.016822905
0.01681586
0.01675433
0.016538875
0.016805995
0.01698861
0.0170827
0.01676267
0.016966505
0.017177365
0.016917405
0.016939505
0.0167808
0.0168105
0.016881785
0.01697872
0.01717328
0.0169311
0.01690072
0.017047715
0.017235845
0.017295445
0.016903525
0.01687293
0.016482445
0.01675254
0.017354095
0.01724447
0.0173781
0.017036935
0.01711655
0.01722721
0.01708213
0.01680728
0.017315085
0.017113055
0.017328285
0.017190915
0.01738365
0.01735785
0.017274375
0.01723613
0.01739751
0.017311185
0.01733463
0.017265675
0.017171875
0.017223415
0.017426715
0.01745413
0.01761592
0.01708008
0.017657715
0.01757048
0.017544385
0.01802304
0.017384835
0.01728443
0.0176453
0.017893865
0.017339375
0.01748094
0.01743084
0.017200925
0.01755137
0.0173582
0.01743829
0.017262875
0.017458855
0.017600005
0.018354575
0.01765463
0.017714915
0.01751884
0.01787114
0.017473955
0.017950535
0.01741912
0.017396435
0.01749306
0.01738391
0.017294895
0.01756112
0.017370045
0.017355965
0.017918785
0.01782962
0.017652165
0.017504875
0.017903545
0.01776068
0.018008885
0.0182965
0.01770085
0.01780359
0.0176938
0.01773969
0.017878335
0.01773876
0.018007545
0.017742815
0.01776875
0.01782378
0.017968645
0.017656125
0.0178892
0.018073065
0.01785747
0.017830735
0.017852135
0.01800631
0.01784332
0.017734455
0.017952935
0.017608125
0.017921945
0.01797647
0.01774106
0.01815865
0.01761563
0.01793275
0.01766198
0.01807822
0.017755885
0.01763261
0.01762825
0.01805826
0.01755045
0.01799218
0.017706545
0.017929255
0.018232275
0.01772663
0.0181151
0.018096465
0.017995495
0.01800405
0.018272315
0.018238285
0.017939095
0.01840985
0.017973675
0.01822927
0.01839565
0.01838532
0.017759345
0.01801922
0.018399855
0.018191865
0.01824366
0.01808005
0.018409505
0.01881119
0.01824858
0.01803469
0.01841868
0.017932455
0.01814113
0.01809055
0.01832025
0.01795413
0.017998055
0.018360765
0.0182968
0.01811144
0.01801621
0.01796964
0.018297065
0.01808292
0.01796132
0.01809791
0.018229425
0.018153905
0.018410015
0.018171095
0.018267875
0.01788954
0.018291515
0.01845284
0.01822462
0.01824423
0.0185169
0.0183795
0.017930465
0.01841782
0.018115805
0.018501475
0.01917641
0.01846463
0.01893061
0.01877134
0.018623905
0.01883802
0.01858236
0.01830367
0.01824054
0.01836804
0.019067955
0.01897762
0.018561335
0.018563775
0.01878521
0.019099605
0.018493815
0.018847935
0.01867387
0.01905578
0.018774565
0.018582495
0.01901975
0.018783085
0.01881084
0.01889614
0.01896301
0.018680435
0.01858967
0.018810225
0.01884177
0.018769615
0.01886056
0.01860698
0.019319495
0.018996605
0.01877084
0.01888752
0.01871488
0.019104165
0.01867505
0.018758375
0.019337325
0.019357055
0.018895985
0.019256155
0.018824195
0.019037205
0.019428325
0.01879152
0.01917497
0.01884876
0.019158455
0.019250105
0.019061335
0.019263785
0.019332025
0.019171765
0.018833945
0.01934265
0.019037045
0.01916413
0.018976035
0.019207755
0.019335725
0.019053975
0.01919143
0.019047745
0.018938475
0.01932406
0.0188907
0.01945476
0.019310355
0.019251865
0.0191126
0.01930573
0.01930804
0.019170935
0.019476065
0.01955844
0.01929119
0.01954742
0.019651345
0.01930234
0.01950074
0.019752815
0.01934359
0.01935793
0.01960534
0.01927072
0.01959242
0.01989477
0.01924133
0.019562075
0.01938134
0.019714925
0.01964644
0.019365665
0.01966826
0.01951266
0.019448345
0.01979137
0.019449005
0.019768545
0.019602595
0.019425795
0.019616195
0.01966463
0.019832855
0.01947281
0.019346955
0.01937633
0.019538625
0.01954935
0.019981705
0.01972458
0.019843805
0.02031288
0.019684005
0.0197079
0.02006081
0.01991918
0.02008376
0.01985313
0.019684915
0.019849865
0.019931735
0.01975952
0.01976054
0.019381035
0.01993572
0.019946155
0.019917325
0.01961677
0.019414135
0.02006527
0.019825705
0.0199321
0.020132415
0.019957975
0.01991989
0.02011156
0.020220305
0.01993272
0.020171615
0.01972026
0.01992293
0.01990586
0.019916635
0.0198234
0.02005931
0.01972383
0.019821155
0.019822775
0.02011617
0.02004545
0.020345425
0.01986475
0.01974071
0.020093295
0.020018495
0.02001486
0.02002919
0.020099475
0.02020372
0.01987823
0.020155925
0.020603295
0.020292005
0.020050345
0.01986123
0.020363795
0.020301725
0.019948225
0.02017547
0.02019557
0.02005139
0.02027377
0.02019684
0.0204921
0.020049765
0.019934175
0.01986183
0.019833965
0.01993367
0.020459885
0.01998317
0.019873815
0.0203695
0.02015553
0.02044491
0.020019345
0.020184535
0.020259625
0.02015258
0.020271575
0.02032508
0.02043578
0.02052832
0.019990275
0.0204293
0.02015708
0.02021095
0.02019233
0.020189885
0.020778745
0.02016478
0.020456505
0.02052829
0.02063208
0.020917985
0.020440555
0.020469555
0.02075536
0.02058026
0.020574965
0.02069866
0.020344595
0.020957545
0.02035265
0.0207855
0.020761165
0.0211365
0.02062553
0.02086496
0.02083253
0.020612415
0.02059438
0.020666055
0.020923865
0.020908995
0.020607805
0.02057982
0.021058825
0.02098702
0.02059146
0.020968505
0.02076811
0.02068182
0.020975425
0.021073655
0.021116785
0.021526055
0.02112545
0.021031485
0.02100976
0.0209997
0.020673355
0.020961385
0.020948295
0.02112706
0.021043405
0.021106645
0.020938365
0.02123601
0.021068385
0.020778145
0.020739695
0.02071331
0.0214068
0.02121306
0.020702145
0.02090799
0.021011655
0.02064842
0.02105028
0.020740325
0.021038925
0.020757455
0.02070666
0.021240795
0.02137706
0.02135224
0.02129504
0.021462635
0.02093881
0.02110047
0.021334015
0.02106231
0.02087747
0.020917095
0.02106644
0.021309135
0.02103818
0.0209033
0.02141401
0.02077167
0.02114473
0.020768945
0.021067695
0.021184275
0.021046625
0.021174345
0.0213133
0.021081015
0.02113085
0.021240455
0.02156245
0.02132663
0.02099879
0.02150977
0.021331855
0.021470565
0.020934485
0.020887015
0.021181375
0.02112167
0.021368065
0.02145633
0.021134475
0.02155913
0.02136277
0.02107196
0.021165345
0.02098727
0.021134665
0.021166105
0.021350385
0.021289465
0.02125491
0.02146624
0.021259275
0.021335945
0.02125779
0.02152757
0.021475515
0.021119225
0.021587475
0.02109385
0.021565145
0.021210705
0.02097009
0.02138127
0.021357515
0.02104286
0.02098804
0.021537785
0.020826355
0.021327085
0.021112565
0.02140769
0.02125642
0.021369435
0.021376675
0.02159635
0.021485795
0.02157303
0.021261055
0.021071225
0.02194911
0.021108785
0.021007625
0.021292705
0.0210405
0.02136278
0.021210895
0.021275615
0.021038335
0.021278525
0.02158745
0.02115319
0.02165813
0.02141674
0.02106186
0.021390505
0.021556285
0.021158155
0.02102208
0.021457715
0.02160553
0.021117855
0.021531735
0.02145228
0.02123062
0.02146363
0.021589645
0.021371425
0.02187657
0.02143462
0.02127734
0.02174621
0.021253035
0.021741695
0.02195046
0.021385755
0.02144689
0.021827425
0.021364625
0.021226895
0.021917545
0.021574895
0.021842155
0.02144837
0.021189745
0.02150512
0.021559715
0.0212949
0.02146211
0.021574485
0.021137245
0.021247085
0.0215096
0.02134888
0.021445425
0.0215614
0.02183184
0.021474095
0.021399085
0.0215402
0.02145914
0.0217207
0.02151262
0.02139945
0.02125762
0.02153705
0.0215984
0.02161908
0.02110651
0.02157107
0.02163879
0.021339995
0.02176689
0.02146854
0.021851745
0.02180085
0.021425785
0.021693815
0.021468465
0.02158845
0.02176345
0.021487025
0.021449915
0.02145185
0.021408345
0.021688925
0.02160187
0.02151164
0.0213994
0.021676175
0.021362305
0.02158961
0.021103465
0.02138894
0.02151208
0.02188618
0.02166351
0.02141816
0.0212647
0.02189311
0.021516085
0.021360465
0.02140842
0.02141278
0.02153215
0.02132796
0.02137606
0.021602265
0.02178693
0.021343095
0.021997375
0.02150858
0.022112285
0.021694515
0.02155489
0.021647515
0.0214479
0.021780825
0.02156624
0.021383325
0.02152423
0.02165086
0.022050545
0.021643085
0.021587685
0.021621455
0.02175101
0.021826755
0.02157381
0.021836515
0.02196327
0.02196003
0.02172144
0.021562545
0.02160738
0.021492575
0.02174064
0.02202565
0.022441255
0.021684775
0.02190436
0.02184071
0.021696415
0.02201495
0.021822005
0.02199001
