-0.103801
-0.103801
-0.098111
-0.098111
-0.096752
-0.093161
-0.089941
-0.089941
-0.087669
-0.087669
-0.085621
-0.085137
-0.085137
-0.082158
-0.082158
-0.082158
-0.079355
-0.079355
-0.074474
-0.072382
-0.072382
-0.072382
-0.072382
-0.072382
-0.070149
-0.068037
-0.067282
-0.065632
-0.065632
-0.061716
-0.061716
-0.059951
-0.059951
-0.059951
-0.059951
-0.059168
-0.057725
-0.057725
-0.057725
-0.057009
-0.057009
-0.057009
-0.056153
-0.056153
-0.056153
-0.056153
-0.056153
-0.053699
-0.053699
-0.053699
-0.053699
-0.053699
-0.053699
-0.053443
-0.053443
-0.051294
-0.051294
-0.051294
-0.049647
-0.049647
-0.049454
-0.049454
-0.048877
-0.048877
-0.048877
-0.046838
-0.046838
-0.046663
-0.046663
-0.046663
-0.045935
-0.045935
-0.045466
-0.045466
-0.045466
-0.045466
-0.045466
-0.044259
-0.043776
-0.043776
-0.043662
-0.041918
-0.041918
-0.0407
-0.0407
-0.034434
-0.034434
-0.034434
-0.034434
-0.031677
-0.031677
-0.031677
-0.031677
-0.031677
-0.031677
-0.031635
-0.031635
-0.031635
-0.031635
-0.031635
-0.031386
-0.031386
-0.031386
-0.031386
-0.030352
-0.030352
-0.029574
-0.028891
-0.028891
-0.028891
-0.028891
-0.028891
-0.028891
-0.028891
-0.028891
-0.028891
-0.02842
-0.02842
-0.02842
-0.027678
-0.026273
-0.026273
-0.026273
-0.026273
-0.026273
-0.026273
-0.026273
-0.026273
-0.024445
-0.022543
-0.022543
-0.022543
-0.022543
-0.022543
-0.022543
-0.022543
-0.022543
-0.022543
-0.022543
-0.022543
-0.022543
-0.021004
-0.021004
-0.021004
-0.021004
-0.021004
-0.021004
-0.018023
-0.018023
-0.018023
-0.018023
-0.018023
-0.018023
-0.018023
-0.018023
-0.018023
-0.018023
-0.018023
-0.018023
-0.018023
-0.018023
-0.018023
-0.018023
-0.018023
-0.018023
-0.017304
-0.017304
-0.017304
-0.016171
-0.016171
-0.016171
-0.016171
-0.016171
-0.016171
-0.016171
-0.015727
-0.015727
-0.015727
-0.015727
-0.013819
-0.013819
-0.013819
-0.013819
-0.013819
-0.013819
-0.013819
-0.013819
-0.013819
-0.013819
-0.013819
-0.013819
-0.013819
-0.013819
-0.013819
-0.013819
-0.013819
-0.013819
-0.013819
-0.013652
-0.013652
-0.013652
-0.013652
-0.013652
-0.013652
-0.013652
-0.013652
-0.013652
-0.013652
-0.013652
-0.013652
-0.013652
-0.013652
-0.013652
-0.013652
-0.013652
-0.013652
-0.013652
-0.013652
-0.012154
-0.012154
-0.012154
-0.012154
-0.011677
-0.011677
-0.010562
-0.010562
-0.010562
-0.010562
-0.010562
-0.009761
-0.009761
-0.009761
-0.009761
-0.009761
-0.009761
-0.009761
-0.009683
-0.009683
-0.009683
-0.007879
-0.007879
-0.007879
-0.007879
-0.007879
-0.007879
-0.007879
-0.007879
-0.007879
-0.007879
-0.007879
-0.007879
-0.007879
-0.007879
-0.007879
-0.007879
-0.007879
-0.007879
-0.007879
-0.007879
-0.007879
-0.007879
-0.007879
-0.007879
-0.007879
-0.007879
-0.007879
-0.007879
-0.007879
-0.007879
-0.007879
-0.007879
-0.007879
-0.007879
-0.007879
-0.007879
-0.007879
-0.007879
-0.007879
-0.007879
-0.007879
-0.007879
-0.007879
-0.007879
-0.007455
-0.007455
-0.007455
-0.007455
-0.007455
-0.007455
-0.007455
-0.007455
-0.007455
-0.007455
-0.007183
-0.007183
-0.007183
-0.007183
-0.007183
-0.007183
-0.007183
-0.007183
-0.007183
-0.007183
-0.007183
-0.007183
-0.006638
-0.006487
-0.006487
-0.006487
-0.006487
-0.006487
-0.006487
-0.006487
-0.006487
-0.006487
-0.006487
-0.006487
-0.006487
-0.005351
-0.005351
-0.005351
-0.005351
-0.005351
-0.002645
-0.002645
-0.002645
-0.002645
-0.002645
-0.002645
-0.002645
-0.002645
-0.002645
-0.002645
-0.002645
-0.002645
-0.002645
-0.002645
-0.002645
-0.002645
-0.002645
-0.002645
-0.002645
-0.002645
-0.002645
-0.002645
-0.002645
-0.002645
-0.002645
-0.002645
-0.002645
-0.002645
-0.002645
-0.002645
-0.002645
-0.002645
-0.002645
-0.002645
-0.002645
-0.002645
-0.002645
-0.002645
-0.002645
-0.002645
-0.002645
-0.002645
-0.001373
-0.001373
-0.001373
-0.001373
-0.001373
-0.001373
-0.001373
-0.001373
-0.001373
-0.001373
-0.001373
-0.001373
-0.001373
-0.001373
-0.001373
-0.001373
-0.001373
-0.001373
-0.001373
-0.001373
-0.001373
-0.001373
-0.001373
-0.001373
-0.001373
-0.001373
-0.001373
-0.001373
-0.001373
-0.001373
-0.001373
-0.001373
-0.001373
-0.001373
-0.001373
-0.001373
-0.001373
-0.001373
-0.001373
-0.001373
-0.000589
-0.000589
-0.000589
-0.000589
-0.000549
-0.000549
-0.000549
-0.000549
-0.000549
-0.000549
-0.000549
-0.000549
-0.000549
-0.000549
-0.000549
-0.000549
-0.000549
-0.000549
0.00049
0.00049
0.00049
0.00049
0.00049
0.000656
0.000656
0.000656
0.000656
0.002033
0.002033
0.00212
0.00212
0.00212
0.00212
0.00212
0.00212
0.00212
0.00212
0.00212
0.00212
0.00212
0.00212
0.00212
0.00212
0.00212
0.00212
0.00212
0.00212
0.00212
0.00212
0.00212
0.00212
0.00212
0.00212
0.00212
0.002676
0.002676
0.002676
0.002676
0.003595
0.003595
0.003595
0.003595
0.003595
0.003595
0.003595
0.003595
0.003595
0.003595
0.003595
0.003595
0.003595
0.003595
0.003595
0.003595
0.003595
0.003595
0.003595
0.003595
0.003595
0.003595
0.003595
0.003595
0.003595
0.004547
0.004547
0.004547
0.004547
0.004547
0.004547
0.004547
0.004997
0.004997
0.004997
0.006124
0.006124
0.006124
0.006124
0.006124
0.006124
0.006124
0.009492
0.009492
0.009492
0.009492
0.009492
0.009492
0.009492
0.009492
0.009492
0.009492
0.009492
0.009492
0.009492
0.009492
0.009492
0.009492
0.009492
0.009492
0.009492
0.009492
0.009492
0.009492
0.009492
0.009492
0.009492
0.009492
0.009492
0.009492
0.009492
0.009492
0.009492
0.009492
0.009492
0.009492
0.009492
0.009492
0.009492
0.009492
0.009492
0.009492
0.009492
0.009492
0.009492
0.009492
0.009492
0.009492
0.009492
0.009492
0.009492
0.009492
0.009492
0.009492
0.009492
0.009492
0.009492
0.009492
0.009492
0.009492
0.009492
0.009492
0.009492
0.009492
0.009492
0.009492
0.009492
0.009492
0.009492
0.009492
0.009492
0.009492
0.009492
0.009492
0.009492
0.009492
0.009492
0.009492
0.009492
0.009492
0.009492
0.009492
0.009492
0.009492
0.009492
0.009492
0.009492
0.009492
0.009492
0.009492
0.009809
0.009809
0.009809
0.009809
0.009809
0.009809
0.009809
0.009809
0.009809
0.009809
0.009809
0.009809
0.009809
0.009809
0.009809
0.009809
0.009809
0.009809
0.009809
0.009809
0.009809
0.009809
0.009809
0.009809
0.009809
0.009809
0.009809
0.009809
0.009809
0.009809
0.009809
0.009809
0.009809
0.009809
0.009809
0.009809
0.009809
0.009809
0.009809
0.009809
0.009809
0.009809
0.009809
0.009809
0.009809
0.009809
0.009809
0.009809
0.009809
0.009809
0.009809
0.009809
0.009809
0.009809
0.009809
0.009809
0.009809
0.009809
0.009809
0.009809
0.009809
0.009809
0.009809
0.009809
0.009809
0.009809
0.009809
0.009809
0.011296
0.011296
0.011296
0.011296
0.011296
0.011296
0.011296
0.011296
0.011296
0.011296
0.011296
0.011296
0.011296
0.011296
0.011296
0.011296
0.011296
0.011296
0.011296
0.011296
0.011296
0.011296
0.011296
0.011296
0.011296
0.011296
0.011296
0.011296
0.011296
0.011296
0.011296
0.011296
0.011296
0.011312
0.011312
0.011312
0.011312
0.011312
0.011312
0.011312
0.013229
0.013229
0.013229
0.013229
0.013229
0.013229
0.013229
0.013229
0.013229
0.013229
0.013229
0.013229
0.013229
0.013229
0.013229
0.013229
0.013229
0.013229
0.013229
0.013229
0.013229
0.013229
0.013229
0.013229
0.013229
0.013229
0.013229
0.013229
0.013229
0.013229
0.013229
0.013229
0.013229
0.013229
0.013229
0.013229
0.013229
0.013229
0.013229
0.013229
0.013229
0.013229
0.013229
0.013229
0.013229
0.013229
0.013229
0.013229
0.013229
0.013229
0.013229
0.013229
0.013229
0.013229
0.013229
0.013229
0.013229
0.013229
0.013229
0.013229
0.013229
0.013229
0.013229
0.013229
0.013229
0.013229
0.013229
0.013229
0.013229
0.013229
0.014632
0.014632
0.014632
0.014632
0.014632
0.014632
0.014632
0.014632
0.014632
0.014632
0.014632
0.014632
0.014632
0.014632
0.014632
0.014632
0.014632
0.014632
0.014632
0.014632
0.014632
0.014632
0.014632
0.014632
0.014632
0.014632
0.014632
0.014632
0.014632
0.014632
0.014632
0.014632
0.014632
0.014632
0.014632
0.014632
0.014632
0.014632
0.014632
0.014632
0.014632
0.014632
0.014632
0.014632
0.014632
0.014632
0.014632
0.014632
0.014632
0.014632
0.014632
0.014632
0.014632
0.014632
0.014632
0.014632
0.014632
0.014632
0.014632
0.014632
0.014867
0.014867
0.014867
0.014867
0.014867
0.014867
0.014867
0.014867
0.014867
0.014867
0.014867
0.014867
0.014867
0.014867
0.014867
0.014867
0.014867
0.014867
0.014867
0.014867
0.014867
0.014867
0.014867
0.014867
0.014867
0.014867
0.014867
0.014867
0.014867
0.014867
0.014867
0.014867
0.014867
0.014867
0.014867
0.014867
0.014867
0.014867
0.014867
0.014867
0.014867
0.014867
0.014867
0.014867
0.014867
0.014867
0.014867
0.014867
0.014867
0.014867
0.014867
0.014867
0.014867
0.014867
0.014867
0.014867
0.014867
0.014867
0.014867
0.014867
0.014867
0.014867
0.014867
0.014867
0.014867
0.014867
0.014867
0.014867
0.014867
0.014867
0.014867
0.014867
0.014867
0.014867
0.014867
0.014867
0.014867
0.014867
0.014867
0.014867
0.014867
0.014867
0.014867
0.014867
0.014867
0.014867
0.014867
0.014867
0.014867
0.014867
0.014867
0.014867
0.014867
0.014867
0.014867
0.014867
0.014867
0.014867
0.014867
0.014867
0.014867
0.014867
0.014867
0.014867
0.014867
0.014867
0.014867
0.014867
0.014867
0.014867
0.014867
0.014867
0.014917
0.014917
0.014917
0.014917
0.016308
0.016308
0.016308
0.016308
0.016308
0.016308
0.016308
0.016308
0.016308
0.016308
0.016308
0.016308
0.017232
0.017232
0.017232
0.017232
0.017232
0.017232
0.017232
0.017232
0.017232
0.017232
0.017232
0.017232
0.017232
0.017232
0.017232
0.017232
0.017232
0.017232
0.017232
0.017232
0.017232
0.017232
0.017232
0.017232
0.017232
0.017232
0.017232
0.017232
0.017232
0.017232
0.017232
0.017232
0.017232
0.017232
0.017232
0.017232
0.017232
0.017232
0.018049
0.018049
0.018249
0.018249
0.018249
0.018249
0.018249
0.018249
0.018249
0.018249
0.018249
0.018249
0.018249
0.018249
0.018249
0.018249
0.018249
0.018249
0.018249
0.018249
0.018249
0.018249
0.018249
0.018249
0.018249
0.018249
0.018249
0.018249
0.018249
0.018249
0.018249
0.018249
0.018249
0.018249
0.018249
0.018249
0.018249
0.018249
0.018249
0.018249
0.018249
0.018249
0.018249
0.018249
0.018249
0.018249
0.018249
0.018249
0.018249
0.018249
0.018249
0.020033
0.020033
0.020033
0.020033
0.020033
0.020033
0.020033
0.020033
0.020033
0.020033
0.020033
0.020033
0.020033
0.020033
0.020033
0.020033
0.020033
0.020033
0.020033
0.020033
0.020033
0.020033
0.020033
0.020033
0.020033
0.020033
0.020033
0.020033
0.020033
0.020033
0.020033
0.020033
0.020524
0.020524
0.02756
0.02756
0.02756
0.02756
0.02756
0.02756
0.02756
0.02756
0.02756
0.02756
0.02756
0.02756
0.02756
0.02756
0.02756
0.02756
0.02756
0.02756
0.02756
0.02756
0.02756
0.02756
0.02756
0.02756
0.02756
0.02756
0.02756
0.02756
0.02756
0.02756
0.02756
0.02756
0.02756
0.02756
0.02756
0.02756
0.02756
0.02756
0.02756
0.02756
0.02756
0.02756
0.02756
0.02756
0.02756
0.02756
0.02756
0.02756
0.02756
0.02756
0.02756
0.02756
0.02756
0.02756
0.02756
0.02756
0.02756
0.02756
0.02756
0.02756
0.02756
0.02756
0.02756
0.02756
0.02756
0.02756
0.02756
0.02756
0.02756
0.02756
0.02756
0.02756
0.02756
0.02756
0.02756
0.02756
0.02756
0.02756
0.02756
0.02756
0.02756
0.02756
0.02756
0.02756
0.02756
0.02756
0.02756
0.02756
0.02756
0.02756
0.02756
0.02756
0.02756
0.02756
0.02756
0.02756
0.02756
0.02756
0.02756
0.02756
0.02756
0.02756
0.02756
0.02756
0.02756
0.02756
0.02756
0.02756
0.02756
0.02756
0.02756
0.02756
0.02756
0.02756
0.02756
0.02756
0.02756
0.02756
0.02756
0.02756
0.02756
0.02756
0.02756
0.02756
0.02756
0.02756
0.02756
0.02756
0.02756
0.02756
0.02756
0.02756
0.02756
0.02756
0.02756
0.02756
0.02756
0.02756
0.02756
0.02756
0.02756
0.02756
0.02756
0.02756
0.02756
0.02756
0.02756
0.02756
0.02756
0.02756
0.02756
0.02756
0.02756
0.02756
0.02756
0.02756
0.02756
0.02756
0.02756
0.02756
0.02756
0.02756
0.02756
0.02756
0.02756
0.02756
0.02756
0.02756
0.02756
0.02756
0.02756
0.02756
0.02756
0.02756
0.02756
0.02756
0.02756
0.02756
0.02756
0.02756
0.02756
0.02756
0.02756
0.02756
0.02756
0.02756
0.02756
0.02756
0.02756
0.02756
0.02756
0.02756
0.02756
0.02756
0.02756
0.02756
0.02756
0.02756
0.02756
0.02756
0.02756
0.02756
0.02756
0.02756
0.02756
0.02756
0.02756
0.02756
0.02756
0.02756
0.02756
0.02756
0.02756
0.02756
0.02756
0.02756
0.02756
0.02756
0.02756
0.02756
0.02756
0.02756
0.02756
0.02756
0.02756
0.02756
0.02756
0.02756
0.02756
0.02756
0.02756
0.02756
0.02756
0.02756
0.02756
0.02756
0.02756
0.02756
0.02756
0.02756
0.02756
0.02756
0.02756
0.02756
0.02756
0.02756
0.02756
0.02756
0.02756
0.02756
0.02756
0.02756
0.02756
0.02756
0.02756
0.02756
0.02756
0.02756
0.02756
0.02756
0.02756
0.02756
0.02756
0.02756
0.02756
0.02756
0.02756
0.02756
0.02756
0.02756
0.02756
0.02756
0.02756
0.02756
0.02756
0.02756
0.02756
0.02756
0.02756
0.02756
0.02756
0.02756
0.02756
0.02756
0.02756
0.02756
0.02756
0.02756
0.02756
0.02756
0.02756
0.02756
0.02756
0.02756
0.02756
0.02756
0.02756
0.02756
0.02756
0.02756
0.02756
0.02756
0.02756
0.02756
0.02756
0.02756
0.02756
0.02756
0.02756
0.02756
0.02756
0.02756
0.02756
0.02756
0.02756
0.02756
0.02756
0.02756
0.02756
0.02756
0.02756
0.02756
0.02756
0.02756
0.02756
0.02756
0.02756
0.02756
0.02756
0.02756
0.02756
0.02756
0.02756
0.02756
0.02756
0.02756
0.02756
0.02756
0.02756
0.02756
0.02756
0.02756
0.02756
0.02756
0.02756
0.02756
0.02756
0.02756
0.02756
0.02756
0.02756
0.02756
0.02756
0.02756
0.02756
0.02756
0.0277
0.0277
0.0277
0.0277
0.0277
0.0277
0.0277
0.0277
0.0277
0.0277
0.0277
0.0277
0.0277
0.0277
0.0277
0.0277
0.0277
0.0277
0.0277
0.0277
0.0277
0.0277
0.0277
0.0277
0.0277
0.0277
0.0277
0.0277
0.0277
0.0277
0.0277
0.0277
0.0277
0.0277
0.0277
0.0277
0.0277
0.0277
0.0277
0.0277
0.0277
0.0277
0.0277
0.0277
0.0277
0.0277
0.0277
0.0277
0.0277
0.0277
0.0277
0.0277
0.0277
0.0277
0.0277
0.0277
0.0277
0.0277
0.0277
0.0277
0.0277
0.0277
0.0277
0.0277
0.0277
0.0277
0.0277
0.0277
0.0277
0.0277
0.0277
0.0277
0.0277
0.0277
0.0277
0.0277
0.0277
0.0277
0.0277
0.0277
0.0277
0.0277
0.0277
0.0277
0.0277
0.0277
0.0277
0.0277
0.0277
0.0277
0.0277
0.0277
0.0277
0.0277
0.0277
0.0277
0.0277
0.0277
0.0277
0.0277
0.0277
0.0277
0.0277
0.0277
0.0277
0.0277
0.0277
0.0277
0.0277
0.0277
0.0277
0.0277
0.0277
0.0277
0.0277
0.0277
0.0277
0.0277
0.0277
0.0277
0.029081
0.029081
0.029081
0.029081
0.029081
0.029081
0.029081
0.029081
0.029081
0.029081
0.029081
0.029081
0.029081
0.029081
0.029081
0.029081
0.029081
0.029081
0.029081
0.029081
0.029081
0.029081
0.029081
0.029081
0.029081
0.029081
0.029081
0.029081
0.029081
0.029081
0.029081
0.029081
0.029081
0.029081
0.029081
0.029081
0.029081
0.029081
0.029081
0.029081
0.029081
0.029081
0.029081
0.029081
0.029081
0.029081
0.029081
0.029081
0.029081
0.029081
0.029081
0.029081
0.029081
0.029081
0.029081
0.029081
0.029081
0.029081
0.029081
0.029081
0.029081
0.029081
0.029081
0.029081
0.029081
0.029081
0.029081
0.029081
0.029081
0.029081
0.029081
0.029081
0.029081
0.029081
0.029081
0.029081
0.029081
0.029081
0.029081
0.029081
0.029081
0.029081
0.029081
0.029081
0.029081
0.029081
0.029081
0.029081
0.029081
0.029081
0.029081
0.029081
0.029081
0.029081
0.029081
0.029081
0.029081
0.029081
0.029081
0.029081
0.029081
0.029081
0.029081
0.029081
0.029081
0.029081
0.029081
0.029081
0.029081
0.029521
0.029521
0.029521
0.029521
0.029521
0.029521
0.029521
0.029521
0.029521
0.029521
0.029521
0.029521
0.029521
0.029521
0.029521
0.029521
0.029521
0.029521
0.029521
0.029521
0.029521
0.029521
0.029521
0.029521
0.029521
0.029521
0.029521
0.029521
0.029521
0.029521
0.029521
0.029521
0.029521
0.029521
0.029521
0.029521
0.029521
0.029521
0.029521
0.029521
0.029521
0.029521
0.029521
0.029521
0.029521
0.029521
0.029521
0.029521
0.029521
0.029521
0.029521
0.029521
0.029521
0.029521
0.029521
0.029521
0.029521
0.029521
0.029521
0.029521
0.029521
0.029521
0.029521
0.029521
0.029521
0.029521
0.029521
0.029521
0.029521
0.029521
0.029521
0.029521
0.029521
0.029521
0.029521
0.029521
0.029521
0.029521
0.029521
0.029521
0.029521
0.029521
0.029521
0.029521
0.029521
0.029521
0.029521
0.029521
0.029521
0.029521
0.029521
0.029521
0.029521
0.029521
0.029521
0.029521
0.029521
0.029521
0.029521
0.029521
0.029521
0.029521
0.029521
0.029521
0.029521
0.029521
0.029521
0.029521
0.029521
0.029521
0.029521
0.029521
0.029521
0.029521
0.029521
0.029521
0.029521
0.029521
0.029521
0.029521
0.029521
0.029521
0.029521
0.029521
0.029521
0.029521
0.029521
0.029521
0.029521
0.029521
0.029521
0.029521
0.029521
0.029521
0.029521
0.029521
0.029521
0.029521
0.029521
0.029521
0.029521
0.029521
0.029521
0.029521
0.029521
0.029521
0.029521
0.029521
0.029521
0.029521
0.029521
0.029521
0.029521
0.029521
0.029521
0.029521
0.029521
0.029521
0.029521
0.029521
0.029521
0.029521
0.029521
0.029521
0.029521
0.029521
0.029521
0.029521
0.029521
0.029521
0.029521
0.029521
0.029521
0.029521
0.029521
0.029521
0.029521
0.029521
0.029521
0.029521
0.029521
0.029521
0.029521
0.029521
0.029521
0.029521
0.029521
0.029521
0.029961
0.029961
0.029961
0.029961
0.029961
0.029961
0.029961
0.029961
0.029961
0.029961
0.029961
0.029961
0.029961
0.029961
0.029961
0.029961
0.029961
0.029961
0.029961
0.029961
0.029961
0.029961
0.029961
0.029961
0.029961
0.029961
0.029961
0.029961
0.029961
0.029961
0.029961
0.029961
0.029961
0.029961
0.029961
0.029961
0.029961
0.029961
0.029961
0.029961
0.029961
0.029961
0.029961
0.029961
0.029961
0.029961
0.029961
0.029961
0.029961
0.029961
0.029961
0.029961
0.029961
0.029961
0.029961
0.029961
0.029961
0.029961
0.029961
0.029961
0.029961
0.029961
0.029961
0.029961
0.029961
0.029961
0.029961
0.029961
0.029961
0.029961
0.029961
0.029961
0.029961
0.029961
0.029961
0.029961
0.029961
0.029961
0.029961
0.029961
0.029961
0.029961
0.029961
0.029961
0.029961
0.029961
0.029961
0.029961
0.029961
0.029961
0.029961
0.029961
0.029961
0.029961
0.029961
0.029961
0.029961
0.029961
0.029961
0.029961
0.029961
0.029961
0.029961
0.029961
0.029961
0.029961
0.029961
0.029961
0.029961
0.029961
0.029961
0.029961
0.029961
0.029961
0.029961
0.029961
0.029961
0.029961
0.029961
0.029961
0.029961
0.029961
0.029961
0.029961
0.029961
0.029961
0.029961
0.029961
0.029961
0.029961
0.029961
0.029961
0.029961
0.029961
0.029961
0.029961
0.029961
0.029961
0.029961
0.029961
0.029961
0.029961
0.029961
0.029961
0.029961
0.029961
