-0.13592
-0.128519
-0.124313
-0.123681
-0.119075
-0.115429
-0.115105
-0.116064
-0.110084
-0.111655
-0.105716
-0.105847
-0.101502
-0.102168
-0.100158
-0.099954
-0.100955
-0.100165
-0.097675
-0.097144
-0.095048
-0.09754
-0.095312
-0.091674
-0.095294
-0.092579
-0.088676
-0.088857
-0.090039
-0.086735
-0.087779
-0.086543
-0.081925
-0.082771
-0.079497
-0.079677
-0.07988
-0.080606
-0.078795
-0.081015
-0.07691
-0.076288
-0.075888
-0.077598
-0.075059
-0.080688
-0.073177
-0.074225
-0.074441
-0.072429
-0.075306
-0.072474
-0.072834
-0.072082
-0.072819
-0.074933
-0.071265
-0.073952
-0.070915
-0.069539
-0.069314
-0.070274
-0.069478
-0.06979
-0.067452
-0.070584
-0.066965
-0.067997
-0.067034
-0.065704
-0.066222
-0.065672
-0.066635
-0.065057
-0.07053
-0.065607
-0.063736
-0.063753
-0.06496
-0.063895
-0.063766
-0.063372
-0.065972
-0.062196
-0.060282
-0.060373
-0.059155
-0.059478
-0.059537
-0.059637
-0.060079
-0.059351
-0.056538
-0.05316
-0.05716
-0.052963
-0.054156
-0.054011
-0.054551
-0.053728
-0.052325
-0.05397
-0.055621
-0.05197
-0.052945
-0.052712
-0.051529
-0.05111
-0.05027
-0.051425
-0.051326
-0.050646
-0.051501
-0.05299
-0.049248
-0.049854
-0.050983
-0.051917
-0.049224
-0.048139
-0.04755
-0.047208
-0.049403
-0.049293
-0.049132
-0.049035
-0.05134
-0.04605
-0.047115
-0.044089
-0.04645
-0.047111
-0.044159
-0.047102
-0.045717
-0.04525
-0.044156
-0.047927
-0.043289
-0.049365
-0.044064
-0.044032
-0.049349
-0.043834
-0.04283
-0.043574
-0.041461
-0.04415
-0.043807
-0.043264
-0.042164
-0.04093
-0.044485
-0.044115
-0.045126
-0.042048
-0.040829
-0.038938
-0.042268
-0.043017
-0.039403
-0.038382
-0.040661
-0.038389
-0.038448
-0.036284
-0.036957
-0.038844
-0.03595
-0.039728
-0.036039
-0.037121
-0.037976
-0.036884
-0.035574
-0.037882
-0.037363
-0.035182
-0.03651
-0.036715
-0.036246
-0.037907
-0.034954
-0.035184
-0.036501
-0.035196
-0.035589
-0.036128
-0.032305
-0.039544
-0.037183
-0.036528
-0.034738
-0.035153
-0.036735
-0.034493
-0.033895
-0.035526
-0.037646
-0.036233
-0.035979
-0.032832
-0.036458
-0.035749
-0.034685
-0.035642
-0.0362
-0.034715
-0.036868
-0.035095
-0.032298
-0.034752
-0.039107
-0.034101
-0.037298
-0.033827
-0.034251
-0.03495
-0.034563
-0.032703
-0.035058
-0.034424
-0.033664
-0.035028
-0.033577
-0.03944
-0.036107
-0.035461
-0.032084
-0.030854
-0.033256
-0.033016
-0.032649
-0.03142
-0.032684
-0.03348
-0.03248
-0.033295
-0.031482
-0.030598
-0.030631
-0.031534
-0.029129
-0.029772
-0.031399
-0.031537
-0.033108
-0.031264
-0.029582
-0.029848
-0.030518
-0.029566
-0.028105
-0.031971
-0.032966
-0.031721
-0.031223
-0.038885
-0.032013
-0.031278
-0.029888
-0.029448
-0.030057
-0.030784
-0.030354
-0.029244
-0.032673
-0.029754
-0.029614
-0.028625
-0.031123
-0.03173
-0.029578
-0.028197
-0.030541
-0.028984
-0.026677
-0.028857
-0.030561
-0.02899
-0.037728
-0.028877
-0.029277
-0.027704
-0.026546
-0.029383
-0.029329
-0.027284
-0.028214
-0.02613
-0.030877
-0.03134
-0.0265
-0.026981
-0.028823
-0.028799
-0.029922
-0.025949
-0.026684
-0.028147
-0.026377
-0.029471
-0.025559
-0.027678
-0.029977
-0.028603
-0.028917
-0.027705
-0.029858
-0.030758
-0.027841
-0.030265
-0.029698
-0.026025
-0.028213
-0.029472
-0.028022
-0.025684
-0.02708
-0.030066
-0.029497
-0.025882
-0.03144
-0.027769
-0.025739
-0.027926
-0.029354
-0.028803
-0.028587
-0.026532
-0.029666
-0.025609
-0.028804
-0.026692
-0.02619
-0.025977
-0.02658
-0.027932
-0.026529
-0.024859
-0.025986
-0.029608
-0.027063
-0.029148
-0.025815
-0.024182
-0.027708
-0.026153
-0.028968
-0.025498
-0.029073
-0.026099
-0.02675
-0.024819
-0.025409
-0.028541
-0.0242
-0.027334
-0.030351
-0.024286
-0.02982
-0.028116
-0.02714
-0.026298
-0.024649
-0.029516
-0.023637
-0.025443
-0.027015
-0.025169
-0.026951
-0.023542
-0.02529
-0.02529
-0.024166
-0.022666
-0.024398
-0.022991
-0.024083
-0.023436
-0.024959
-0.024871
-0.027304
-0.024821
-0.023735
-0.022934
-0.026784
-0.025254
-0.023764
-0.023374
-0.022378
-0.026248
-0.026388
-0.024101
-0.023627
-0.02482
-0.021647
-0.021685
-0.021935
-0.024458
-0.023947
-0.024946
-0.022401
-0.02483
-0.026515
-0.02553
-0.021794
-0.024586
-0.021678
-0.022925
-0.025013
-0.025461
-0.020553
-0.021576
-0.020017
-0.020185
-0.021655
-0.021158
-0.019431
-0.02504
-0.023438
-0.021315
-0.024223
-0.022634
-0.025504
-0.020432
-0.022626
-0.022015
-0.022476
-0.024075
-0.022646
-0.022197
-0.025871
-0.022881
-0.02579
-0.021956
-0.020382
-0.020827
-0.02476
-0.02379
-0.021048
-0.020613
-0.021788
-0.022183
-0.020888
-0.021781
-0.021454
-0.019166
-0.021124
-0.02032
-0.022778
-0.02074
-0.020244
-0.022322
-0.023276
-0.019565
-0.022048
-0.019615
-0.023461
-0.022016
-0.019039
-0.019197
-0.021003
-0.022939
-0.023577
-0.023775
-0.019463
-0.020455
-0.023882
-0.019551
-0.01843
-0.020888
-0.019655
-0.018864
-0.019213
-0.019886
-0.021234
-0.017781
-0.019897
-0.01589
-0.018225
-0.020575
-0.015844
-0.018195
-0.016351
-0.017921
-0.017694
-0.021516
-0.016579
-0.018358
-0.017333
-0.017014
-0.015921
-0.015341
-0.020803
-0.017884
-0.017273
-0.018385
-0.017432
-0.016571
-0.016631
-0.018428
-0.018266
-0.017883
-0.018403
-0.017725
-0.017516
-0.016567
-0.017231
-0.016734
-0.022046
-0.016196
-0.016433
-0.016951
-0.015857
-0.017446
-0.016209
-0.014881
-0.016475
-0.015606
-0.016673
-0.015978
-0.016672
-0.015588
-0.016229
-0.018345
-0.016918
-0.014479
-0.017734
-0.01586
-0.01611
-0.014909
-0.014382
-0.016392
-0.014383
-0.019906
-0.016255
-0.016466
-0.016611
-0.014837
-0.015087
-0.020544
-0.015422
-0.015646
-0.01663
-0.015667
-0.014823
-0.016009
-0.014619
-0.013792
-0.014979
-0.016212
-0.015896
-0.015654
-0.01792
-0.014631
-0.015478
-0.015092
-0.017606
-0.018819
-0.014888
-0.014747
-0.020845
-0.014002
-0.015303
-0.016757
-0.015291
-0.013211
-0.015748
-0.017462
-0.017662
-0.021047
-0.015045
-0.015313
-0.015003
-0.019917
-0.012971
-0.018565
-0.015937
-0.018891
-0.013993
-0.014938
-0.019541
-0.019313
-0.015204
-0.015388
-0.018126
-0.015194
-0.014406
-0.017126
-0.013554
-0.014259
-0.014424
-0.014025
-0.014437
-0.015883
-0.015367
-0.014096
-0.015068
-0.014057
-0.015833
-0.012253
-0.015864
-0.013436
-0.012717
-0.015837
-0.012863
-0.01353
-0.016436
-0.010122
-0.014836
-0.01383
-0.015054
-0.015024
-0.016143
-0.014382
-0.015431
-0.015582
-0.012668
-0.012822
-0.011866
-0.017138
-0.01497
-0.018158
-0.010925
-0.013066
-0.015723
-0.012366
-0.012886
-0.01166
-0.018635
-0.02086
-0.015199
-0.016385
-0.014278
-0.014581
-0.017017
-0.014235
-0.014302
-0.012708
-0.012817
-0.013028
-0.015726
-0.013728
-0.013415
-0.01918
-0.015775
-0.012876
-0.011207
-0.015523
-0.012748
-0.016985
-0.015981
-0.012171
-0.014376
-0.017194
-0.013961
-0.017947
-0.014318
-0.013083
-0.012866
-0.017105
-0.014345
-0.013067
-0.014737
-0.013501
-0.014067
-0.014015
-0.010601
-0.017883
-0.013298
-0.013834
-0.014037
-0.012487
-0.016565
-0.013262
-0.009108
-0.011155
-0.010356
-0.010588
-0.012009
-0.01145
-0.013289
-0.016353
-0.013524
-0.009297
-0.012916
-0.014299
-0.011231
-0.010513
-0.014304
-0.012206
-0.013534
-0.012894
-0.012204
-0.01133
-0.01312
-0.013007
-0.017358
-0.015073
-0.011928
-0.010138
-0.01149
-0.009894
-0.011255
-0.010757
-0.01301
-0.009402
-0.013418
-0.013842
-0.011654
-0.01541
-0.011963
-0.011008
-0.010289
-0.01036
-0.010797
-0.008435
-0.012517
-0.012257
-0.009577
-0.011793
-0.012513
-0.011134
-0.011711
-0.012218
-0.012555
-0.012482
-0.0138
-0.011009
-0.008303
-0.010215
-0.009287
-0.013349
-0.015188
-0.010515
-0.010202
-0.014393
-0.013529
-0.012356
-0.011638
-0.011561
-0.011851
-0.009263
-0.01357
-0.016174
-0.014329
-0.009897
-0.008954
-0.017364
-0.010864
-0.011731
-0.009904
-0.017652
-0.008784
-0.012145
-0.009868
-0.009012
-0.012754
-0.009416
-0.010111
-0.010335
-0.010297
-0.007086
-0.008832
-0.009045
-0.011832
-0.010693
-0.00706
-0.011414
-0.006756
-0.015398
-0.009716
-0.015279
-0.010223
-0.009055
-0.006767
-0.015733
-0.010791
-0.008164
-0.009319
-0.008786
-0.009542
-0.012537
-0.016666
-0.009648
-0.009628
-0.011441
-0.007249
-0.011214
-0.012434
-0.009264
-0.010402
-0.010757
-0.009093
-0.009801
-0.011116
-0.007459
-0.007781
-0.009197
-0.012997
-0.006298
-0.011
-0.008653
-0.01024
-0.010503
-0.010132
-0.009851
-0.015641
-0.011041
-0.007783
-0.009751
-0.010372
-0.009366
-0.010783
-0.013181
-0.008387
-0.018486
-0.010118
-0.01105
-0.011024
-0.009278
-0.013016
-0.009414
-0.009899
-0.01026
-0.009856
-0.008833
-0.01485
-0.012293
-0.008449
-0.007319
-0.011731
-0.009321
-0.008222
-0.007914
-0.00869
-0.009968
-0.012502
-0.009595
-0.006021
-0.007511
-0.011733
-0.010188
-0.010849
-0.012695
-0.008588
-0.010395
-0.007091
-0.008708
-0.010612
-0.008794
-0.009763
-0.008796
-0.011953
-0.010689
-0.008487
-0.009215
-0.007547
-0.011807
-0.006784
-0.00756
-0.006886
-0.010485
-0.012091
-0.012152
-0.00888
-0.01312
-0.011351
-0.010851
-0.008168
-0.011143
-0.008918
-0.009875
-0.010154
-0.008016
-0.006784
-0.011447
-0.01251
-0.006631
-0.008485
-0.008951
-0.008507
-0.007362
-0.00845
-0.011674
-0.012905
-0.010327
-0.011909
-0.009337
-0.009519
-0.010718
-0.014535
-0.013345
-0.006869
-0.00854
-0.010124
-0.009834
-0.007592
-0.01137
-0.009361
-0.007656
-0.012248
-0.011436
-0.010946
-0.00731
-0.008212
-0.005385
-0.01025
-0.01008
-0.008011
-0.010153
-0.01072
-0.009183
-0.010221
-0.00993
-0.011685
-0.006238
-0.011039
-0.008656
-0.009045
-0.009437
-0.010438
-0.009919
-0.007914
-0.009815
-0.010003
-0.013374
-0.011054
-0.01024
-0.008895
-0.006161
-0.015265
-0.009209
-0.012521
-0.008033
-0.005616
-0.008178
-0.008675
-0.008118
-0.007926
-0.009866
-0.006342
-0.006451
-0.00756
-0.009996
-0.005943
-0.010161
-0.01214
-0.011113
-0.015963
-0.008141
-0.008554
-0.006123
-0.007031
-0.009627
-0.008169
-0.008657
-0.006909
-0.006833
-0.00637
-0.011233
-0.009512
-0.004878
-0.010925
-0.00772
-0.005622
-0.005931
-0.01121
-0.00908
-0.007287
-0.00648
-0.005759
-0.006626
-0.008503
-0.008975
-0.005975
-0.004568
-0.01148
-0.007277
-0.006946
-0.004323
-0.00649
-0.006632
-0.013537
-0.009008
-0.005441
-0.007341
-0.007285
-0.009899
-0.006286
-0.011142
-0.005628
-0.007259
-0.010709
-0.004232
-0.006004
-0.007931
-0.008867
-0.014744
-0.010193
-0.004827
-0.006562
-0.006148
-0.003249
-0.013706
-0.010642
-0.004512
-0.005121
-0.00449
-0.004892
-0.006965
-0.009056
-0.006284
-0.003909
-0.005589
-0.011062
-0.00734
-0.008683
-0.004856
-0.003944
-0.00393
-0.007058
-0.005103
-0.005191
-0.005931
-0.006925
-0.007402
-0.008825
-0.005908
-0.006194
-0.007887
-0.008341
-0.005953
-0.006585
-0.004857
-0.007147
-0.013447
-0.005312
-0.005108
-0.011193
-0.007842
-0.006034
-0.008493
-0.005154
-0.013002
-0.003462
-0.006334
-0.007625
-0.005642
-0.007945
-0.004798
-0.009688
-0.002055
-0.009738
-0.006075
-0.004964
-0.004884
-0.004092
-0.008664
-0.007004
-0.008637
-0.005966
-0.005795
-0.00501
-0.008927
-0.002302
-0.004739
-0.002794
-0.0046
-0.007464
-0.004978
1.7e-05
-0.006016
-0.001552
-0.00271
-0.005557
-0.006954
-0.003339
-0.004555
-0.00168
-0.003086
-0.0056
-0.007092
-0.008389
-0.004539
-0.00817
-0.004507
-0.005494
-0.002377
-0.005332
-0.009356
-0.003369
-0.006135
-0.002141
-0.001955
-0.001337
-0.003036
-0.00801
-0.00365
-0.001439
-0.005211
-0.000249
0.000269
-0.005432
-0.007986
-0.004614
-0.001723
-0.001681
-0.004577
-0.007193
-0.003508
-0.001432
-0.003859
-0.003795
-0.003743
-0.003341
-0.005291
-0.00068
-0.004388
-0.003946
-0.007257
-0.001286
-0.00587
-0.002116
-0.003394
-0.002219
-0.00254
-0.001752
-0.001015
2.7e-05
-1.9e-05
-0.00354
-0.004554
-0.006179
-0.006623
-0.00145
-0.001271
-0.003123
-0.002983
-0.000692
-0.007667
-0.002901
-0.002018
0.000872
-0.003837
-0.00514
-0.000876
-0.001577
0.000119
-0.006366
-0.008828
-0.007697
-0.004881
-0.000658
-0.001208
-0.002874
-0.00105
-0.003526
-0.002807
-0.002165
8.7e-05
0.000599
-0.000367
-0.000247
-0.003805
-0.004131
0.000732
4.99999999998e-06
0.000321
-2.7e-05
-0.001288
-0.000437
0.001114
-0.005949
-0.004554
0.002693
-0.000933
-0.005705
-0.001547
-0.003149
-0.002071
-0.001757
-3.8e-05
-0.008893
-0.000975
-0.001394
0.001087
-0.0021
-0.00289
0.001818
0.00099
-0.000816
-0.002514
0.00137
-0.001176
0.000941
0.000237
-0.003787
-9.8e-05
-0.006594
-0.00161
-0.001332
-0.003299
-0.001739
-1.7e-05
0.001227
-0.003854
-0.000449
0.002591
-0.003066
-0.000683
0.000594
-0.002292
-0.00117
0.00076
0.001995
-0.000661
-0.007225
-0.003066
-0.002694
-0.000533
-0.001963
2.79999999999e-05
0.002773
0.001881
-0.002964
-0.001231
0.000474
0.001921
-0.000831
-0.001993
0.003902
0.000189
5.8e-05
0.003029
0.001875
-0.001671
-0.004489
-0.004734
-0.002835
-0.001604
0.000465
-0.000583
0.002146
-0.00203
-0.000719
6.7e-05
0.002796
-0.000383
-0.002278
0.001973
-0.000562
-0.000788
0.001966
-0.001778
-0.002301
-9.5e-05
-0.000105
0.001585
-0.002274
-6.9e-05
0.001854
-0.002487
-0.006019
-0.000905
0.00015
-0.001855
2.2e-05
0.001625
-0.000161
-0.001125
-7.8e-05
0.000152
-0.00064
0.001423
-0.003131
-0.003248
0.002973
0.002849
-0.002579
-0.000129
0.000222
-0.000309
-0.004542
-0.000673
0.000277
-0.004263
0.000222
-0.000662
0.002334
-0.002491
0.000724
-0.002495
-0.0001
-0.001504
0.002513
-0.000192
0.001619
0.00148
0.001306
0.001572
0.001053
0.000484
-0.000552
-0.00036
0.001458
0.000748
0.000689
0.001378
-0.000185
0.004387
-0.002405
-0.002336
-0.003836
-0.001319
-0.001502
-0.002138
-0.002487
0.002248
-0.000112
0.000461
0.000659
0.001816
0.00055
0.002142
0.001168
0.000597
0.000694
-0.000197
0.003511
-0.000956
0.001878
0.000609
0.002608
0.00306
-0.000857
0.001457
0.000529
-0.003675
0.003527
-0.000337
-0.000841
0.000725
-0.000825
-0.00171
0.001339
0.002087
0.002331
0.002747
0.000659
-0.001708
-0.001571
0.002806
-0.001655
0.000589
0.000239
0.004243
0.002079
-0.002048
-0.002058
0.000104
0.002948
-0.003019
0.000924
-0.000121
-0.001726
-5.5e-05
-0.001711
0.000477
0.000511
0.002446
-0.002628
5.6e-05
0.000728
0.001078
-0.001678
0.004101
0.001374
-0.000207
0.002357
0.003044
0.002167
0.002844
0.003366
-0.000119
0.000939
0.001414
0.001847
0.001308
0.001728
0.002305
0.000106
0.002824
0.001122
0.002917
-0.001489
0.000651
0.000679
-0.000336
-0.002885
-6.5e-05
0.002383
0.000112
0.001401
0.000718
0.001886
0.000552
0.001976
0.003723
0.003293
0.004377
0.000678
0.001114
0.001275
0.002037
0.000661
2.6e-05
0.000675
0.001069
0.003407
0.001379
-0.000315
0.001083
0.001247
0.00435
0.002335
0.002859
-0.000631
0.002912
-0.000401
0.003603
0.000715
0.001538
0.002139
-0.001859
0.002895
0.00052
0.003677
0.001095
0.001103
0.003081
0.00229
-0.001934
-0.001479
0.004078
0.000575
0.004298
-0.003679
-0.00252
0.004668
0.00092
0.003334
0.003816
0.000913
0.002999
0.00084
0.002557
0.003952
0.00392
0.004314
-0.000485
0.003988
0.001422
-0.000679
0.003126
0.00493
0.003805
0.000196
0.001637
0.002088
-0.003965
-2.9e-05
0.002163
0.002837
-0.002754
0.002059
0.001383
0.004263
0.004037
0.000406
0.001789
0.001957
0.001458
0.001071
0.003441
0.002641
0.001563
0.00234
0.002805
-0.000675
0.004337
0.000715
-0.000173
0.003543
0.002498
0.002621
0.001935
-0.001391
0.002231
0.00517
0.002871
0.001811
0.000798
0.003001
0.00124
0.003067
0.001476
0.003487
0.003154
0.003333
0.001965
0.003775
0.002651
0.003136
-0.001556
0.003373
0.004212
-6.2e-05
-0.001942
0.002795
0.004959
-0.002731
0.002251
0.001347
0.005662
0.002
-0.002665
0.00406
0.00021
0.002074
0.003106
0.003782
0.003447
0.002265
0.000569
0.003101
-0.001302
0.002575
-0.002376
-0.000398
0.003452
0.003052
0.000216
0.002704
0.001211
0.002365
0.004183
0.003692
0.005219
0.003708
0.001131
0.002171
0.004245
0.005447
0.001622
0.001259
0.000439
0.001918
0.001619
0.002061
0.001387
0.005357
0.004076
0.001573
0.004358
0.002885
0.001866
0.003429
0.001188
0.004135
0.002256
0.003198
0.001011
0.002055
4.5e-05
0.000934
-0.000922
0.0029
0.005361
0.004502
0.003403
0.003941
0.003009
0.003303
0.003367
0.000643
0.004103
0.001732
0.004935
0.001936
0.003664
0.002387
0.00253
0.001489
0.001303
0.002781
0.00466
0.000365
-0.004304
0.003106
0.004663
0.003769
0.000789
0.004276
0.002638
0.003453
0.005934
0.004707
0.003671
0.000623
0.003849
-6.6e-05
0.005777
0.00436
0.001265
0.003854
0.00309
0.002962
0.003776
0.005017
0.003787
0.003557
0.00429
0.005995
0.002344
0.006504
0.004907
0.003091
0.002539
0.005019
0.005333
-0.000973
0.004463
0.005123
0.000664
0.003027
0.001297
0.003537
0.001474
-2e-05
0.004195
-0.000487
0.004282
0.005001
0.005806
0.001327
0.00338
0.00455
0.004333
0.002413
0.001967
0.001643
0.003307
0.004548
0.000244
0.005163
0.000958
0.004686
0.003247
0.001914
0.002854
0.00555
-0.000169
0.003302
0.003752
0.004357
0.002539
0.002179
-0.000445
0.003516
-0.000824
0.003448
0.003015
0.003861
0.001642
0.005352
-0.001711
0.003737
0.003413
0.002638
0.002747
-0.00486
0.006001
0.003302
0.004156
0.002966
0.004503
0.003719
0.001467
0.003775
0.001391
-0.00026
0.000773
0.00324
0.0046
0.003652
0.001771
0.004231
0.002266
0.002162
2.2e-05
0.003265
0.003733
0.004158
0.001232
0.002806
-0.001654
0.004999
-0.000806
0.00157
0.003438
-0.004325
-0.000414
0.004504
0.004324
-0.000122
0.001284
0.002607
0.003164
0.006001
0.002991
0.004193
0.005719
0.00704
0.004757
0.005923
0.002218
0.004419
0.002617
0.005744
0.003244
-0.001339
-0.001237
0.004732
0.001223
0.004569
0.003779
0.006064
0.004832
0.000649
0.005594
0.007765
0.000398
0.003752
0.005697
0.005537
0.006465
0.00803
0.007216
0.004838
0.005441
0.002375
0.002864
0.005568
0.000165
-0.005594
0.005449
0.00615
0.002037
0.002857
0.006885
0.002883
0.003228
0.005402
0.003487
0.006309
-0.002793
0.003843
0.006141
0.002252
0.006521
0.00417
0.005786
0.004896
0.00295
0.00396
0.007408
0.00444
0.005856
0.005765
0.000927
0.003797
0.004031
0.003291
-0.001776
0.006425
0.002415
0.008405
0.001926
0.000315
0.005785
0.002947
0.004739
0.002764
0.00524
0.006258
-0.000912
0.004372
0.005734
0.00469
0.002432
0.002712
0.005051
0.003166
0.006353
0.002069
0.003811
0.005373
0.001828
0.002945
0.005675
0.004994
0.004126
0.003788
0.004669
0.005798
0.004277
0.003882
0.003509
0.006234
0.005868
0.004067
0.00676
0.007488
0.003889
0.003233
0.005909
0.006495
0.005798
0.005803
0.005422
0.004938
0.004709
0.005806
0.00665
0.005132
0.003253
0.004033
0.003699
0.003014
0.00213
0.006646
0.001226
0.006005
0.005347
0.00324
0.006466
0.006665
0.007003
0.005002
0.007819
0.001727
0.0064
0.004239
0.008809
0.005287
0.006271
0.006093
0.004398
0.00241
0.004932
0.007717
0.006087
0.000341
0.003188
0.002397
0.006315
0.008318
0.005857
0.004599
0.005559
0.005546
0.005083
0.00389
0.008007
0.000726
0.006255
0.003807
0.005107
0.002398
0.003793
0.006617
0.004726
0.001048
0.000182
0.004223
0.002393
0.006643
0.005362
0.006753
0.005441
0.006224
0.003581
0.002831
0.007684
0.006339
0.005336
0.00579
0.003003
0.004761
0.00644
0.002336
0.005775
0.005881
0.007423
0.005968
0.002872
0.003589
0.00754
0.00741
0.008068
0.001649
0.00336
0.003993
0.005534
-0.000512
0.00483
0.006748
0.005044
0.002725
0.004456
0.005227
-0.001271
0.007684
0.002251
0.002235
0.00387
0.006953
0.006906
0.007228
0.00579
0.004824
0.007241
0.004263
0.005221
0.005132
0.002054
0.008456
0.005938
0.007156
0.005918
0.002597
0.004011
0.006382
0.004941
0.007327
0.005211
0.003475
0.007089
0.006997
0.004396
-0.000211
0.004563
0.003347
0.007107
0.00737
0.007095
0.003102
0.00563
0.003924
0.001489
0.007164
0.008015
0.005984
0.002546
0.001525
0.006228
0.003274
0.003367
0.004434
0.00434
0.007731
0.002802
0.003956
0.006907
0.005982
0.006332
0.005761
0.004572
0.000812
0.006164
0.006284
0.005574
0.00339
0.006744
0.006628
0.00634
0.005573
0.003017
0.004482
0.00552
0.005993
0.007565
0.006336
0.00597
0.007099
0.00632
0.00699
0.006371
0.007276
