-8.883008990614456
-8.289391615728864
-7.872849487885613
-7.5730081393605495
-7.421839159266307
-7.343841787328824
-7.251783765434802
-7.17296724867165
-7.097892635235361
-6.9413841677540065
-6.75416131258081
-6.681212032270605
-6.607050859412509
-6.439933086688582
-6.355481142885821
-6.319962789951576
-6.241495789458384
-6.135196973411101
-6.065872101263579
-6.004622258430585
-5.933179848755554
-5.877855033641343
-5.802748240301985
-5.771605419400474
-5.718059677626322
-5.692878199948034
-5.678567126296687
-5.663044399138525
-5.624595023869712
-5.603026030623251
-5.595238820536017
-5.504602294259786
-5.474541466631852
-5.452624317573195
-5.452125084658973
-5.379189713648897
-5.3747740573425355
-5.340884205532913
-5.309762949402527
-5.306310323578937
-5.261138997208348
-5.239831402401572
-5.208458874101816
-5.186751590821391
-5.1699412389329105
-5.112826604703912
-5.070276582364227
-5.03932342891458
-5.04519393582961
-5.071143874230314
-5.039995631862749
-5.025379420003326
-5.03830152535612
-5.026373624392969
-5.02256722039978
-4.997904689510753
-5.000089841795068
-4.982013528476557
-4.94303646231265
-4.950297775155263
-4.952413446799645
-4.983379223427432
-4.958126160284304
-4.937567616824894
-4.9369780312626395
-4.950866832189522
-4.930830852647588
-4.877996191855083
-4.896562204058567
-4.8912387749198425
-4.862671603594408
-4.873249398977049
-4.86390417538524
-4.876246017231393
-4.849632090249966
-4.839009216861002
-4.847676982322607
-4.859257130705368
-4.833556994494905
-4.826734188320896
-4.824697148109702
-4.832782753654631
-4.807359558020482
-4.810067821919477
-4.824440468536429
-4.816880741377908
-4.851897331767087
-4.824051212952671
-4.805483254944532
-4.815416746731091
-4.804577018768409
-4.809359080717252
-4.7969040435326855
-4.782538991879667
-4.7732734154967025
-4.790278853368208
-4.799394577252394
-4.795634383054366
-4.78398871552116
-4.807259912253843
-4.777474176913044
-4.7792384736859415
-4.769084166287286
-4.763929209122232
-4.754576408289269
-4.764243670795496
-4.734324594320186
-4.767264728946461
-4.750081486395027
-4.734187365697844
-4.715148377916962
-4.726851612239373
-4.698522787040219
-4.711518593682184
-4.7006793421392095
-4.700761484013132
-4.711272036596449
-4.715223602430074
-4.707076616215148
-4.704231860704633
-4.672728551399862
-4.6491077428535466
-4.639699336525711
-4.661631027892013
-4.644978987088973
-4.669196338894012
-4.6375804921852755
-4.621882622795688
-4.608873090749259
-4.628671234612002
-4.611561575667111
-4.593507792104409
-4.5737894112945705
-4.587835589034777
-4.560195687705653
-4.571719479496423
-4.567963795775134
-4.551995181281521
-4.552557498846095
-4.536914156113279
-4.55747698940142
-4.548123218626166
-4.521419088888457
-4.51865730611603
-4.490140659989374
-4.50405728641031
-4.495116901609984
-4.493343692058617
-4.475551484409619
-4.480882847364485
-4.454553014536753
-4.469655093963727
-4.452847709881777
-4.454448415415411
-4.444633038685252
-4.446798336194983
-4.425943415117612
-4.4236409758485
-4.427034405192051
-4.431859873138689
-4.426486503226497
-4.432637759610797
-4.41857415449972
-4.408256399262272
-4.402898845718305
-4.403118817223948
-4.396460725707207
-4.381777377470906
-4.374687250603441
-4.399434155588276
-4.382831146069958
-4.382144481953645
-4.378458187027912
-4.36224746208503
-4.380919507128607
-4.3844497794942034
-4.3772862106199195
-4.3738219140195005
-4.38237687271825
-4.375787540941255
-4.365444357373457
-4.394471222069314
-4.367538652679592
-4.364229899050937
-4.36912465208579
-4.3784729736664785
-4.338027647580602
-4.3451985339149815
-4.376603706695461
-4.352221281799484
-4.346761271319663
-4.360085351466851
-4.3439312078841565
-4.345021948839546
-4.3465843378876095
-4.332500510163368
-4.332292055168558
-4.325221124396387
-4.33045633952919
-4.330028328265793
-4.331974856894071
-4.340666188244591
-4.318161244753986
-4.326969126092968
-4.297346324907564
-4.313311213327469
-4.3061949266507895
-4.29925847544779
-4.288565398546565
-4.268129664346523
-4.257240408622098
-4.284159244092112
-4.292766072769008
-4.292978791549177
-4.284889243828861
-4.269934665022576
-4.2818691133287015
-4.264148653838182
-4.251563186421227
-4.209401164436929
-4.22275538590324
-4.231919329623643
-4.20243495693309
-4.218322638315065
-4.201380543623047
-4.207639258419326
-4.226801547457522
-4.212138071785723
-4.202068503569766
-4.201251644724194
-4.2217898280260355
-4.1899839709796245
-4.215100313451952
-4.211664808171062
-4.196879177584219
-4.191134160313867
-4.187776680167627
-4.175855829909741
-4.2048516352522265
-4.1731731333903275
-4.194404704952878
-4.159441501392398
-4.194117829237218
-4.158097104639498
-4.155344696727632
-4.173973009275472
-4.175640965699141
-4.157360591563182
-4.16057452970048
-4.143459178549018
-4.16382426411303
-4.1583530884963285
-4.1501076079483274
-4.141006312330507
-4.130359854746911
-4.151147543955131
-4.1484991628702605
-4.1359058659561985
-4.13835024047988
-4.140285923482665
-4.139883275311601
-4.134373181119512
-4.133701802219632
-4.117955747107528
-4.145081963529832
-4.122756079537807
-4.1260609276270666
-4.138928066725625
-4.153828685537277
-4.124260038181974
-4.126032023777655
-4.124758174186663
-4.141320768969325
-4.124424625126548
-4.127739055936075
-4.118296678668992
-4.111850599667108
-4.097516475700629
-4.095549936563309
-4.090037359505994
-4.087232711550552
-4.086043016938999
-4.088782504762926
-4.084030847532319
-4.0800988993730085
-4.093750535864523
-4.064772090561687
-4.106579219842064
-4.086389731218975
-4.076661909782681
-4.064327046594398
-4.058301633726939
-4.072377030478092
-4.081885941280388
-4.082083465547244
-4.070828853244513
-4.076331371492767
-4.1065601200348025
-4.0462630229178
-4.033360505548072
-4.058850779645778
-4.035968521807266
-4.058308537081314
-4.069175846669258
-4.053066513599131
-4.039448023828709
-4.039943351146678
-4.01920067049397
-4.042318230711267
-4.048681397242805
-4.032530288088968
-4.044153366754916
-4.042687811316979
-4.041092455490685
-4.04663269770869
-4.050272192030992
-4.027947898013056
-4.045850404486758
-4.041253191720436
-4.028746872463493
-4.051931705037363
-4.0393479021081
-4.009175246522302
-4.022252159756577
-4.021801912659529
-4.0081419763992905
-4.027526591948604
-4.003952835068087
-3.9830002781472245
-3.9933691097747266
-4.012036319358415
-3.9958709645190122
-3.967287049730268
-3.979068173281772
-3.9780455492726823
-3.999238292920377
-3.9942341302063538
-4.0046900420695195
-3.9690337855734423
-3.9814548686159066
-3.9760012019940545
-3.9778992525608228
-3.9730363963904693
-3.95759238245459
-3.9414482536296105
-3.97135821058489
-3.9845645442038555
-3.98342801252864
-3.9654751507398753
-3.984035115505262
-3.9714470415016128
-3.9815659898788716
-3.9750938950968706
-3.9849708217095765
-3.956070941947899
-3.9616414922324235
-3.9695266831360265
-3.961714857655325
-3.9612295466525826
-3.9711889328772303
-3.937941915439888
-3.955356802100496
-3.976664306769062
-3.955960771738498
-3.962229294320293
-3.954511535477906
-3.955018327167517
-3.939217269474051
-3.944536017968589
-3.9539257943500803
-3.937876413147592
-3.927377856898664
-3.9524284509709338
-3.929522003546136
-3.9378436552091447
-3.9105999605816355
-3.9196263294926847
-3.9209845233280487
-3.9279424033231867
-3.9044807162486723
-3.8916208813723276
-3.8923744902451385
-3.910530629078275
-3.89670958972956
-3.911525582853084
-3.8879588640727785
-3.888524774838449
-3.8924695270930125
-3.8653938340296774
-3.866223251086232
-3.867315994266552
-3.8768642079135396
-3.859239355956739
-3.8688642687537977
-3.869414529132127
-3.8899713318170233
-3.8719088836236084
-3.867346096701907
-3.851433288739069
-3.8521960800860513
-3.84018513380474
-3.8482733042420745
-3.863431201381387
-3.8422643323168897
-3.8385538824950705
-3.8340539716403925
-3.8376713811092595
-3.8285315916168936
-3.818466796664723
-3.8145130883696625
-3.813432450409993
-3.8150908130590206
-3.819573264226097
-3.8096201406683052
-3.799976982392378
-3.7952064230558027
-3.792295297043412
-3.7784757142362637
-3.7921162086858335
-3.791154798384369
-3.779337942358423
-3.778351510450834
-3.7837931353873135
-3.78617148522945
-3.7784921003431493
-3.781801359225305
-3.781321439208867
-3.7695448065732915
-3.761133955738038
-3.756055231788529
-3.741983344757777
-3.7553920268149623
-3.7659572247206246
-3.7566089994712035
-3.76784223214084
-3.762606565382699
-3.7475388158188645
-3.7480476527576823
-3.7388197953374633
-3.7555594992618175
-3.7337379306233247
-3.735365216591142
-3.7346667605148753
-3.7177955555228834
-3.7225064952627878
-3.7110782886443707
-3.7259758564691685
-3.6971289763841497
-3.7076202062372148
-3.6851361163034717
-3.6809245186822026
-3.673841921453581
-3.6855361254080234
-3.6768759806093287
-3.677061174885947
-3.659975441878802
-3.6764407470804086
-3.6562531676341674
-3.6550888286749905
-3.6743384763762816
-3.6712477286249996
-3.6584860454199726
-3.6529580401377335
-3.646093126779488
-3.657719376701514
-3.642523162378418
-3.6355485598754593
-3.6413948781554377
-3.6546167799610343
-3.629655557039806
-3.6452528855200574
-3.626649574737956
-3.6360234020386595
-3.6266984078444295
-3.6508783226173387
-3.6329399887314526
-3.6515043887323118
-3.668151010802952
-3.6539772609468004
-3.6440826751079185
-3.636348477152621
-3.633903713022042
-3.6486757453963024
-3.6338949990452716
-3.6336666456260556
-3.6277814922872995
-3.6234353852762946
-3.5999196783820047
-3.5979558108298058
-3.568612983035952
-3.616180120832187
-3.575606967964001
-3.5930233088263197
-3.5659461468861036
-3.5613520853573495
-3.5625129594031044
-3.5574126760766194
-3.555545190695178
-3.5640942543450165
-3.551842704821059
-3.5496922204766905
-3.5522990156559415
-3.539646743889102
-3.544574343198005
-3.5379657236754696
-3.536774727545788
-3.5272831935913045
-3.550079665026833
-3.5609365123923755
-3.5541214328461876
-3.553873961584327
-3.550310546070691
-3.5401071275132163
-3.5524806075928574
-3.5275648392019154
-3.5193093596895255
-3.514626951268685
-3.5223285348705047
-3.518243060529707
-3.517065520246884
-3.514284594022886
-3.530280932178002
-3.524867797989917
-3.52205124024488
-3.5142191266288374
-3.502968298969572
-3.5159539024205744
-3.51508398188546
-3.512496269500026
-3.5045472513995146
-3.495900470326007
-3.5081709742140457
-3.5134579780549102
-3.510229937433852
-3.4843238160200642
-3.510075811991748
-3.5077806238359517
-3.506945570102909
-3.477912841441084
-3.493331058104563
-3.4771368262057956
-3.4678240061532684
-3.4724572433586185
-3.486846045715704
-3.481479327771307
-3.481830615506118
-3.475035949267451
-3.477857492264062
-3.4588734640819205
-3.4998114336423862
-3.4753052815614485
-3.4594025003542805
-3.4673177602769822
-3.4706529820915484
-3.4624350328461433
-3.481980784962596
-3.476398697245044
-3.4696255895250347
-3.459484138340001
-3.473142275767769
-3.4646711934201164
-3.4745050869186667
-3.4647385513440696
-3.467362946161993
-3.4794805773708015
-3.462819478782225
-3.4657860558063773
-3.451467968878323
-3.4676335805808924
-3.465397161174546
-3.481631524230807
-3.4553658340395743
-3.4611374375706783
-3.463216815944571
-3.4566809502268656
-3.463970939919251
-3.4797468487844814
-3.453793858469844
-3.471353980490511
-3.4657939981394206
-3.453715955032822
-3.452966804184011
-3.4808652854171167
-3.4644641921926116
-3.4531362902661455
-3.4532413395724206
-3.4639603229608174
-3.4546796545304654
-3.4601396935761297
-3.4635967760848314
-3.466906695403569
-3.462564714297827
-3.4628963796389827
-3.476251814358004
-3.4546779634342584
-3.4509123806429
-3.452674832796827
-3.459181096454807
-3.4713712940741948
-3.4650241980283907
-3.4382129605468417
-3.459504318373293
-3.462304164690212
-3.4439996487972153
-3.4535242980081438
-3.458345806314262
-3.4604091088848747
-3.4473240433892496
-3.4455039415272832
-3.4480381658522945
-3.4384285464401203
-3.443674875422959
-3.4521985742739996
-3.434142787040888
-3.4378069493047043
-3.4494211479847148
-3.433116001739986
-3.4379327131356634
-3.430436275112925
-3.4312589320084634
-3.443361813554601
-3.427038711473911
-3.458605193772332
-3.4452544189468766
-3.4356965197274096
-3.4295169158094656
-3.4291685829495036
-3.444496018484312
-3.4340015579796854
-3.432287232961298
-3.416947357979416
-3.425889132999355
-3.4417606686101476
-3.4220569623661907
-3.4223169029704996
-3.4187879206525222
-3.4216571663716615
-3.424509120938117
-3.427969263708275
-3.4240238108234
-3.420244957293138
-3.433511821924489
-3.43103727283429
-3.4344957167132733
-3.421750305275609
-3.4256215147362763
-3.4263667497049006
-3.4162238792357162
-3.417889422907133
-3.4388727726712407
-3.443556634375357
-3.456249228201399
-3.437409900407673
-3.4354635069682318
-3.436359539320394
-3.4445063425932276
-3.450639718870868
-3.425602882890078
-3.426727743324132
-3.421979770848944
-3.4247634082081877
-3.4132349872983956
-3.4312673979440174
-3.441658627560123
-3.4250601032241534
-3.4161669455049304
-3.433186438897914
-3.4085463628352333
-3.407943142870187
-3.427034984472799
-3.428722577414499
-3.4146315714756015
-3.403241101387296
-3.42535947833709
-3.4205256041492755
-3.4038610125929223
-3.417479353712489
-3.414102345109722
-3.427590427178698
-3.4204755855133353
-3.4122379128265017
-3.4220815606765167
-3.425294588469734
-3.412298510840432
-3.410249493304596
-3.4085025480548246
-3.426470100180243
-3.4219232273400144
-3.426487430385162
-3.4075185146023523
-3.409219718708
-3.4041878774055765
-3.4149524174319823
-3.397598594957251
-3.4065672083675236
-3.4228107204917593
-3.390559722414857
-3.414024715296661
-3.4026818436300856
-3.421845259211431
-3.389256517114703
-3.4051773952797175
-3.402606277399398
-3.4146017627242764
-3.3920094984128144
-3.406465729674277
-3.398812656245431
-3.378274184757488
-3.3982324240363484
-3.3970743361210425
-3.3747603131399484
-3.396759447773704
-3.3969509553851185
-3.3820117815664967
-3.3848102751049653
-3.390449210226185
-3.3862573267034923
-3.389243699974721
-3.3807373629563617
-3.3742909284853493
-3.354852480646909
-3.371650680979171
-3.3522757118378625
-3.3516001568997216
-3.3696015595350106
-3.3620699360814594
-3.356422233149413
-3.3473138892777725
-3.352283562375348
-3.347501739099781
-3.350149291891021
-3.3434230737587796
-3.356469757031495
-3.3532856149912558
-3.347148123715574
-3.3311417173277307
-3.3530415808039606
-3.348728602748606
-3.347452205658383
-3.3400156625006954
-3.341032007065731
-3.3362220817552486
-3.3245153238852434
-3.315710363128012
-3.3137136572424986
-3.311420879821406
-3.3294446155752553
-3.3225799370460667
-3.308378692996854
-3.3099118381772232
-3.3075040287102473
-3.3041485299024025
-3.2790643271865973
-3.3023608307205943
-3.286903591677598
-3.287267078618029
-3.2742863881738775
-3.283543440707251
-3.263534691448289
-3.2505620651775393
-3.2756399786028902
-3.269479020980336
-3.2502718678533142
-3.2580119673019485
-3.2662229455840706
-3.244044003537618
-3.252071831981626
-3.261571865897107
-3.2654094640093145
-3.2619752233626254
-3.271512521133835
-3.2569065007920712
-3.258203542227782
-3.250908642011697
-3.244064605944154
-3.2572648473513452
-3.260492912687935
-3.2528630455837555
-3.2527893327876516
-3.252024427177774
-3.2630564911062514
-3.250722047794431
-3.22380137736468
-3.2410198784399036
-3.2550179871441913
-3.228189060024996
-3.2367951260660934
-3.2286630519649395
-3.2469311868395327
-3.237627345589567
-3.2430897112966575
-3.2245443096611917
-3.2293957861806275
-3.2184827333355917
-3.2080072758342406
-3.2283399726071873
-3.230380945651585
-3.2161151399394576
-3.217327934804921
-3.2153586605370394
-3.213101583525665
-3.204394764171115
-3.205101851340627
-3.2183676625350097
-3.2173023674194052
-3.216625410146226
-3.214541285557085
-3.201401107793199
-3.211841181219083
-3.2247849699729336
-3.201126014692775
-3.2112275175711438
-3.2088246927477946
-3.212988625480104
-3.2176403555246287
-3.1970085888432687
-3.2093960563327317
-3.223746947779407
-3.2199973580820034
-3.2159909085272336
-3.214204265818605
-3.2082835188404135
-3.212040765780762
-3.211127348517473
-3.2127735728426425
-3.2330806367933866
-3.2176379840146425
-3.2164347321417903
-3.2158403023163014
-3.2059283618560013
-3.201588688621533
-3.215553856209634
-3.200609697084405
-3.2139627274634215
-3.208801335324119
-3.192751922999427
-3.1877037472585874
-3.222163783233256
-3.20172745724058
-3.2067943230410525
-3.2078043578911064
-3.2162844998513624
-3.2107274532475687
-3.214440896212064
-3.210494427089427
-3.2164039686817123
-3.20076396705569
-3.208535783498623
-3.200569139808335
-3.2046071251770716
-3.1956045746569255
-3.1905524305165693
-3.2040801332065048
-3.197655507469534
-3.198399116165407
-3.194195152151193
-3.191360108878128
-3.1954614200898233
-3.184650459023902
-3.183182884256805
-3.1871425868818246
-3.1894147413245526
-3.1679465210097146
-3.181116061171934
-3.1876271161361416
-3.190939448136603
-3.1971877109424724
-3.1854569366364656
-3.1980321403339915
-3.19981719129005
-3.1810967041491427
-3.1905406678276553
-3.182068917836221
-3.1979463722884196
-3.1924705832399773
-3.1883694553154758
-3.2013313606241702
-3.185266720901848
-3.196449221175917
-3.1947976964388225
-3.182963279207609
-3.1739483332296827
-3.1901657524856764
-3.183533433989526
-3.1918899425491274
-3.1918172150907727
-3.1775553444341442
-3.178452918598796
-3.1792828050814332
-3.1833277555563786
-3.178436225908996
-3.1860613124246173
-3.194712672147242
-3.179136101265823
-3.1961353873297007
-3.1776849194976804
-3.185293637985274
-3.1954364182832076
-3.1795359338555955
-3.1750425619249056
-3.188579400561714
-3.1869530369213965
-3.1799681695403637
-3.1865019618359036
-3.179476425082644
-3.1806892473223423
-3.1945265289356883
-3.180382966270434
-3.189267580344792
-3.175080607286426
-3.182753659762929
-3.190999417973428
-3.2065798615220285
-3.1930804314546966
-3.1893520946064187
-3.176732719943374
-3.18666995435354
-3.2017696547961014
-3.176592687573465
-3.176865968120515
-3.1899996203920864
-3.1821291264524194
-3.19668346197288
-3.163569761233956
-3.165657781806293
-3.180264739569138
-3.1658610276316224
-3.17802698284408
-3.1863871276069853
-3.168106865706165
-3.193338651889674
-3.17242605376984
-3.181361079590971
-3.181802714606602
-3.196398837376531
-3.173740654417382
-3.1749574054364085
-3.186726437342862
-3.1884723342727925
-3.1819977742055046
-3.170990849804545
-3.1625814836391215
-3.1790918065878504
-3.1621544439167852
-3.179022486340657
-3.1787499958880487
-3.1829613613473198
-3.16499228984901
-3.180748079554056
-3.1717861863668135
-3.1759533223014587
-3.1743753661674674
-3.1906485294952516
-3.176304670418769
-3.1809376563132075
-3.1808327571070407
-3.1683220040254856
-3.1743723102054218
-3.185578587283169
-3.1653856218039658
-3.185139246812117
-3.167863580333265
-3.170326981747148
-3.163246026768847
-3.1594616643262214
-3.1565662749574277
-3.163584846311916
-3.1569576946170104
-3.1667034509438055
-3.1688330694578126
-3.150986130953778
-3.164711481861895
-3.149949082600969
-3.15943668086709
-3.1626807604294283
-3.1434283830744874
-3.1555298588940808
-3.1632875130040463
-3.1694334383685225
-3.1568028746077785
-3.1699204089397583
-3.1554559461895946
-3.1789736998918103
-3.149385405571278
-3.156548366342372
-3.1484795769646676
-3.1549973104219737
-3.1639724690628492
-3.149299967864812
-3.136745537847676
-3.1436260732984396
-3.151506575416351
-3.150590670815565
-3.1488888504676766
-3.1405185731539342
-3.1332105320876646
-3.1452183379830636
-3.1427953743558072
-3.140619900185428
-3.134676425243388
-3.1542169645551597
-3.1183275101078203
-3.1168948551988236
-3.138416368393036
-3.13789338593399
-3.129378290462461
-3.11575278229387
-3.1138164461780447
-3.1177195239880247
-3.116583896109442
-3.12119973256481
-3.1048178304006218
-3.098903650160456
-3.1026041196682868
-3.122400196389112
-3.0925108241132175
-3.1036214435995224
-3.1024400132049363
-3.096474677088959
-3.0822472576591093
-3.097558292550793
-3.084776960050964
-3.0940508752494287
-3.087207887327352
-3.0817917367047625
-3.08964406237897
-3.095116684403209
-3.0844784138075814
-3.077337122984657
-3.0862113185891475
-3.090192683303357
-3.0995179869149605
-3.0791390944702552
-3.0822123018259493
-3.0805195585637453
-3.081923568315998
-3.08469956539174
-3.0829554455360717
-3.0728301350559017
-3.0803587711073197
-3.0759052420741186
-3.0797974044088807
-3.0768011770249366
-3.0683361843030212
-3.0721545238214323
-3.08223013376687
-3.0752886861845936
-3.0741402768859643
-3.0685112880429117
-3.1011020879722007
-3.0837468244638377
-3.076605763285993
-3.0864828760903866
-3.0813974047468577
-3.0750786332711315
-3.0691708207397403
-3.0626332680223367
-3.0659986890817668
-3.0684413724607764
-3.0610477825331746
-3.067742799802991
-3.0877750417526495
-3.0792682593044156
-3.079598473355202
-3.072602185939095
-3.0799015892700226
-3.073549945593727
-3.052684000594798
-3.0777073787432143
-3.0699389583992858
-3.063584967133339
-3.0892322920759034
-3.0972595347534333
-3.0849444452550245
-3.081200566824558
-3.082752282981221
-3.076437171064809
-3.0567843896134
-3.091770363652023
-3.0668058048876077
-3.076875291218136
-3.0791764199086753
-3.075624077185808
-3.075927009276435
-3.083436808928684
-3.0623022877583654
-3.086567680199675
-3.0703001458518444
-3.073002324579868
-3.076870497003402
-3.0778538909396183
-3.0853561615387037
-3.061087053335055
-3.074244545833238
-3.0640206292607495
-3.0516957214344616
-3.0566224236782933
-3.0502765517778663
-3.063259206882857
-3.060558130839858
-3.053693242744964
-3.061752812331065
-3.073889696631051
-3.0644501126613064
-3.0664372917224303
-3.054899008620106
-3.0640536275031405
-3.07861115668261
-3.06974688806911
-3.066928193539699
-3.050635364937621
-3.0613927780471903
-3.049868266313277
-3.0595805072529787
-3.05171170176727
-3.05294851367276
-3.0436079512139997
-3.0640222089863283
-3.0518683669611506
-3.0457833497578646
-3.05437245320471
-3.037147814269442
-3.0503885331374563
-3.0403704639143876
-3.0512206540911553
-3.0588615953066225
-3.042080484442595
-3.065226236636795
-3.0573471662951106
-3.054533110950908
-3.0594059449935798
-3.0554695333286146
-3.056034292455938
-3.057306453286243
-3.055501914397536
-3.045381067697233
-3.0558002723411706
-3.028381468246916
-3.0507312215540323
-3.0498918479496324
-3.05751042876532
-3.046595103406846
-3.061795398394093
-3.0480123587847054
-3.0484479170324352
-3.0475348935668056
-3.0527433037090215
-3.0515739990771755
-3.050051768628504
-3.044141729081525
-3.0504827718168985
-3.0599288628661405
-3.0579387639720736
-3.0560137729699024
-3.0460084807822345
-3.043668415236934
-3.0442090378272537
-3.053270019979866
-3.05677436712727
-3.0566186257559855
-3.0469019550924283
-3.0407760973897626
-3.045190852738586
-3.048875435051682
-3.044733465172206
-3.0460856823038496
-3.052797235719373
