-7.647410648609309
-7.354012160130413
-7.212829389202934
-7.182354257350095
-7.0665583637021605
-6.936453472408214
-6.936453472408214
-6.856292849406518
-6.675202836999563
-6.59812702032689
-6.371494954047085
-6.237124704097833
-6.124971322595781
-6.087637785480348
-6.022359379206841
-5.99039065159144
-5.754585086676826
-5.750491692473434
-5.703676853238509
-5.703676853238509
-5.6138899577094135
-5.552520178920562
-5.4904321141507575
-5.452472984804395
-5.452472984804395
-5.359374996636328
-5.303070201288924
-5.303070201288924
-5.240143717960673
-5.214165929080215
-5.214165929080215
-5.177716999273234
-5.154631241178363
-5.154631241178363
-5.154631241178363
-4.999553097127071
-4.999553097127071
-4.999553097127071
-4.999553097127071
-4.999553097127071
-4.938620907096307
-4.888547928300878
-4.818673687630143
-4.818673687630143
-4.818673687630143
-4.792190477918806
-4.764317842764142
-4.7091079261442745
-4.7091079261442745
-4.7091079261442745
-4.7091079261442745
-4.7091079261442745
-4.7091079261442745
-4.7091079261442745
-4.7091079261442745
-4.663531489077272
-4.663531489077272
-4.609104479104156
-4.609104479104156
-4.609104479104156
-4.609104479104156
-4.609104479104156
-4.609104479104156
-4.5802920458040735
-4.5802920458040735
-4.5802920458040735
-4.5802920458040735
-4.5802920458040735
-4.5802920458040735
-4.5802920458040735
-4.5802920458040735
-4.5802920458040735
-4.5802920458040735
-4.566859910882305
-4.566859910882305
-4.566859910882305
-4.566859910882305
-4.566859910882305
-4.48681820687373
-4.48681820687373
-4.48681820687373
-4.48681820687373
-4.48681820687373
-4.48681820687373
-4.48681820687373
-4.48681820687373
-4.48681820687373
-4.48681820687373
-4.48681820687373
-4.48681820687373
-4.48681820687373
-4.48681820687373
-4.48681820687373
-4.464412675864687
-4.464412675864687
-4.464412675864687
-4.464412675864687
-4.464412675864687
-4.464412675864687
-4.464412675864687
-4.464412675864687
-4.464412675864687
-4.464412675864687
-4.464412675864687
-4.464412675864687
-4.464412675864687
-4.464412675864687
-4.464412675864687
-4.464412675864687
-4.462582809632625
-4.435397149142542
-4.435397149142542
-4.435397149142542
-4.435397149142542
-4.435397149142542
-4.41255795461809
-4.41255795461809
-4.41255795461809
-4.41255795461809
-4.393417621021141
-4.392612928936781
-4.392612928936781
-4.3469077229660655
-4.3469077229660655
-4.3469077229660655
-4.3469077229660655
-4.3469077229660655
-4.3469077229660655
-4.3469077229660655
-4.3469077229660655
-4.3469077229660655
-4.323577326813789
-4.323577326813789
-4.323577326813789
-4.262757178365312
-4.262757178365312
-4.262757178365312
-4.262757178365312
-4.262757178365312
-4.262757178365312
-4.262757178365312
-4.262757178365312
-4.196263141561106
-4.196263141561106
-4.196263141561106
-4.196263141561106
-4.196263141561106
-4.196263141561106
-4.196263141561106
-4.196263141561106
-4.1806728356972815
-4.175808802807744
-4.175808802807744
-4.175808802807744
-4.175808802807744
-4.175808802807744
-4.175808802807744
-4.175808802807744
-4.175808802807744
-4.175808802807744
-4.175808802807744
-4.175808802807744
-4.147090960887663
-4.147090960887663
-4.147090960887663
-4.133554187495903
-4.133554187495903
-4.133554187495903
-4.133554187495903
-4.133554187495903
-4.133554187495903
-4.133554187495903
-4.133554187495903
-4.133554187495903
-4.133554187495903
-4.133554187495903
-4.133554187495903
-4.133554187495903
-4.133554187495903
-4.133554187495903
-4.133554187495903
-4.08966726571133
-4.08966726571133
-4.08966726571133
-4.08966726571133
-4.024041546408226
-4.024041546408226
-4.024041546408226
-4.024041546408226
-4.024041546408226
-4.024041546408226
-4.024041546408226
-4.024041546408226
-4.024041546408226
-4.024041546408226
-4.024041546408226
-4.024041546408226
-4.024041546408226
-4.024041546408226
-4.024041546408226
-4.024041546408226
-4.024041546408226
-4.024041546408226
-4.024041546408226
-4.024041546408226
-4.024041546408226
-3.921514004751578
-3.921514004751578
-3.921514004751578
-3.921514004751578
-3.921514004751578
-3.921514004751578
-3.921514004751578
-3.921514004751578
-3.921514004751578
-3.921514004751578
-3.921514004751578
-3.921514004751578
-3.866196820553188
-3.866196820553188
-3.866196820553188
-3.866196820553188
-3.866196820553188
-3.866196820553188
-3.866196820553188
-3.866196820553188
-3.866196820553188
-3.866196820553188
-3.866196820553188
-3.866196820553188
-3.866196820553188
-3.866196820553188
-3.866196820553188
-3.866196820553188
-3.866196820553188
-3.866196820553188
-3.866196820553188
-3.866196820553188
-3.866196820553188
-3.866196820553188
-3.866196820553188
-3.866196820553188
-3.866196820553188
-3.866196820553188
-3.8440692012699405
-3.8440692012699405
-3.8440692012699405
-3.8440692012699405
-3.8440692012699405
-3.8440692012699405
-3.8440692012699405
-3.8440692012699405
-3.8440692012699405
-3.8440692012699405
-3.8440692012699405
-3.8440692012699405
-3.8440692012699405
-3.8440692012699405
-3.8440692012699405
-3.8440692012699405
-3.8440692012699405
-3.8440692012699405
-3.8440692012699405
-3.8440692012699405
-3.8440692012699405
-3.8440692012699405
-3.8440692012699405
-3.8440692012699405
-3.8440692012699405
-3.8440692012699405
-3.8440692012699405
-3.8440692012699405
-3.8440692012699405
-3.8440692012699405
-3.8040869974987994
-3.8040869974987994
-3.8040869974987994
-3.8040869974987994
-3.8040869974987994
-3.8040869974987994
-3.8040869974987994
-3.8040869974987994
-3.8040869974987994
-3.8040869974987994
-3.8040869974987994
-3.8040869974987994
-3.8040869974987994
-3.8040869974987994
-3.8040869974987994
-3.8040869974987994
-3.8040869974987994
-3.8040869974987994
-3.8040869974987994
-3.8040869974987994
-3.8040869974987994
-3.8040869974987994
-3.8040869974987994
-3.713613747122117
-3.713613747122117
-3.713613747122117
-3.713613747122117
-3.713613747122117
-3.713613747122117
-3.713613747122117
-3.713613747122117
-3.713613747122117
-3.713613747122117
-3.713613747122117
-3.713613747122117
-3.713613747122117
-3.713613747122117
-3.713613747122117
-3.713613747122117
-3.713613747122117
-3.713613747122117
-3.713613747122117
-3.713613747122117
-3.713613747122117
-3.713613747122117
-3.713613747122117
-3.713613747122117
-3.713613747122117
-3.713613747122117
-3.713613747122117
-3.713613747122117
-3.713613747122117
-3.713613747122117
-3.713613747122117
-3.713613747122117
-3.713613747122117
-3.713613747122117
-3.713613747122117
-3.713613747122117
-3.713613747122117
-3.713613747122117
-3.713613747122117
-3.713613747122117
-3.713613747122117
-3.713613747122117
-3.713613747122117
-3.713613747122117
-3.713613747122117
-3.713613747122117
-3.713613747122117
-3.713613747122117
-3.713613747122117
-3.713613747122117
-3.713613747122117
-3.713613747122117
-3.713613747122117
-3.713613747122117
-3.713613747122117
-3.713613747122117
-3.713613747122117
-3.713613747122117
-3.713613747122117
-3.713613747122117
-3.7116356828602335
-3.7116356828602335
-3.7116356828602335
-3.7116356828602335
-3.7116356828602335
-3.7116356828602335
-3.7116356828602335
-3.7060649051698378
-3.70193535291055
-3.70193535291055
-3.70193535291055
-3.70193535291055
-3.70193535291055
-3.70193535291055
-3.70193535291055
-3.70193535291055
-3.70193535291055
-3.6881326525811717
-3.6881326525811717
-3.6881326525811717
-3.661699214083891
-3.661699214083891
-3.661699214083891
-3.658136850149529
-3.658136850149529
-3.658136850149529
-3.658136850149529
-3.658136850149529
-3.658136850149529
-3.658136850149529
-3.6226401598902385
-3.6226401598902385
-3.6226401598902385
-3.6226401598902385
-3.6226401598902385
-3.6226401598902385
-3.6226401598902385
-3.6226401598902385
-3.6226401598902385
-3.6182192920245595
-3.6182192920245595
-3.6182192920245595
-3.6182192920245595
-3.6182192920245595
-3.6182192920245595
-3.6182192920245595
-3.6182192920245595
-3.6182192920245595
-3.6182192920245595
-3.6182192920245595
-3.6182192920245595
-3.616628656108467
-3.5012485191122975
-3.5012485191122975
-3.5012485191122975
-3.5012485191122975
-3.5012485191122975
-3.5012485191122975
-3.5012485191122975
-3.5012485191122975
-3.5012485191122975
-3.5012485191122975
-3.5012485191122975
-3.5012485191122975
-3.5012485191122975
-3.5012485191122975
-3.5012485191122975
-3.5012485191122975
-3.5012485191122975
-3.5012485191122975
-3.4855352302010614
-3.4855352302010614
-3.4855352302010614
-3.4855352302010614
-3.4855352302010614
-3.4855352302010614
-3.4855352302010614
-3.4855352302010614
-3.4855352302010614
-3.4855352302010614
-3.4660886497462897
-3.4660886497462897
-3.4426089949988055
-3.4426089949988055
-3.4426089949988055
-3.4426089949988055
-3.4426089949988055
-3.4426089949988055
-3.421619269537875
-3.404447733221636
-3.404447733221636
-3.404447733221636
-3.404447733221636
-3.404447733221636
-3.404447733221636
-3.404447733221636
-3.404447733221636
-3.404447733221636
-3.404447733221636
-3.404447733221636
-3.404447733221636
-3.404447733221636
-3.404447733221636
-3.404447733221636
-3.3642115137153046
-3.3642115137153046
-3.3642115137153046
-3.3642115137153046
-3.3642115137153046
-3.3642115137153046
-3.3642115137153046
-3.3642115137153046
-3.3642115137153046
-3.3642115137153046
-3.3642115137153046
-3.3642115137153046
-3.3642115137153046
-3.3642115137153046
-3.3642115137153046
-3.3642115137153046
-3.3642115137153046
-3.3259644126214822
-3.3259644126214822
-3.3259644126214822
-3.3259644126214822
-3.3259644126214822
-3.3259644126214822
-3.3259644126214822
-3.3259644126214822
-3.3072830143583465
-3.3072830143583465
-3.3072830143583465
-3.3072830143583465
-3.3072830143583465
-3.3002955601546375
-3.3002955601546375
-3.3002955601546375
-3.3002955601546375
-3.3002955601546375
-3.3002955601546375
-3.3002955601546375
-3.3002955601546375
-3.3002955601546375
-3.3002955601546375
-3.3002955601546375
-3.3002955601546375
-3.3002955601546375
-3.3002955601546375
-3.3002955601546375
-3.3002955601546375
-3.3002955601546375
-3.3002955601546375
-3.3002955601546375
-3.3002955601546375
-3.3002955601546375
-3.3002955601546375
-3.3002955601546375
-3.2482031348653613
-3.2482031348653613
-3.2482031348653613
-3.2482031348653613
-3.2482031348653613
-3.2482031348653613
-3.2482031348653613
-3.2482031348653613
-3.2482031348653613
-3.2482031348653613
-3.2482031348653613
-3.2482031348653613
-3.2482031348653613
-3.2482031348653613
-3.2482031348653613
-3.2482031348653613
-3.2307976909497986
-3.2307976909497986
-3.2307976909497986
-3.2307976909497986
-3.2307976909497986
-3.2307976909497986
-3.2307976909497986
-3.2307976909497986
-3.2307976909497986
-3.2307976909497986
-3.2307976909497986
-3.2307976909497986
-3.2307976909497986
-3.2307976909497986
-3.2307976909497986
-3.2307976909497986
-3.2307976909497986
-3.2307976909497986
-3.2307976909497986
-3.2307976909497986
-3.2307976909497986
-3.2307976909497986
-3.2307976909497986
-3.2307976909497986
-3.2307976909497986
-3.2307976909497986
-3.2199918068551443
-3.2199918068551443
-3.2199918068551443
-3.2199918068551443
-3.2199918068551443
-3.219337680431781
-3.219337680431781
-3.219337680431781
-3.219337680431781
-3.191781708836508
-3.191781708836508
-3.191781708836508
-3.191781708836508
-3.191781708836508
-3.191781708836508
-3.191781708836508
-3.191781708836508
-3.191781708836508
-3.191781708836508
-3.191781708836508
-3.191781708836508
-3.191781708836508
-3.191781708836508
-3.191781708836508
-3.191781708836508
-3.191781708836508
-3.191781708836508
-3.191781708836508
-3.191781708836508
-3.191781708836508
-3.191781708836508
-3.191781708836508
-3.191781708836508
-3.191781708836508
-3.191781708836508
-3.191781708836508
-3.191781708836508
-3.191781708836508
-3.191781708836508
-3.191781708836508
-3.191781708836508
-3.191781708836508
-3.191781708836508
-3.191781708836508
-3.191781708836508
-3.191781708836508
-3.191781708836508
-3.191781708836508
-3.191781708836508
-3.191781708836508
-3.191781708836508
-3.191781708836508
-3.191781708836508
-3.191781708836508
-3.191781708836508
-3.191781708836508
-3.191781708836508
-3.191781708836508
-3.191781708836508
-3.191781708836508
-3.191781708836508
-3.191781708836508
-3.191781708836508
-3.191781708836508
-3.191781708836508
-3.191781708836508
-3.191781708836508
-3.191781708836508
-3.191781708836508
-3.191781708836508
-3.191781708836508
-3.191781708836508
-3.191781708836508
-3.191781708836508
-3.191781708836508
-3.191781708836508
-3.191781708836508
-3.191781708836508
-3.191781708836508
-3.191781708836508
-3.191781708836508
-3.191781708836508
-3.191781708836508
-3.191781708836508
-3.191781708836508
-3.191781708836508
-3.191781708836508
-3.191781708836508
-3.191781708836508
-3.191781708836508
-3.191781708836508
-3.191781708836508
-3.191781708836508
-3.191781708836508
-3.191781708836508
-3.191781708836508
-3.1851203208078314
-3.1851203208078314
-3.1851203208078314
-3.1851203208078314
-3.1851203208078314
-3.121577860259469
-3.121577860259469
-3.121577860259469
-3.121577860259469
-3.121577860259469
-3.121577860259469
-3.121577860259469
-3.121577860259469
-3.121577860259469
-3.121577860259469
-3.121577860259469
-3.121577860259469
-3.121577860259469
-3.121577860259469
-3.121577860259469
-3.121577860259469
-3.121577860259469
-3.121577860259469
-3.121577860259469
-3.121577860259469
-3.121577860259469
-3.121577860259469
-3.121577860259469
-3.121577860259469
-3.121577860259469
-3.121577860259469
-3.121577860259469
-3.121577860259469
-3.121577860259469
-3.121577860259469
-3.121577860259469
-3.121577860259469
-3.121577860259469
-3.121577860259469
-3.121577860259469
-3.121577860259469
-3.121577860259469
-3.121577860259469
-3.121577860259469
-3.121577860259469
-3.121577860259469
-3.121577860259469
-3.121577860259469
-3.121577860259469
-3.121577860259469
-3.121577860259469
-3.121577860259469
-3.121577860259469
-3.121577860259469
-3.121577860259469
-3.121577860259469
-3.121577860259469
-3.121577860259469
-3.121577860259469
-3.121577860259469
-3.121577860259469
-3.121577860259469
-3.121577860259469
-3.121577860259469
-3.121577860259469
-3.121577860259469
-3.121577860259469
-3.1028727451753837
-3.1028727451753837
-3.1028727451753837
-3.1028727451753837
-3.1028727451753837
-3.1028727451753837
-3.1028727451753837
-3.1028727451753837
-3.1028727451753837
-3.1028727451753837
-3.1028727451753837
-3.1028727451753837
-3.1028727451753837
-3.1028727451753837
-3.0780490285277495
-3.0780490285277495
-3.0780490285277495
-3.0780490285277495
-3.0780490285277495
-3.0780490285277495
-3.0780490285277495
-3.0780490285277495
-3.0780490285277495
-3.0780490285277495
-3.0780490285277495
-3.0780490285277495
-3.0780490285277495
-3.0780490285277495
-3.0780490285277495
-3.0780490285277495
-3.0780490285277495
-3.0780490285277495
-3.0502021447007155
-3.0502021447007155
-3.0502021447007155
-3.0502021447007155
-3.0502021447007155
-3.0502021447007155
-3.0502021447007155
-3.0502021447007155
-2.919608384339452
-2.919608384339452
-2.919608384339452
-2.919608384339452
-2.919608384339452
-2.919608384339452
-2.919608384339452
-2.919608384339452
-2.919608384339452
-2.919608384339452
-2.919608384339452
-2.919608384339452
-2.919608384339452
-2.919608384339452
-2.919608384339452
-2.919608384339452
-2.919608384339452
-2.919608384339452
-2.919608384339452
-2.919608384339452
-2.919608384339452
-2.919608384339452
-2.919608384339452
-2.919608384339452
-2.919608384339452
-2.919608384339452
-2.919608384339452
-2.919608384339452
-2.919608384339452
-2.919608384339452
-2.919608384339452
-2.919608384339452
-2.919608384339452
-2.919608384339452
-2.919608384339452
-2.919608384339452
-2.919608384339452
-2.919608384339452
-2.919608384339452
-2.919608384339452
-2.919608384339452
-2.919608384339452
-2.919608384339452
-2.919608384339452
-2.919608384339452
-2.919608384339452
-2.919608384339452
-2.919608384339452
-2.919608384339452
-2.919608384339452
-2.919608384339452
-2.919608384339452
-2.919608384339452
-2.919608384339452
-2.919608384339452
-2.919608384339452
-2.919608384339452
-2.919608384339452
-2.919608384339452
-2.919608384339452
-2.919608384339452
-2.919608384339452
-2.919608384339452
-2.919608384339452
-2.919608384339452
-2.919608384339452
-2.919608384339452
-2.919608384339452
-2.919608384339452
-2.919608384339452
-2.919608384339452
-2.919608384339452
-2.919608384339452
-2.919608384339452
-2.919608384339452
-2.919608384339452
-2.919608384339452
-2.919608384339452
-2.919608384339452
-2.919608384339452
-2.919608384339452
-2.919608384339452
-2.919608384339452
-2.919608384339452
-2.919608384339452
-2.919608384339452
-2.919608384339452
-2.919608384339452
-2.919608384339452
-2.919608384339452
-2.919608384339452
-2.919608384339452
-2.919608384339452
-2.919608384339452
-2.919608384339452
-2.919608384339452
-2.919608384339452
-2.919608384339452
-2.919608384339452
-2.919608384339452
-2.919608384339452
-2.919608384339452
-2.919608384339452
-2.919608384339452
-2.919608384339452
-2.919608384339452
-2.919608384339452
-2.919608384339452
-2.919608384339452
-2.919608384339452
-2.919608384339452
-2.919608384339452
-2.919608384339452
-2.919608384339452
-2.919608384339452
-2.919608384339452
-2.919608384339452
-2.919608384339452
-2.919608384339452
-2.919608384339452
-2.919608384339452
-2.919608384339452
-2.919608384339452
-2.919608384339452
-2.919608384339452
-2.919608384339452
-2.919608384339452
-2.919608384339452
-2.919608384339452
-2.919608384339452
-2.919608384339452
-2.919608384339452
-2.919608384339452
-2.919608384339452
-2.919608384339452
-2.919608384339452
-2.919608384339452
-2.919608384339452
-2.919608384339452
-2.919608384339452
-2.919608384339452
-2.919608384339452
-2.919608384339452
-2.919608384339452
-2.919608384339452
-2.919608384339452
-2.919608384339452
-2.919608384339452
-2.919608384339452
-2.919608384339452
-2.919608384339452
-2.919608384339452
-2.919608384339452
-2.919608384339452
-2.919608384339452
-2.919608384339452
-2.919608384339452
-2.919608384339452
-2.919608384339452
-2.919608384339452
-2.919608384339452
-2.919608384339452
-2.919608384339452
-2.919608384339452
-2.919608384339452
-2.919608384339452
-2.919608384339452
-2.919608384339452
-2.919608384339452
-2.919608384339452
-2.919608384339452
-2.919608384339452
-2.919608384339452
-2.919608384339452
-2.919608384339452
-2.919608384339452
-2.919608384339452
-2.919608384339452
-2.919608384339452
-2.919608384339452
-2.919608384339452
-2.919608384339452
-2.919608384339452
-2.91577989079184
-2.91577989079184
-2.91577989079184
-2.91577989079184
-2.91577989079184
-2.91577989079184
-2.91577989079184
-2.91577989079184
-2.91577989079184
-2.91577989079184
-2.91577989079184
-2.91577989079184
-2.8992792666381275
-2.8992792666381275
-2.8992792666381275
-2.8992792666381275
-2.8992792666381275
-2.8992792666381275
-2.8992792666381275
-2.8992792666381275
-2.8992792666381275
-2.8992792666381275
-2.8992792666381275
-2.8992792666381275
-2.8992792666381275
-2.8992792666381275
-2.8992792666381275
-2.8992792666381275
-2.8992792666381275
-2.8992792666381275
-2.8992792666381275
-2.8992792666381275
-2.8992792666381275
-2.8992792666381275
-2.8992792666381275
-2.8992792666381275
-2.8992792666381275
-2.8992792666381275
-2.8992792666381275
-2.8992792666381275
-2.8992792666381275
-2.8836006620822414
-2.8836006620822414
-2.8836006620822414
-2.8836006620822414
-2.8836006620822414
-2.8836006620822414
-2.8836006620822414
-2.8836006620822414
-2.8836006620822414
-2.8836006620822414
-2.8836006620822414
-2.8836006620822414
-2.8836006620822414
-2.8836006620822414
-2.8513574388340355
-2.8438236027783073
-2.8438236027783073
-2.8438236027783073
-2.8438236027783073
-2.8438236027783073
-2.8438236027783073
-2.8438236027783073
-2.8438236027783073
-2.8438236027783073
-2.8438236027783073
-2.8296959368232657
-2.8296959368232657
-2.8296959368232657
-2.8296959368232657
-2.8296959368232657
-2.8296959368232657
-2.8296959368232657
-2.8296959368232657
-2.81262526725961
-2.81262526725961
-2.81262526725961
-2.81262526725961
-2.81262526725961
-2.81262526725961
-2.81262526725961
-2.81262526725961
-2.81262526725961
-2.81262526725961
-2.81262526725961
-2.81262526725961
-2.81262526725961
-2.81262526725961
-2.81262526725961
-2.81262526725961
-2.81262526725961
-2.81262526725961
-2.81262526725961
-2.81262526725961
-2.7703971950534028
-2.7703971950534028
-2.7703971950534028
-2.7703971950534028
-2.7703971950534028
-2.7703971950534028
-2.7703971950534028
-2.7703971950534028
-2.7703971950534028
-2.7703971950534028
-2.7703971950534028
-2.7703971950534028
-2.7703971950534028
-2.7703971950534028
-2.7703971950534028
-2.7703971950534028
-2.7703971950534028
-2.7703971950534028
-2.7703971950534028
-2.7703971950534028
-2.7703971950534028
-2.7703971950534028
-2.7703971950534028
-2.7703971950534028
-2.7703971950534028
-2.7703971950534028
-2.7703971950534028
-2.7703971950534028
-2.7703971950534028
-2.7703971950534028
-2.7703971950534028
-2.7703971950534028
-2.7703971950534028
-2.7703971950534028
-2.7703971950534028
-2.7703971950534028
-2.7703971950534028
-2.7703971950534028
-2.7703971950534028
-2.7703971950534028
-2.7703971950534028
-2.7703971950534028
-2.7703971950534028
-2.7703971950534028
-2.7703971950534028
-2.7703971950534028
-2.7703971950534028
-2.7703971950534028
-2.7703971950534028
-2.7703971950534028
-2.7703971950534028
-2.7703971950534028
-2.7703971950534028
-2.7703971950534028
-2.7703971950534028
-2.7703971950534028
-2.7703971950534028
-2.7703971950534028
-2.7703971950534028
-2.7703971950534028
-2.7703971950534028
-2.7703971950534028
-2.7703971950534028
-2.7703971950534028
-2.7703971950534028
-2.7703971950534028
-2.7703971950534028
-2.7703971950534028
-2.7703971950534028
-2.7703971950534028
-2.7703971950534028
-2.7703971950534028
-2.7703971950534028
-2.7703971950534028
-2.7703971950534028
-2.7703971950534028
-2.7703971950534028
-2.7703971950534028
-2.7703971950534028
-2.7703971950534028
-2.7703971950534028
-2.7703971950534028
-2.7703971950534028
-2.7703971950534028
-2.7703971950534028
-2.7703971950534028
-2.7703971950534028
-2.7703971950534028
-2.7703971950534028
-2.7703971950534028
-2.7703971950534028
-2.7703971950534028
-2.7703971950534028
-2.7703971950534028
-2.7703971950534028
-2.7703971950534028
-2.7703971950534028
-2.7703971950534028
-2.7703971950534028
-2.7703971950534028
-2.7703971950534028
-2.7699533971571295
-2.7699533971571295
-2.7699533971571295
-2.7699533971571295
-2.7699533971571295
-2.7699533971571295
-2.7699533971571295
-2.7699533971571295
-2.7699533971571295
-2.7699533971571295
-2.7699533971571295
-2.7699533971571295
-2.7699533971571295
-2.7699533971571295
-2.7699533971571295
-2.7699533971571295
-2.7699533971571295
-2.7699533971571295
-2.7699533971571295
-2.7699533971571295
-2.7699533971571295
-2.7699533971571295
-2.7699533971571295
-2.7699533971571295
-2.7699533971571295
-2.7699533971571295
-2.7699533971571295
-2.7699533971571295
-2.7699533971571295
-2.7699533971571295
