-9.96231562859239
-8.982373661484916
-8.73640651695909
-8.361100797621145
-7.777102776375268
-7.8464924502962115
-7.647410641382824
-7.6148516087939875
-7.678602706576248
-7.562140496495115
-7.19883928402112
-7.21394937051887
-7.070149378695482
-6.918737588014022
-6.779975690675145
-6.826291375985141
-6.703693652157849
-6.590742240389635
-6.579675404966715
-6.39368837335713
-6.462919455697944
-6.390588527668484
-6.283234862904103
-6.457976464175991
-6.201614522012406
-6.070151050624379
-6.032046679652499
-6.015658858365638
-6.070151049094867
-6.009707016907095
-6.059924381271106
-5.854384573274434
-6.064662140545701
-5.803615170445462
-5.902509259198736
-5.692192299189136
-5.7024798165522155
-5.701282958851356
-5.727652591382278
-5.735338996636866
-5.893939981965587
-5.781843469953089
-5.63452574306354
-5.533258280660444
-5.679051881437044
-5.549698571452444
-5.359145315055243
-5.447130918546033
-5.474109146282761
-5.360293799141098
-5.422093074091698
-5.33941700374965
-5.499774092030973
-5.537952192996054
-5.699129038832985
-5.343312946438976
-5.470382727875749
-5.430198765765555
-5.31014370580868
-5.426955517668211
-5.429735368377912
-5.33987525920781
-5.371787693395466
-5.384910757255843
-5.317451976195543
-5.363280635129696
-5.440864247736292
-5.223643493825009
-5.304895027139355
-5.349045702247519
-5.2646186806504005
-5.263483901516712
-5.304210669881693
-5.194570305958902
-5.145013838822675
-5.3142537828836005
-5.382376575939135
-5.342854501982136
-5.236298092901523
-5.222740370110891
-5.175697053903681
-5.2764300568129485
-5.173004611525004
-5.385602036377407
-5.194345362782582
-5.146802215721871
-5.257585677033099
-5.149485558155453
-5.236524247227893
-5.23720277899582
-5.228160652688771
-5.3391878944594335
-5.207628580828552
-5.222288849373958
-5.058552927976096
-5.177716996643327
-5.2791582617381705
-5.314253781713471
-5.234715150506906
-5.136971259947312
-5.151722388611513
-5.22567588929212
-5.162244168749574
-5.123362710132713
-5.1389811216076735
-5.22906439145996
-5.060984430978552
-5.125146069488673
-5.132283633594843
-5.149038272489235
-5.067841037093788
-5.1456844310647245
-5.108888266379114
-5.07581131380616
-5.034280744009621
-5.229968231147671
-5.113561639207671
-5.0755898036671265
-5.125591972606736
-5.246934689905313
-5.19659516226082
-5.180186531650335
-4.981374253591983
-5.10621904581454
-5.079799580936623
-5.08401168855009
-5.023493635667719
-5.116678804670543
-5.161348143137659
-4.982468108279867
-5.050379965529328
-4.9279709286325675
-4.9136502694655
-5.030096160776482
-4.852774522018078
-5.071603737383788
-4.980280554491388
-4.856645105693256
-4.878617269655187
-4.900871986417772
-4.898059415659213
-4.8572903995206165
-4.791977295451341
-4.8982757248593
-4.8216698436564815
-4.844180604648763
-4.882717430797771
-4.839243694363184
-4.77579419601569
-4.809051591256721
-4.759223147091833
-4.754132083463713
-4.853204489402053
-4.799015537648772
-4.770053715630625
-4.877322954601329
-4.726618591368136
-4.741208645762512
-4.771116421784119
-4.7913377994149515
-4.695004391267165
-4.774943457985766
-4.70552674419471
-4.712269295832144
-4.802643990397126
-4.739303898941721
-4.737399659150172
-4.811829993157875
-4.692481371978118
-4.667091323015007
-4.724295407093691
-4.746502299708797
-4.682608214813326
-4.735707422425688
-4.688068248028661
-4.677152422341357
-4.671700870450405
-4.710793813409741
-4.6964765820776915
-4.674216443103973
-4.71311256347792
-4.7492565597658665
-4.708897213732277
-4.749044657228393
-4.774730790890279
-4.741420313931783
-4.70615859018651
-4.643045343920779
-4.650981811271123
-4.671072119130736
-4.675264869054646
-4.715221183338471
-4.842033709569175
-4.785371885094157
-4.634283962902652
-4.707843766779689
-4.6326163794396615
-4.6120131277551915
-4.766654119432419
-4.634700917810788
-4.726618593215581
-4.688488424192021
-4.6332416783858
-4.647430169309944
-4.619914209190347
-4.713955935184486
-4.704894964900856
-4.64346282562031
-4.587949779184914
-4.5914710560492615
-4.549334465599682
-4.597482100263582
-4.644089100179958
-4.612636573517568
-4.624492638534146
-4.610143138087334
-4.59022803902321
-4.621786836890896
-4.6230355372297405
-4.520156792083658
-4.58339549789485
-4.557988475293745
-4.536990599137622
-4.640123657556765
-4.571609812615576
-4.647847917015429
-4.65119078781125
-4.519336696246492
-4.5503641360852205
-4.53308637163525
-4.559638109628265
-4.476217187772239
-4.573882663229564
-4.529595012661854
-4.581119484497715
-4.56892468041278
-4.577603504743915
-4.472551486073635
-4.512984327632623
-4.594994125065159
-4.605781786458901
-4.416594569818958
-4.5964453407938946
-4.56335122850124
-4.437624647897908
-4.502546610691206
-4.479884868571141
-4.518106731485981
-4.5594318825410065
-4.584016363775908
-4.4439061239851725
-4.502137610611066
-4.497435965327029
-4.468073907105231
-4.515852402564668
-4.696897263997784
-4.455065251351631
-4.458111887096358
-4.475198736519777
-4.437219598467146
-4.488042485186709
-4.448773259726162
-4.5029556180410015
-4.43620707607056
-4.538635160923594
-4.4163926812573315
-4.424675182987784
-4.485798148017043
-4.534319044603279
-4.459940542380914
-4.433980065123522
-4.470719393768653
-4.484370325948808
-4.43701707249693
-4.470922943100536
-4.380152759893637
-4.394423627344456
-4.421845845805854
-4.446339253425729
-4.465429484987516
-4.481719480081978
-4.400261471990509
-4.4121544273510045
-4.434384916695741
-4.482942821028738
-4.415383316352621
-4.363509127708511
-4.469294783861327
-4.418411843633413
-4.341316763508411
-4.351503889076513
-4.460956673236275
-4.430135158449673
-4.436004581772799
-4.3747339355129435
-4.447758988309701
-4.394826065178188
-4.451005228701031
-4.33752562180954
-4.291411724116676
-4.354103158207121
-4.312440239100823
-4.307077419401308
-4.329153048765006
-4.357303674079126
-4.430135161913735
-4.434992242172628
-4.349904851012129
-4.4860021521269955
-4.5456289643077605
-4.344111643347385
-4.416392675160735
-4.413768681419122
-4.523438162871239
-4.39361881057293
-4.4798848792379635
-4.372728095441089
-4.424473045016672
-4.564176639086348
-4.394222409849644
-4.336528323296836
-4.3116454657438235
-4.583188561363613
-4.370121424777722
-4.416190792146769
-4.385174186707089
-4.42993286333605
-4.347307261044396
-4.3717254102917815
-4.307474513154398
-4.329949976710709
-4.426292485870709
-4.339121626658184
-4.291609786214257
-4.2797368446432715
-4.426494678083887
-4.262757180407098
-4.290025466070287
-4.283692058818748
-4.259800214412983
-4.231679137253586
-4.242480240937941
-4.224619255766851
-4.27716726735194
-4.242676796154308
-4.3160179345688245
-4.319995459674824
-4.329551492904072
-4.253299712683062
-4.283692057646596
-4.258814867803753
-4.40167137834522
-4.325966339842644
-4.291609791722097
-4.232464052219235
-4.315620313855539
-4.262757176839266
-4.287451763460721
-4.225795359225618
-4.254678042110142
-4.2651237274469755
-4.219133670850637
-4.284879087338838
-4.26650462927273
-4.295770503025281
-4.295374126212
-4.326962015809277
-4.28468123959889
-4.3231792381557534
-4.281911914292314
-4.247592608042823
-4.309658961524191
-4.312837667908595
-4.228344325118261
-4.283296429520187
-4.172503417957761
-4.255071919350633
-4.20192417746283
-4.276772034277508
-4.186904321509546
-4.253496602438686
-4.320393351561644
-4.2880456024800315
-4.203877444946323
-4.345908977642713
-4.234819370772979
-4.130850374327003
-4.240122059559478
-4.132395266299882
-4.282900811727432
-4.310850796149203
-4.111186688040066
-4.104069289791797
-4.199971519766556
-4.106184413769354
-4.302314189825139
-4.1156152236943395
-4.2195253160351385
-4.168034185747449
-4.108107901687728
-4.107530802051247
-4.193532043483432
-4.239532653441549
-4.1509640298798125
-4.133361019893406
-4.112534194574164
-4.163179961291129
-4.116000445985583
-4.0798931565503045
-4.094848104636184
-4.075490315753807
-4.132202128993415
-4.118890507141915
-4.212283370101205
-4.183982539990503
-4.064592614185741
-4.15774770710605
-4.165121204024808
-4.10695374499623
-4.073385741437824
-4.202900730850633
-4.083532670366925
-4.087749540866519
-4.157553783389719
-4.152707695841897
-4.142833366304261
-4.12814773758295
-4.235604683905014
-4.071855596016776
-4.051617275563089
-4.039430437885508
-4.0143723247674945
-4.099072761231823
-4.060773469938203
-4.115422615742318
-4.031826086074633
-3.993569895504702
-4.104646074236347
-3.972839457110482
-4.208763250084702
-4.008313279098086
-4.157747705166095
-4.059246474568043
-4.047044345128263
-3.994891534395066
-4.135099757682797
-4.20465892169933
-4.121589100397896
-4.100033318244523
-4.0358171853023315
-4.0521891331700415
-4.142833369012976
-4.0611552756153335
-4.003583885599913
-4.098496504845633
-3.984138046254578
-4.059437333785307
-4.103877043734362
-4.033346198441281
-4.132009007849267
-3.9903614031187424
-4.027078225718604
-4.033346200289705
-3.9745328854432493
-4.010584704878446
-4.020058223559836
-4.063446619867468
-3.9323414081144947
-3.943563126071772
-3.9049382159551733
-3.9396330964223334
-3.956869712634961
-4.0090703251299304
-3.947308436275709
-4.074150964124884
-4.14670378991558
-4.034486526974047
-4.010206075444138
-3.9647552855078234
-4.04952092207195
-3.9594970703647014
-4.127954738147016
-4.082957866745409
-4.073768340244633
-4.135872683399016
-3.967198180032311
-4.020058222032557
-3.9913048996644402
-3.908659032725304
-3.954243511801221
-3.997535700971278
-3.955556463487964
-3.920395064107559
-3.872481721290914
-3.8396538358375265
-3.840205563018034
-3.952743345594453
-3.93271512409919
-3.8976894087510874
-3.884330577296616
-3.874701541888646
-3.767650795879406
-3.8643496232263583
-3.882292339503667
-3.784200284299219
-3.82275957609125
-3.8734065439757215
-3.807743486698078
-3.9233793747485133
-3.900476346383716
-3.8832187213318208
-3.878773423402397
-3.867675008974205
-3.869153572200205
-3.8514356669741283
-3.8809956507508088
-3.8101214575272917
-3.7605729447434286
-3.8518042371680035
-3.9549937377145503
-3.887852852664309
-4.021765041925398
-3.857889038717965
-3.905124198182664
-3.8468305231822213
-3.8269784812630903
-3.8481195967751067
-3.87285163233851
-3.8923050924340763
-3.9053101901292524
-3.8575200851064415
-3.821476170278913
-3.808840887927135
-3.951431017981384
-3.763294152178714
-3.8229429423939374
-3.7997023070643587
-3.9014056257991516
-3.793131585417751
-3.75604053985425
-3.8271619871001135
-3.754590935557584
-3.9166667986229577
-3.8427810390192216
-3.796598522199606
-3.793861288359022
-3.732350231840598
-3.784928833309324
-3.729824350778261
-3.7370441717463776
-3.873406543974563
-3.8059149506717844
-3.7591221863278066
-3.803538723021411
-3.659739633981052
-3.8354256104212925
-3.869892997813731
-3.7607543223084487
-3.7289225275177995
-3.8222095135382506
-3.7316284340381056
-3.793678851240089
-3.7170320674028745
-3.852172823659713
-3.703191844002086
-3.8429650404532327
-3.7989718499840492
-3.696732886978655
-3.7938612898961455
-3.7222535429988333
-3.8602878463754817
-3.748615262950888
-3.741199790989231
-3.805000890825883
-3.7986066590378997
-3.816528608405691
-3.7265784596190277
-3.7527794547670195
-3.8000675505084103
-3.8337719372606855
-3.802442340985644
-3.7199122780944136
-3.808840886750944
-3.7274799104326615
-3.8211095416702565
-3.7942261762762817
-3.7238749966384823
-3.757309251509792
-3.7785571136328957
-3.8346905827316733
-3.872296768195901
-3.881551330925146
-3.7758285634209083
-3.7301851164775637
-3.833771934557741
-3.712354896539789
-3.7934964131582025
-3.877847734607095
-3.7583969409177165
-3.784564550468156
-3.8053664979293607
-3.7752829988421825
-3.743369163284205
-3.821292857914495
-3.798058913572179
-3.784382407574894
-3.8795140699054707
-3.7298243516422755
-3.7596661795497797
-3.737766673598454
-3.718471980979648
-3.895460813475491
-3.7951384984201537
-3.7792849474219454
-3.768740477489773
-3.7493392512299333
-3.742826740156778
-3.844989489683245
-3.9099618689553086
-3.700320273164
-3.743549971328245
-3.772737791336241
-3.8908206232187017
-3.8315677728945894
-3.732169772781664
-3.7525983460254433
-3.7882085183369605
-3.805183671233764
-3.6740071425573353
-3.6827642793295277
-3.863980251698495
-3.753141706222084
-3.8330371216368664
-3.713973475580844
-3.645686760869398
-3.6543988509351246
-3.6631248110949857
-3.8201930547143705
-3.7132540496214235
-3.744273313111559
-3.7359606099936156
-3.7471675832224687
-3.7413805398371807
-3.7238749978137307
-3.7075019920402297
-3.7262179237959354
-3.7440924730649643
-3.685984676511867
-3.765835118921686
-3.8015288501782494
-3.803721471777578
-3.7862040451606656
-3.7495202691776055
-3.6970915256408268
-3.737586041169495
-3.7914900906893547
-3.7181119732968755
-3.782743443168453
-3.848672142641787
-3.7814690183583024
-3.7197322213497737
-3.7305459166057604
-3.7556781023492305
-3.761298478811332
-3.6766864243399797
-3.6952985954141133
-3.718832025963446
-3.735238342083422
-3.7363217771005077
-3.7325306970023973
-3.8075606052828825
-3.8015288522177997
-3.7263981933394867
-3.7022943216719018
-3.7249562283023057
-3.756403002899397
-3.7656535821440533
-3.7392119444109486
-3.7181119721280975
-3.6529755228384047
-3.6272416876911455
-3.7136137498222954
-3.6867005739156435
-3.758215646470516
-3.7008585819050612
-3.710557031102656
-3.832669750796656
-3.7001408503787516
-3.7195521582151825
-3.7231542931412505
-3.7110963301260043
-3.796963584138344
-3.709119156686411
-3.7227939774300958
-3.7251364500072746
-3.8444373033861745
-3.63752067172523
-3.7390312635763476
-3.6890278837086985
-3.6645507811932254
-3.716852106253981
-3.6565345426890397
-3.761661274686726
-3.7749193407009765
-3.8055493110986034
-3.833037120101898
-3.669901445423751
-3.61981038690117
-3.7836539237828752
-3.674721492478914
-3.653153421465012
-3.6827642793303363
-3.7332526085135593
-3.67829461638762
-3.7026533146274248
-3.701396937238492
-3.7346967109845077
-3.730185119960882
-3.797876343846482
-3.7569467349374803
-3.714692993257509
-3.8721118326023785
-3.672578727773925
-3.7229741344286937
-3.645153815637944
-3.660986562539092
-3.65279763586373
-3.657602696979941
-3.7062445185589725
-3.63166990762109
-3.713613750687409
-3.678294613676253
-3.6715076561204043
-3.7168520977590793
-3.764201509356692
-3.7017558748923167
-3.6978088638816837
-3.684911000356691
-3.6070946484144155
-3.6206945302106743
-3.6961949903712976
-3.7075019901962425
-3.699064429236464
-3.640714633273866
-3.6649073301529205
-3.6401821846999223
-3.7907606855669482
-3.7114558918370277
-3.5863194119384105
-3.5780667940140205
-3.5984579320995693
-3.664907328117264
-3.613978641010397
-3.6371658977033783
-3.575786392646255
-3.596168865029444
-3.5551316618823265
-3.5331645863846903
-3.5777159019825553
-3.548497110304102
-3.522909596367612
-3.56159955922708
-3.5246463307392863
-3.479848637423025
-3.6092118648884175
-3.563698932782402
-3.5258623837900926
-3.581928143109836
-3.542045086723775
-3.5619493915266482
-3.5991624497597106
-3.5390832667517884
-3.546403696749266
-3.5696516679970904
-3.4782988251495075
-3.5196113704859417
-3.5763125515543295
-3.5291645122640203
-3.4946811908517152
-3.5302077163122147
-3.5721047129213663
-3.5873738499391417
-3.4858800601328723
-3.5081703733389293
-3.51180799867451
-3.483811359742175
-3.4544212098459024
-3.525167457941642
-3.51666207401759
-3.498309487091175
-3.577540459992296
-3.4726200993337057
-3.603920371209984
-3.4745123287707105
-3.492091092092049
-3.5121545665020224
-3.515448135668634
-3.4344076962765406
-3.4779544845840937
-3.5244726245133546
-3.4436350745736513
-3.4602516502822924
-3.446885669094131
-3.4936449939396876
-3.5196113704810843
-3.5778913467480558
-3.4791597701326658
-3.4934723217992505
-3.5689510035756618
-3.5511150262353586
-3.460594821411159
-3.504535262878702
-3.4648863777748513
-3.563174021654674
-3.482604998542
-3.4801931071663996
-3.6387625512166886
-3.5362971839249187
-3.555131657237871
-3.55286101561425
-3.4808821023399936
-3.6104472934594822
-3.7181119741627997
-3.5721047109824484
-3.521694213320163
-3.622286363141961
-3.5437881069350032
-3.541522290085038
-3.5677250623392363
-3.486914728753281
-3.471244381635934
-3.571754212331089
-3.517529334984871
-3.465229841884308
-3.4666039894905225
-3.456821184794194
-3.44893971934248
-3.5912418881661026
-3.602862695821459
-3.4855352308012337
-3.47158828467804
-3.4424379996160774
-3.581050319958426
-3.585616568934817
-3.5446598296125873
-3.5368194629296412
-3.460594821409775
-3.50799721704412
-3.4853628183609207
-3.5269049397520313
-3.5047083084455912
-3.4738241702559365
-3.4948539153698324
-3.4366275955035275
-3.426219432396453
-3.4758889196037086
-3.404956946092554
-3.4786431904825097
-3.4765773516223515
-3.4908828188277687
-3.4846732269946306
-3.5728057945799323
-3.483294308927794
-3.5498931680719044
-3.4054662092867725
-3.4867422722903236
-3.450994603453997
-3.400375827147877
-3.4693533487565316
-3.4480837713581796
-3.3849660413304226
-3.5289906658226307
-3.440386521112687
-3.5197849099305607
-3.5246463280321376
-3.5109416690577326
-3.550067706032353
-3.468837736731333
-3.424174410139834
-3.4876046149358997
-3.4967541991770466
-3.45185104717159
-3.488122086574507
-3.42877686968556
-3.576663356566281
-3.5196113713480486
-3.439190204432634
-3.484500833663964
-3.5416965446719066
-3.4733081136499124
-3.5033241176464447
-3.525514912362205
-3.4144716332700997
-3.4789875686025367
-3.5293383655869355
-3.418044206571884
-3.5099022614639135
-3.4629976573209924
-3.471244386279174
-3.425708104619663
-3.4484261348166654
-3.450823336117487
-3.4286063358503043
-3.445003495541539
-3.481226634168371
-3.4865698206462263
-3.5229095908603667
-3.5105951728046842
-3.488467097911998
-3.475544738108584
-3.567199744533516
-3.4628259903649576
-3.5033241196868232
-3.545008556356617
-3.5100754781565184
-3.4298001969560463
-3.485018006229684
-3.564223916767109
-3.455621065131895
-3.4595653806498228
-3.5272524990321
-3.4993466063825394
-3.569126162550012
-3.447912595599733
-3.524298933401551
-3.474684383773386
-3.4970997803299646
-3.416682931670893
-3.5085166931665275
-3.4345784271663358
-3.5104219374966656
-3.482605002105619
-3.5289906611744235
-3.5866708671383103
-3.505227469641753
-3.481915773387731
-3.6123892509835747
-3.503670129137965
-3.505573611543482
-3.5242989353401244
-3.4686658801328027
-3.5409995502972813
-3.513541081649258
-3.458364618188397
-3.452364972802139
-3.541348039577334
-3.4499670665826505
-3.5849138160420777
-3.49640864046957
-3.4855352246949596
-3.425196821860866
-3.4619677343368114
-3.561599563400272
-3.489847372282498
-3.4901924958287793
-3.446030051088897
-3.4919184652972275
-3.507131513983089
-3.512674469927621
-3.4308237329128213
-3.524125249081919
-3.4599085060173436
-3.4265603556085544
-3.513541084289634
-3.50713150810419
-3.4361152256352496
-3.4453456586420956
-3.4323594132741864
-3.4647146463757164
-3.4224708416745098
-3.4473991043084413
-3.4272422608064272
-3.4309943405785472
-3.495372105662391
-3.467806657269297
-3.4593938244389437
-3.43048253282679
-3.405296451569422
-3.4710724448519366
-3.431335575459772
-3.4337248450998747
-3.4568211903072075
-3.4805375940091015
-3.5567042150095527
-3.4374816553280976
-3.426901297623661
-3.4458589409154485
-3.525167463457259
-3.40376885767333
-3.4573356152343515
-3.373144088102603
-3.4503095553679493
-3.481743482097215
-3.4931269805287086
-3.454249829055607
-3.4330420829218538
-3.380065030946465
-3.4102218202665266
-3.4932996471520297
-3.350422399258125
-3.4516797479267676
-3.379389400199425
-3.4573356158352033
-3.3748312494504282
-3.383275503327591
-3.397663037519305
-3.4245151932906213
-3.3844588226196293
-3.4056359816400814
-3.410221818419709
-3.4843284658513913
-3.416853066440389
-3.487087192634355
-3.4599085045518576
-3.5187437596716116
-3.447741428714612
-3.422470841673351
-3.370951619057815
-3.388856413033813
-3.4286063367129302
-3.403090071996996
-3.3952905236363273
-3.3670749598647753
-3.3988497069257506
-3.3761813864915005
-3.4741682407967405
-3.3920724550851737
-3.3573122375351048
-3.427753747691499
-3.4120913037022804
-3.3726380478445295
-3.4197463041323273
-3.351094165787071
-3.458707665525526
-3.3472327479363733
-3.3489112614005743
-3.3301439521765483
-3.3526059632104865
-3.2974701106624336
-3.3709516175973264
-3.383106474896688
-3.4058057551049017
-3.3643799087807253
-3.4141315202876887
-3.341530004651184
-3.365895693898441
-3.361854603109134
-3.336503550479303
-3.347064928449397
-3.357312237536723
-3.3875029062552664
-3.355462819885397
-3.350254474354417
-3.3711202284126283
-3.369771451020657
-3.4631693261643344
-3.4444902955191767
-3.392919119517096
-3.3547904716730614
-3.4025810396205194
-3.3212874878756287
-3.3893640795664948
-3.398002057116922
-3.4141315135819106
-3.470556658181016
-3.3497507277888583
-3.3556309212075894
-3.356135253152665
-3.3428712417532465
-3.4102218137766873
-3.37837612500027
-3.3696028791455874
-3.3665695289552846
-3.356135257706409
-3.318950666876811
-3.4265603567877085
-3.389702546776409
-3.316614946470194
-3.477610167924334
-3.331984054495559
-3.324627701798931
-3.392411103561738
-3.4530502991040275
-3.3753375090638555
-3.39681558632771
-3.406145316011668
-3.3696028761324026
-3.2979686040001503
-3.346561501668006
-3.3247947658152097
-3.3022909736190496
-3.3601717659877886
-3.329642223578754
-3.3081155081034517
-3.3351640139517693
-3.2989657377876864
-3.377869557996698
-3.336168631850045
-3.372469373534177
-3.3316494307899904
-3.3202858591796645
-3.363874745430357
-3.3299767020491133
-3.3723007177440665
-3.348575509952163
-3.336671019080815
-3.3573122348258146
-3.4165127987687645
-3.370951619056651
-3.3574804010979302
-3.365895698064215
-3.3939353016105263
-3.3338248371634687
-3.3985106319332363
-3.3743250448743294
-3.3041208044778436
-3.387672076562354
-3.3467293045867996
-3.383444532861065
-3.299630606697434
-3.373650175102199
-3.330478464852053
-3.3642115137153046
-3.2865159890259377
-3.306950054846603
-3.397154543609337
-3.3616862929196656
-3.4667757863178617
-3.344548296333938
-3.4499670657190404
-3.4129412948892335
-3.3437097005811833
-3.3964766446941135
-3.3351640165870373
-3.41243128263935
-3.428776869688252
-3.342368236824987
-3.32880611699981
-3.4046174658273247
-3.3733127808921974
-3.3993583659298148
-3.3729754048489275
-3.4267308248084065
-3.305784873286247
-3.398510631934292
-3.427753744450281
-3.340859519260878
-3.319618216373934
-3.278399093328078
-3.38209245904503
-3.3505903348361437
-3.412091303703444
-3.319952027904457
-3.3457225682089993
-3.3771942240196
-3.345219274843902
-3.3905488158409307
-3.336001181527559
-3.368928642948115
-3.357816744327151
-3.307116530153101
-3.345554798731027
-3.3903795487222967
-3.3054520157002454
-3.3615179898113046
-3.3526059543163966
-3.378882737661839
