-0.1202778
-0.11279972
-0.107635525
-0.10425667
-0.10138467
-0.09905575
-0.096831125
-0.09484617
-0.092141035
-0.089423185
-0.087015115
-0.08423252
-0.08281934
-0.08081788
-0.07830094
-0.077307035
-0.076053465
-0.07498933
-0.07357416
-0.07238021
-0.07125031
-0.06980388
-0.068460505
-0.06731604
-0.065428195
-0.06459773
-0.06444777
-0.06319134
-0.062742135
-0.062466355
-0.0622317
-0.061416025
-0.060420815
-0.059567335
-0.058574075
-0.057799115
-0.05681915
-0.05612172
-0.05549919
-0.05435158
-0.05341875
-0.05287666
-0.051989635
-0.051502575
-0.051118815
-0.050912615
-0.049966105
-0.049172295
-0.04877652
-0.047667515
-0.047543565
-0.04718229
-0.04680091
-0.046705385
-0.047070705
-0.046831935
-0.045833605
-0.045826625
-0.045168265
-0.044465685
-0.04456021
-0.044750125
-0.04376792
-0.043021695
-0.04272597
-0.04268433
-0.04196607
-0.042278675
-0.04192632
-0.04172961
-0.04168187
-0.041896875
-0.041625795
-0.04102392
-0.04164931
-0.04120795
-0.041355795
-0.040690775
-0.040733475
-0.041243235
-0.041097045
-0.04071974
-0.04049301
-0.040633905
-0.040243615
-0.040522125
-0.0405011
-0.040666035
-0.03969061
-0.03978993
-0.03955119
-0.039420515
-0.039604495
-0.038971895
-0.03979086
-0.039279505
-0.038755245
-0.039384865
-0.03919231
-0.038735495
-0.03901527
-0.038036115
-0.038089785
-0.03794428
-0.03800969
-0.037836265
-0.037242865
-0.037024765
-0.03682209
-0.03679019
-0.036549515
-0.03678297
-0.036174645
-0.03650637
-0.03623016
-0.03650776
-0.03577666
-0.03543185
-0.03537233
-0.035275895
-0.03517682
-0.03536751
-0.03542113
-0.03491136
-0.03485546
-0.0341334
-0.035095115
-0.035189415
-0.034697295
-0.03532535
-0.034652885
-0.03444021
-0.03453703
-0.03505226
-0.034573805
-0.0346379
-0.034343005
-0.034508665
-0.034101275
-0.03429068
-0.03417764
-0.033761975
-0.033817045
-0.034151535
-0.033850595
-0.03374504
-0.03350449
-0.033559355
-0.033667725
-0.033510835
-0.03393602
-0.033785985
-0.03359331
-0.03392413
-0.033489635
-0.03377869
-0.03384085
-0.03333246
-0.03334828
-0.033399585
-0.0333353
-0.033590265
-0.03349121
-0.033225335
-0.033303355
-0.0335592
-0.03301079
-0.033787595
-0.033484685
-0.033271115
-0.03333508
-0.033258835
-0.033101345
-0.03280528
-0.033388285
-0.033027135
-0.032226185
-0.032550315
-0.03275826
-0.03346312
-0.033023205
-0.032885
-0.03315499
-0.03290214
-0.03327884
-0.032962325
-0.032530615
-0.03335184
-0.033281805
-0.03292293
-0.03315516
-0.03265012
-0.03318966
-0.032894445
-0.03265693
-0.03326085
-0.033064605
-0.03272783
-0.03311872
-0.03282202
-0.032768095
-0.033046695
-0.03270712
-0.03262381
-0.03255266
-0.032674885
-0.032479715
-0.032346575
-0.03225237
-0.03252703
-0.031891715
-0.03226119
-0.032029585
-0.03203909
-0.03184
-0.03197974
-0.031545435
-0.031298455
-0.03151353
-0.031593255
-0.03127408
-0.030967585
-0.03079134
-0.030246335
-0.029958005
-0.029716375
-0.02891117
-0.028486925
-0.02770022
-0.028162135
-0.028210615
-0.027918945
-0.027525655
-0.02761051
-0.027689455
-0.02738852
-0.027287455
-0.02778537
-0.027806865
-0.027454995
-0.027118895
-0.02725678
-0.02725328
-0.027034565
-0.02698207
-0.02691084
-0.02687487
-0.02666941
-0.026513745
-0.02659997
-0.026626
-0.026419225
-0.02646858
-0.027001175
-0.026780795
-0.02686431
-0.02667118
-0.02661525
-0.02643065
-0.026668995
-0.026399155
-0.02616988
-0.02602633
-0.02576459
-0.025952985
-0.025597175
-0.02560912
-0.026018905
-0.026110385
-0.02596284
-0.025995265
-0.026264785
-0.02616029
-0.025948555
-0.02585333
-0.02620014
-0.025986405
-0.025642915
-0.02607245
-0.026063585
-0.02611395
-0.0260621
-0.02573105
-0.025924105
-0.025476745
-0.025766655
-0.025804055
-0.026010235
-0.0256667
-0.025779965
-0.025795985
-0.02542082
-0.025527115
-0.02541922
-0.02555
-0.025324615
-0.02543467
-0.025273415
-0.025008655
-0.02551641
-0.02573394
-0.02508026
-0.025532385
-0.025188795
-0.025407035
-0.0253044
-0.02470705
-0.025136765
-0.0250704
-0.025161145
-0.024876935
-0.025237855
-0.02521011
-0.024910475
-0.024913235
-0.02490583
-0.024820445
-0.02489705
-0.025023415
-0.02467131
-0.02460041
-0.02495113
-0.02421713
-0.02467549
-0.02457325
-0.024896235
-0.024665575
-0.02428894
-0.02458224
-0.024301835
-0.02427963
-0.02417919
-0.02420033
-0.024312605
-0.024351045
-0.024411395
-0.023805385
-0.0241314
-0.024426045
-0.02424571
-0.02432074
-0.02393279
-0.024161235
-0.024052905
-0.024384955
-0.02398363
-0.02419758
-0.02412704
-0.02420787
-0.024150055
-0.02430429
-0.02421596
-0.024072095
-0.02424566
-0.024242525
-0.02384066
-0.02399043
-0.02394485
-0.02393632
-0.02392531
-0.023859055
-0.02379894
-0.02324758
-0.02327289
-0.023630925
-0.02373022
-0.02390652
-0.02400852
-0.02394243
-0.023843725
-0.023687385
-0.02421149
-0.02364785
-0.023724815
-0.024097115
-0.0238729
-0.023306395
-0.02328856
-0.023732305
-0.022927125
-0.023717055
-0.02355226
-0.023364945
-0.02326546
-0.023165635
-0.02351537
-0.023566775
-0.02330083
-0.023094125
-0.02322381
-0.02352383
-0.023140275
-0.02322466
-0.02292641
-0.023302805
-0.02338394
-0.02313918
-0.02355766
-0.02308398
-0.02334887
-0.023542555
-0.02313623
-0.02339599
-0.02328537
-0.023111035
-0.02322235
-0.02314167
-0.022958005
-0.02291502
-0.02335142
-0.023057385
-0.023024115
-0.02319215
-0.02271553
-0.023076275
-0.02344581
-0.023058785
-0.02276183
-0.02312864
-0.023094045
-0.02319574
-0.0231342
-0.02253952
-0.023202315
-0.022910535
-0.02271143
-0.022563765
-0.022585195
-0.023024335
-0.023026805
-0.02297309
-0.023611455
-0.0233248
-0.022922815
-0.022818655
-0.023194915
-0.02295943
-0.02268658
-0.02325329
-0.02323547
-0.023408545
-0.022987925
-0.02316486
-0.02279508
-0.023019265
-0.02261753
-0.02300873
-0.023116435
-0.02267834
-0.023082855
-0.023171435
-0.022760315
-0.02287966
-0.02276166
-0.0227086
-0.022358685
-0.022958815
-0.02283819
-0.0227424
-0.023505395
-0.02262882
-0.023087095
-0.022576915
-0.022505935
-0.022807805
-0.0227308
-0.022845045
-0.02253648
-0.02260664
-0.02265969
-0.02258021
-0.022162535
-0.02339266
-0.022572575
-0.022486865
-0.02257092
-0.023006815
-0.02282582
-0.02281428
-0.022918895
-0.02246056
-0.022125365
-0.022754415
-0.02286399
-0.023059665
-0.022548415
-0.023011595
-0.02269139
-0.02274074
-0.022774445
-0.022660445
-0.02247305
-0.02271096
-0.022507665
-0.022670975
-0.02202485
-0.022349405
-0.02232917
-0.022389865
-0.02305155
-0.022337255
-0.02219547
-0.02304491
-0.02307733
-0.022444975
-0.022645535
-0.02245676
-0.02242347
-0.02252012
-0.02277884
-0.02236517
-0.0223171
-0.022475545
-0.02259629
-0.02262248
-0.022861885
-0.02251562
-0.02229008
-0.02225656
-0.02250641
-0.022473855
-0.022374155
-0.022626825
-0.022598975
-0.022991715
-0.0228286
-0.022449955
-0.02260159
-0.02265149
-0.02199337
-0.022617115
-0.022272395
-0.02249365
-0.022404465
-0.022400825
-0.022439105
-0.022289495
-0.022588755
-0.02252264
-0.02210698
-0.022837815
-0.022493715
-0.022648055
-0.022239375
-0.02246304
-0.022777525
-0.0222632
-0.02197357
-0.022427235
-0.022458365
-0.022782135
-0.02242791
-0.022335
-0.02216206
-0.022737055
-0.022103975
-0.022924665
-0.022107975
-0.02245136
-0.022382825
-0.02269035
-0.02227546
-0.022756685
-0.022377195
-0.022591455
-0.022311605
-0.022435045
-0.022180655
-0.02195286
-0.022466025
-0.02249132
-0.022003315
-0.022750835
-0.0224116
-0.022361765
-0.022279795
-0.022926225
-0.022473225
-0.02261898
-0.02264128
-0.0227035
-0.02313165
-0.022861265
-0.022441465
-0.02232173
-0.02241319
-0.02260415
-0.0221063
-0.022186935
-0.02236657
-0.022903565
-0.02244215
-0.02218117
-0.022282845
-0.02244849
-0.02242016
-0.021740685
-0.022233305
-0.02210787
-0.022587965
-0.022217455
-0.021855195
-0.021490225
-0.021555155
-0.02182858
-0.022103615
-0.0217063
-0.021367575
-0.021771335
-0.02140242
-0.02194233
-0.02204587
-0.02104593
-0.021940985
-0.02189563
-0.021343475
-0.0217633
-0.021822845
-0.021559865
-0.021659075
-0.021934175
-0.021874095
-0.02132499
-0.021363995
-0.02157319
-0.02129774
-0.021587085
-0.020940315
-0.02121563
-0.02090873
-0.021076605
-0.021577
-0.02122138
-0.021303725
-0.02079958
-0.02083069
-0.020939885
-0.021107185
-0.02072102
-0.02059088
-0.020404865
-0.020380285
-0.02024226
-0.02036037
-0.020427095
-0.020387925
-0.02036176
-0.02027191
-0.020028485
-0.01956548
-0.019838835
-0.019665355
-0.02037591
-0.0199291
-0.020218715
-0.0199038
-0.020230035
-0.019726005
-0.01944076
-0.01957289
-0.01985523
-0.019018185
-0.018572885
-0.01871255
-0.01928971
-0.018534615
-0.01897972
-0.01879892
-0.01864986
-0.018520225
-0.018423675
-0.018854225
-0.01853609
-0.018334255
-0.01800589
-0.01825926
-0.01848334
-0.01844759
-0.01794721
-0.01804493
-0.01793654
-0.01787976
-0.0179191
-0.01772066
-0.017522385
-0.017214345
-0.01783822
-0.01737006
-0.01719332
-0.017821775
-0.01739565
-0.01739855
-0.017141565
-0.01706075
-0.017578695
-0.017319725
-0.017268595
-0.017115795
-0.01663769
-0.01616995
-0.01710803
-0.0169482
-0.01740309
-0.01699506
-0.016812175
-0.0171764
-0.01666863
-0.016449085
-0.0167092
-0.016656935
-0.016328485
-0.016629025
-0.016661035
-0.016825305
-0.01635442
-0.016837565
-0.016496165
-0.01631773
-0.016685225
-0.01652542
-0.016115605
-0.01686013
-0.016457025
-0.016540615
-0.016394725
-0.01637733
-0.016297305
-0.01623494
-0.016051265
-0.016696465
-0.01629938
-0.01590589
-0.01621764
-0.01614837
-0.016374855
-0.016275885
-0.01650158
-0.01558514
-0.015879135
-0.01599951
-0.015978125
-0.015849595
-0.01559538
-0.015742015
-0.015513945
-0.01581564
-0.015533635
-0.01543031
-0.015024305
-0.0150798
-0.01517941
-0.01542092
-0.014899485
-0.01474024
-0.01494569
-0.015186995
-0.01465808
-0.014743535
-0.014389625
-0.014424825
-0.014476565
-0.014063455
-0.014484845
-0.014573855
-0.014981105
-0.014060265
-0.01441956
-0.014078535
-0.0139184
-0.01392048
-0.01403252
-0.01386245
-0.013945325
-0.01283579
-0.01363407
-0.01389787
-0.013327615
-0.013899995
-0.013882105
-0.013559295
-0.01349482
-0.013303365
-0.01317527
-0.01363003
-0.01411721
-0.013244295
-0.013233085
-0.01301048
-0.013290425
-0.012521995
-0.013156855
-0.012814345
-0.012615145
-0.01259859
-0.0128153
-0.01191745
-0.012948805
-0.01290158
-0.012643535
-0.012866665
-0.012535805
-0.0127481
-0.01258433
-0.01237324
-0.01212007
-0.01226916
-0.01297772
-0.012366215
-0.01246767
-0.012335605
-0.011939365
-0.012482545
-0.011989505
-0.01233764
-0.012274555
-0.0124157
-0.012079475
-0.01200851
-0.012032115
-0.0119571
-0.012017765
-0.011799695
-0.011634145
-0.011360225
-0.011277125
-0.01138941
-0.011432365
-0.011750515
-0.01110688
-0.010787755
-0.011472605
-0.01060934
-0.010597325
-0.010827605
-0.01122937
-0.010358235
-0.010519875
-0.010276785
-0.011123705
-0.01081323
-0.011041635
-0.01090811
-0.010329895
-0.0102233
-0.01024921
-0.010514895
-0.01000898
-0.010148955
-0.010242615
-0.010398745
-0.010192195
-0.01025383
-0.010335395
-0.01049115
-0.010494165
-0.01060365
-0.01046216
-0.01020244
-0.01025372
-0.010176155
-0.01001444
-0.010021815
-0.00966974
-0.010063935
-0.01001467
-0.0098015
-0.009635685
-0.00949902
-0.00930827
-0.008953435
-0.00896322
-0.00852306
-0.008280225
-0.008302545
-0.00849648
-0.007616145
-0.00756985
-0.007817185
-0.007918475
-0.00735635
-0.00749321
-0.00754764
-0.007906045
-0.007160635
-0.007241925
-0.007205735
-0.00706311
-0.00741043
-0.00673478
-0.00710131
-0.00689064
-0.007055775
-0.007158995
-0.006544705
-0.006517465
-0.006029405
-0.006459145
-0.00626812
-0.00622163
-0.005884495
-0.006134005
-0.006499855
-0.006578295
-0.005668005
-0.00625391
-0.006124645
-0.00572385
-0.006047485
-0.006063415
-0.00622697
-0.006418795
-0.006191955
-0.006027445
-0.00536618
-0.005854975
-0.006378555
-0.006215785
-0.006034655
-0.00611562
-0.00609344
-0.00560057
-0.00598995
-0.00563598
-0.00582977
-0.005577925
-0.006312675
-0.00565821
-0.00568935
-0.00614269
-0.00593184
-0.006217675
-0.00597432
-0.00610752
-0.006014825
-0.00591488
-0.006216265
-0.00571173
-0.00579537
-0.00579628
-0.005277205
-0.005252005
-0.005125895
-0.00554345
-0.005380625
-0.005169425
-0.00493738
-0.005545815
-0.005015005
-0.00519372
-0.00546021
-0.005164355
-0.00512454
-0.00507975
-0.00475762
-0.0046495
-0.00469394
-0.0042797
-0.00484126
-0.00451298
-0.004234075
-0.004071685
-0.004318465
-0.00444268
-0.004289055
-0.00391586
-0.00344345
-0.003195945
-0.003159375
-0.002946925
-0.002856655
-0.001705715
-0.00185763
-0.00133359
-0.001064205
-0.00052597
-0.000404595
9.652e-05
-0.00043052
0.00016182
8.1795e-05
0.00068252
0.000828785
0.001134705
0.001455255
0.00148752
0.001454545
0.00233885
0.00187917
0.00205965
0.00274114
0.002344905
0.002823555
0.00264543
0.002261415
0.00238922
0.00231753
0.00254192
0.00279763
0.002598785
0.001893675
0.00219922
0.00256731
0.00211089
0.002756825
0.002922735
0.002354465
0.0031929
0.00254534
0.00267631
0.002544875
0.002871125
0.003179335
0.00367876
0.003351265
0.003035925
0.00401973
0.003483775
0.00347643
0.00326023
0.0033012
0.003360645
0.00389583
0.00339003
0.003999375
0.0038046
0.003660675
0.003986175
0.00369483
0.00379187
0.004057025
0.00378973
0.004229885
0.00403381
0.004021745
0.0038911
0.0046439
0.0042867
0.00386578
0.004365345
0.003965915
0.00442349
0.00451057
0.00368196
0.003827785
0.00403201
0.00413981
0.00514284
0.004373405
0.004851285
0.005191865
0.004381275
0.00518013
0.005306705
0.00514976
0.0053568
0.00554494
0.005638285
0.005171915
0.00601375
0.0060948
0.005975285
0.00620669
0.00618326
0.006310885
0.00622787
0.006306465
0.006180945
0.005806705
0.00634924
0.006443195
0.005864575
0.006586475
0.006227605
0.006223275
0.006171465
0.006291355
0.005933705
0.00596539
0.00581123
0.006438145
0.00626516
0.00571586
0.006772405
0.006133365
0.00654366
0.00629362
0.0062163
0.00612909
0.006346995
0.006574995
0.006632665
0.006599575
0.005960975
0.006594865
0.006324545
0.006720905
0.006768275
0.00694184
0.00658228
0.006766745
0.00704216
0.00666741
0.007030025
0.00697898
0.006746455
0.006950825
0.00692303
0.00684399
0.006851555
0.00654881
0.006569325
0.007020555
0.00714305
0.0077104
0.00684546
0.0065761
0.00685159
0.007018895
0.007055965
0.00739077
0.00722975
0.00717865
0.00722569
0.007069115
0.007356335
0.007503585
0.00719247
0.006926195
0.007649955
0.00720449
0.007796415
0.00725317
0.007392665
0.007595785
0.007080335
0.00721807
0.007174895
0.00685962
0.007106625
0.007366635
0.00676116
0.007584855
0.007273445
0.007570115
0.00734825
0.007657095
0.007293595
0.00723875
0.00767521
0.0072709
0.007645995
0.00752191
0.007475855
0.007501135
0.00713978
0.007660355
0.007420455
0.007989565
0.007669765
0.00764518
0.00802797
0.00755029
0.007728275
0.00782537
0.007488295
0.00759069
0.007735575
0.007814875
0.008302
0.007550505
0.00808284
0.00755223
0.007819985
0.007757445
0.00752476
0.007502545
0.00768041
0.00750994
0.00744623
0.00804545
0.00781329
0.00789228
0.0082565
0.00794229
0.00790066
0.007783825
0.008187495
0.008116725
0.008000165
0.007803595
0.008032765
0.008643415
0.008295175
0.00849259
0.0085616
0.0085194
0.00866646
0.008236725
0.008340945
0.00860051
0.008748355
0.008469415
0.00861324
0.008522505
0.00879179
0.00861801
0.00933657
0.009183615
0.00921344
0.009243245
0.00951613
0.009861885
0.00953788
0.00921832
0.00985851
0.009762895
0.00980589
0.01000844
0.010402425
0.010140175
0.01051682
0.010475205
0.0104683
0.01112848
0.010719145
0.01071699
0.011064105
0.01134776
0.01073745
0.010995455
0.011719715
0.011499515
0.011309265
0.01101872
0.011392095
0.011513265
0.01161101
0.01182356
0.011775715
0.0118271
0.01186395
0.01181767
0.01200388
0.012310975
0.01206298
0.011912475
0.01164198
0.01178988
0.0116938
0.012118855
0.012438555
0.01180977
0.01202304
0.012210585
0.01197681
0.01209299
0.01243045
0.012082695
0.01188328
0.012538065
0.012422975
0.01266963
0.012379565
0.012337115
0.012308925
0.01239066
0.012315385
0.012722675
0.012977045
0.01348428
0.012464485
0.01237267
0.013163525
0.0129914
0.01243784
0.01286011
0.012521645
0.01292781
0.013231585
0.013335825
0.013331255
0.013174635
0.01287629
0.013144305
0.013006445
0.013436865
0.01361457
0.01313022
0.013491425
0.013208605
0.013137995
0.013361865
0.01310082
0.01357343
0.01291261
0.012781685
0.013488335
0.01375214
0.013692125
0.01347253
0.01384466
0.01396386
0.013786235
0.013927215
0.0131904
0.013447455
0.013878745
0.01362656
0.01347547
0.01383865
0.013364095
0.01373817
0.013927525
0.01362961
0.0137713
0.01362046
0.01352579
0.014302825
0.013829575
0.01473041
0.01428437
0.014402325
0.01491868
0.014767745
0.01475371
0.01474577
0.01529368
0.016086915
0.015593145
0.015533385
0.01511583
0.015165175
0.015955785
0.016026995
0.01582221
0.016318295
0.01619598
0.01609615
0.015963555
0.01618173
0.016444975
0.016462825
0.016459915
0.01659087
0.016165125
0.01626345
0.016971705
0.01686776
0.01687193
0.016423065
0.016203125
0.01597482
0.01657453
0.016928145
0.01693659
0.016892335
0.016950155
0.016934985
0.017278785
0.016732385
0.016741615
0.01682681
0.016228185
0.016450685
0.01691353
0.01638379
0.01705557
0.016787605
0.01742265
0.0168436
0.01705305
0.016702515
0.017023835
0.016991285
0.01704264
0.017224175
0.01729589
0.017157425
0.017488775
0.016937515
0.01726281
0.0170031
0.017566345
0.016888775
0.01693213
0.017488845
0.017977555
0.017970945
0.01753287
0.01705862
0.01710555
0.01754164
0.017480325
0.01798673
0.01783396
0.017731985
0.017808485
0.018250585
0.017086765
0.017976555
0.01750088
0.017714405
0.017668405
0.018057765
0.01751827
0.017782535
0.017838675
0.01802089
0.01792157
0.017858465
0.01814853
0.017872455
0.017594065
0.018005725
0.01794726
0.01804357
0.01796743
0.017837815
0.01751201
0.01798887
0.01764968
0.01830421
0.017889495
0.018226255
0.01796107
0.01778301
0.01804122
0.018115305
0.01867772
0.01774035
0.017810645
0.01781946
0.01825164
0.01778534
0.01822897
0.01776377
0.017668215
0.017834455
0.01851147
0.018507695
0.017922045
0.01812078
0.01793049
0.017966325
0.017449715
0.017977185
0.018025225
0.01809486
0.018174745
0.018286925
0.017648175
0.018229155
0.017983195
0.01761041
0.017916675
0.018173615
0.01801223
0.01804461
0.01853119
0.017836795
0.01763452
0.01799879
0.01785604
0.018145545
0.018487265
0.01841686
0.018507945
0.01799409
0.018205195
0.018750305
0.018598275
0.01870296
0.01847862
0.018548945
0.01831925
0.018439715
0.01845409
0.01787263
0.018278715
0.01840587
0.01805948
0.01846526
0.018369145
0.018275185
0.018603675
0.01853469
0.01882517
0.01863988
0.01847316
0.018639725
0.01844371
0.01884952
0.01876212
0.01882702
0.019226755
0.018286705
0.018483595
0.018184545
0.01866597
0.018900925
0.01869515
0.019508575
0.018574675
0.01822056
0.018366995
0.018875655
0.018350205
0.018041865
0.0185222
0.018766865
0.018515055
0.018514595
0.01880904
0.018555565
0.01832694
0.018835595
0.018660735
0.018251515
0.01829465
0.018187605
0.018505925
0.01918158
0.018826935
0.018534575
0.018735515
0.01901488
0.01886459
0.018777925
0.018355015
0.01849775
0.018666455
0.018388425
0.01869355
0.018827215
0.0189762
0.018556505
0.019221755
0.019246595
0.01885327
0.01854988
0.019064755
0.01836909
0.01866913
0.019389545
0.018889795
0.01865975
0.019505625
0.018848555
0.019249225
0.01920818
0.018841165
0.018662515
0.01917275
0.01904107
0.01911822
0.019199205
0.019104165
0.0193354
0.019342025
0.018789725
0.01904553
0.01920247
0.018914585
0.019490655
0.019744765
0.01947421
0.01952206
0.01947232
0.018754915
0.018734915
0.01959299
0.019388125
0.019187475
0.01974116
0.019842125
0.018896435
0.01917274
0.019697105
0.01944003
0.018386965
0.01927043
0.019269115
0.01919439
0.019372925
0.019099185
0.019587965
0.019273945
0.018859585
0.01919169
0.0194065
0.019639815
0.019848135
0.019246235
0.018988215
0.019374575
0.0194513
0.01899722
0.019086095
0.018910645
0.019486035
0.0189838
0.01903068
0.01918355
0.018970265
0.018847215
0.019363895
0.018783
0.018949055
0.01929348
0.018861125
0.019121145
0.019338335
0.01910227
0.01901835
0.018843015
0.018973105
0.01961263
0.01933283
0.019574265
0.01900048
0.01911665
0.019439125
0.01936122
0.01888554
0.018999745
0.018854045
0.019453395
0.01919574
0.0190831
0.019600825
0.019237845
0.01921958
0.019352165
0.01919003
0.01935433
0.01928768
0.01904558
0.01935027
0.019401935
0.018937045
0.01882557
0.01907248
0.01931672
0.019130055
0.019555105
0.01878722
0.01961738
0.01958521
0.019885685
0.019028335
0.01971946
0.01998441
0.019256165
0.01984116
0.019014795
0.019830745
0.019427465
0.018914155
0.019614315
0.019572065
0.01950471
0.01944481
0.019559565
0.01915254
0.01989094
0.0192243
0.01971165
0.019278055
0.019342015
0.01890808
0.018827935
0.01929863
0.01966872
0.019578245
0.019686035
0.019363735
0.01994289
0.019512855
0.01937473
0.01950196
0.019817835
0.01983278
0.01920434
0.0197827
0.019737755
0.019277385
0.019776185
0.020135035
0.019842115
0.019807005
0.019367165
0.019168445
0.01914826
0.019160035
0.01967706
0.019195005
0.019257595
0.019561075
0.0201319
0.01900868
0.019380215
0.01920848
0.019888385
0.019452415
0.019766965
0.01954408
0.019567775
0.01941124
0.019949595
0.01912261
0.01944983
0.019548005
0.019564015
0.019527775
0.019129885
0.019641705
0.02002963
0.01958375
0.01897724
0.019572885
0.01971103
0.020010335
0.01988827
0.01913589
0.020028145
0.019584245
0.02003536
0.01962025
0.01969855
0.020315195
0.020375895
0.020099155
0.020059095
0.020266065
0.020007915
0.020110875
0.020059915
0.01987852
0.01983995
0.02026938
0.01992537
0.02037335
0.02050359
0.019930145
0.02006482
0.020209595
0.019967685
0.020251675
0.020159825
0.02043222
0.020549185
0.020950605
0.020392345
0.02032447
0.020434775
0.02047306
0.02029035
0.020318265
0.020149215
0.02056758
0.020361335
0.02061743
0.02076093
0.02074733
0.02046961
0.020799325
0.02015279
0.020737455
0.02025945
0.02035237
0.02077908
0.020493335
0.02096106
0.02027373
0.020580985
0.02076365
0.02095315
0.020851345
0.02031704
0.020430295
0.02026748
0.02049117
0.02034673
0.02029241
0.020509575
0.01997591
0.020302145
0.02000719
0.020154175
0.02008764
0.020488835
0.020412375
0.020694445
0.02041399
0.02067208
0.02047587
0.02007578
0.02071667
0.020652965
0.020567005
0.02136735
0.02061175
0.020381695
0.020810105
0.020587275
0.020546685
0.020525995
0.020205375
0.02041234
0.020152305
0.020684605
0.020491845
0.020374
0.0203669
0.0204868
0.019900715
0.01994726
0.02109588
0.02028316
0.020272165
0.020946975
0.020626715
0.02054734
0.020162225
0.020550755
0.020821665
0.02051711
0.020849135
0.02050178
0.02085162
0.02072809
0.020977785
0.020660995
0.02050265
0.020291445
0.020911075
0.02043618
0.020009645
0.02075141
0.02001451
0.02046932
0.02067042
0.019767345
0.020356615
0.01989069
0.020596215
0.02008386
0.020212755
0.02062085
0.02085933
0.02067648
0.02051252
0.02061248
0.020580105
0.020309115
0.020630855
0.020371065
0.02001945
0.02024594
0.02042001
0.02014584
0.020387855
0.02051694
0.02043284
0.02056794
0.020588885
0.020551895
0.02036104
0.02081543
0.021178075
0.020667575
0.02096532
0.02033518
0.020701495
0.020870765
0.0209811
0.0202785
0.02066154
0.02055776
0.02091837
0.02031231
0.020709075
0.021104825
0.020926355
0.020940455
0.02083497
0.0208516
0.020673245
0.02075368
0.020375915
0.02089797
0.0215129
0.020937355
0.02084889
0.020586835
0.020271965
0.020704225
0.02053939
0.021070785
0.021253695
0.02103131
0.02081956
0.02098672
0.02093674
0.02096807
0.020893105
0.02072923
0.020621565
0.020660035
0.020624705
0.021232345
0.021049665
0.020814515
0.020901215
0.020305385
0.020851505
0.02097866
0.02112369
0.02131445
0.02081257
0.02107512
0.021541385
0.021513575
0.02048477
0.02044654
0.02085271
0.02069016
0.021177685
0.020498535
0.02116526
0.02089113
0.020967915
0.02142534
0.02096152
0.020443795
0.02047397
0.02056751
0.021100325
0.02107779
0.020687215
0.021131315
0.02110249
0.021035265
0.02130601
0.020892635
0.02079732
0.02112909
0.0209414
0.0210164
0.02145308
0.02115606
0.02148277
0.020966325
0.021079045
0.021103825
0.021591105
0.0213474
0.02126282
0.0212417
0.02150841
0.021348155
0.021415165
0.02072927
0.02075092
0.02156034
0.021282965
0.021124015
0.02132415
0.02142155
0.02174368
0.020952455
0.021255825
0.021380825
0.02089545
0.02081271
0.021161755
0.021012185
0.0210903
0.020803605
0.02091613
0.020959325
0.021521125
0.020743
0.02115725
0.020931155
0.020634345
0.02068726
0.02119462
0.02121711
0.020904525
0.02141477
0.02082874
0.020720065
0.021217465
0.021297385
0.02056727
0.021437845
0.02112123
0.02105434
0.02093121
0.021450185
