-0.104837
-0.103902
-0.098385
-0.095013
-0.092861
-0.086619
-0.086619
-0.085331
-0.082937
-0.080224
-0.079394
-0.073889
-0.072256
-0.071784
-0.067895
-0.067895
-0.067895
-0.067652
-0.065198
-0.064124
-0.061077
-0.061077
-0.060564
-0.056555
-0.054856
-0.054856
-0.054856
-0.054856
-0.054449
-0.05356
-0.05356
-0.051949
-0.0505
-0.0505
-0.0505
-0.04903
-0.04903
-0.045825
-0.045825
-0.043936
-0.042175
-0.042175
-0.042175
-0.042175
-0.042175
-0.040999
-0.03972
-0.038897
-0.038897
-0.038416
-0.038085
-0.038085
-0.038085
-0.038085
-0.037456
-0.037456
-0.037456
-0.034799
-0.034799
-0.034799
-0.03171
-0.03171
-0.03171
-0.03171
-0.03171
-0.03171
-0.03171
-0.03171
-0.03171
-0.03171
-0.03171
-0.03171
-0.03171
-0.03171
-0.03171
-0.03171
-0.03171
-0.03171
-0.03171
-0.03171
-0.03171
-0.03171
-0.03171
-0.03171
-0.03171
-0.03171
-0.03171
-0.031132
-0.028849
-0.028849
-0.028849
-0.028849
-0.028849
-0.028849
-0.028849
-0.028849
-0.028849
-0.028849
-0.028849
-0.028849
-0.028383
-0.028373
-0.028373
-0.027532
-0.024881
-0.024881
-0.024534
-0.024534
-0.024534
-0.024534
-0.024534
-0.024534
-0.024534
-0.024534
-0.024534
-0.024534
-0.024534
-0.024534
-0.024534
-0.024476
-0.024476
-0.024476
-0.024476
-0.024476
-0.024476
-0.024476
-0.024476
-0.024476
-0.024476
-0.024476
-0.024476
-0.024476
-0.024476
-0.024476
-0.024476
-0.024476
-0.024476
-0.024476
-0.024476
-0.024476
-0.022969
-0.022969
-0.022969
-0.022969
-0.022969
-0.022969
-0.022969
-0.022969
-0.022969
-0.022969
-0.022969
-0.022969
-0.022969
-0.022969
-0.022969
-0.022969
-0.022969
-0.022969
-0.022969
-0.022969
-0.022969
-0.022969
-0.022969
-0.022969
-0.022969
-0.022969
-0.022969
-0.022969
-0.022969
-0.022969
-0.022969
-0.022969
-0.022969
-0.022969
-0.022969
-0.022969
-0.022969
-0.022969
-0.022969
-0.022969
-0.022969
-0.022969
-0.022969
-0.022969
-0.022969
-0.022969
-0.022969
-0.022969
-0.022969
-0.022969
-0.022969
-0.022969
-0.022969
-0.022969
-0.022969
-0.022969
-0.022969
-0.022969
-0.022969
-0.022969
-0.022969
-0.022969
-0.022225
-0.022225
-0.022225
-0.022225
-0.022225
-0.022225
-0.022225
-0.022225
-0.022225
-0.021641
-0.021641
-0.021641
-0.021641
-0.021641
-0.021641
-0.021484
-0.021484
-0.021484
-0.020655
-0.020655
-0.020623
-0.020623
-0.018088
-0.016652
-0.016652
-0.016652
-0.016652
-0.016652
-0.016652
-0.016652
-0.016652
-0.016652
-0.016652
-0.016652
-0.016652
-0.016652
-0.016652
-0.016652
-0.015823
-0.015585
-0.015585
-0.015585
-0.015585
-0.015585
-0.015585
-0.015585
-0.015585
-0.015585
-0.015585
-0.015585
-0.01101
-0.01101
-0.01101
-0.01101
-0.01101
-0.01101
-0.01101
-0.01101
-0.01101
-0.01101
-0.01101
-0.01101
-0.01101
-0.01101
-0.01101
-0.01101
-0.01101
-0.01101
-0.01101
-0.01101
-0.01101
-0.01101
-0.01101
-0.01101
-0.01101
-0.01101
-0.01101
-0.01101
-0.01101
-0.01101
-0.01101
-0.01101
-0.01101
-0.01101
-0.01101
-0.01101
-0.01101
-0.01101
-0.01101
-0.01101
-0.01101
-0.01101
-0.01101
-0.01101
-0.01101
-0.01101
-0.01101
-0.01101
-0.01101
-0.01101
-0.01101
-0.01101
-0.01101
-0.01101
-0.01101
-0.01101
-0.01101
-0.01101
-0.01101
-0.01101
-0.01101
-0.01101
-0.01101
-0.01101
-0.01101
-0.01101
-0.01101
-0.01101
-0.01101
-0.01101
-0.01101
-0.01101
-0.01101
-0.01101
-0.01101
-0.01101
-0.01101
-0.01101
-0.01101
-0.01101
-0.01101
-0.01101
-0.01101
-0.01101
-0.01101
-0.01101
-0.01101
-0.01101
-0.01101
-0.01101
-0.01101
-0.01101
-0.01101
-0.01101
-0.01101
-0.01101
-0.01101
-0.01101
-0.01101
-0.01101
-0.01101
-0.01101
-0.01101
-0.01101
-0.01101
-0.01101
-0.01101
-0.01101
-0.01101
-0.01101
-0.01101
-0.01101
-0.01101
-0.01101
-0.01101
-0.01101
-0.01101
-0.01101
-0.01101
-0.01101
-0.01101
-0.01101
-0.01101
-0.01101
-0.01101
-0.01101
-0.01101
-0.01101
-0.010658
-0.010658
-0.010658
-0.010658
-0.010658
-0.010658
-0.010658
-0.010658
-0.010658
-0.010658
-0.010658
-0.010658
-0.010658
-0.010658
-0.010658
-0.010658
-0.010658
-0.010658
-0.010658
-0.010658
-0.010658
-0.010658
-0.010658
-0.010658
-0.010658
-0.010658
-0.010658
-0.010658
-0.010658
-0.010658
-0.010658
-0.010658
-0.010658
-0.010658
-0.010658
-0.010658
-0.010658
-0.010658
-0.010658
-0.010658
-0.010658
-0.010658
-0.010658
-0.010658
-0.010658
-0.010658
-0.010658
-0.010658
-0.010658
-0.010658
-0.010658
-0.010658
-0.010658
-0.010658
-0.010658
-0.010658
-0.010658
-0.010658
-0.010658
-0.010658
-0.010658
-0.010658
-0.010658
-0.010658
-0.010658
-0.010658
-0.010658
-0.010658
-0.010658
-0.010658
-0.010658
-0.010658
-0.010658
-0.010658
-0.010658
-0.010658
-0.010658
-0.010658
-0.010658
-0.010658
-0.010658
-0.010658
-0.010658
-0.010658
-0.010658
-0.010658
-0.010658
-0.010658
-0.010658
-0.010658
-0.010658
-0.010658
-0.010658
-0.010658
-0.010658
-0.010658
-0.010658
-0.010658
-0.010658
-0.010658
-0.010658
-0.010658
-0.010658
-0.010658
-0.010658
-0.010658
-0.010658
-0.010658
-0.010658
-0.010658
-0.010658
-0.010658
-0.010658
-0.010658
-0.010658
-0.010658
-0.010658
-0.010658
-0.010658
-0.010658
-0.010658
-0.010658
-0.010658
-0.010658
-0.010658
-0.010658
-0.010658
-0.010658
-0.010658
-0.010658
-0.010658
-0.010658
-0.010658
-0.010658
-0.010658
-0.010658
-0.010658
-0.010658
-0.010658
-0.010658
-0.010658
-0.010658
-0.010658
-0.010658
-0.010658
-0.010658
-0.010658
-0.010658
-0.010658
-0.010658
-0.010658
-0.010658
-0.010658
-0.010658
-0.010658
-0.010658
-0.010658
-0.010658
-0.010658
-0.010658
-0.010658
-0.010658
-0.010658
-0.010658
-0.010658
-0.010658
-0.010658
-0.010658
-0.010658
-0.010658
-0.010658
-0.010658
-0.010658
-0.010658
-0.010658
-0.010658
-0.010658
-0.010658
-0.010658
-0.010658
-0.010658
-0.010658
-0.010658
-0.010658
-0.010658
-0.010658
-0.010658
-0.010658
-0.010658
-0.010658
-0.010658
-0.010658
-0.010658
-0.010658
-0.010658
-0.010658
-0.010658
-0.010658
-0.010658
-0.010658
-0.010658
-0.010658
-0.010658
-0.010658
-0.010658
-0.010658
-0.010658
-0.010658
-0.010658
-0.010658
-0.010658
-0.010658
-0.010658
-0.010658
-0.010658
-0.010658
-0.010658
-0.010658
-0.010658
-0.010658
-0.010658
-0.010658
-0.010658
-0.010658
-0.010658
-0.010658
-0.010658
-0.010658
-0.010658
-0.010021
-0.010021
-0.009937
-0.009937
-0.009937
-0.009937
-0.009937
-0.009937
-0.009937
-0.009937
-0.009937
-0.009937
-0.009937
-0.009937
-0.008853
-0.008853
-0.008853
-0.008853
-0.008853
-0.008853
-0.008853
-0.008853
-0.008853
-0.008853
-0.008853
-0.008853
-0.008853
-0.008853
-0.008853
-0.008853
-0.008853
-0.008853
-0.008853
-0.008853
-0.008853
-0.008853
-0.008853
-0.008853
-0.008853
-0.008853
-0.008853
-0.008853
-0.008853
-0.008853
-0.008853
-0.008853
-0.008853
-0.008853
-0.008853
-0.008853
-0.008853
-0.008853
-0.008853
-0.008853
-0.008853
-0.008853
-0.008853
-0.008853
-0.008853
-0.008853
-0.008853
-0.008853
-0.008853
-0.008853
-0.008738
-0.008738
-0.008738
-0.008738
-0.008738
-0.008738
-0.008738
-0.008218
-0.008218
-0.008218
-0.008218
-0.008218
-0.005504
-0.005504
-0.005504
-0.005504
-0.005504
-0.005504
-0.005504
-0.005504
-0.005504
-0.005504
-0.005504
-0.005504
-0.005504
-0.005504
-0.005504
-0.005504
-0.005504
-0.005504
-0.005504
-0.005504
-0.005504
-0.005504
-0.005504
-0.003741
-0.003741
-0.003741
-0.003741
-0.003741
-0.003741
-0.003741
-0.003741
-0.003741
-0.003741
-0.003741
-0.003741
-0.003741
-0.003741
-0.003741
-0.003741
-0.003741
-0.003741
-0.003741
-0.003741
-0.003741
-0.003741
-0.003741
-0.003741
-0.003741
-0.003741
-0.003741
-0.003741
-0.003741
-0.003741
-0.003741
-0.003741
-0.003741
-0.003741
-0.003741
-0.003741
-0.003526
-0.003526
-0.003526
-0.003526
-0.003526
-0.003526
-0.003526
-0.003526
-0.003526
-0.003405
-0.003405
-0.003405
-0.003405
-0.003405
-0.003405
-0.003405
-0.003405
-0.003405
-0.003405
-0.003405
-0.003405
-0.003405
-0.003405
-0.003405
-0.003405
-0.003405
-0.003405
-0.003405
-0.003405
-0.003405
-0.003405
-0.003405
-0.003405
-0.003405
-0.003405
-0.002909
-0.002909
-0.002909
-0.002909
-0.002909
-0.002909
-0.002909
-0.002909
-0.001702
-0.001702
-0.001702
-0.001702
-0.001702
-0.001702
-0.001489
-0.001489
-0.001489
-0.001489
-0.001489
-0.001489
-0.001489
-0.001489
-0.001489
-0.001489
-0.001489
-0.000714
-0.000714
-0.000714
-0.000714
-0.000714
-0.000714
-0.000714
-0.000714
-0.000714
-0.000714
-0.000714
-0.000714
-0.000714
-0.000714
-0.000714
-0.000714
-0.000714
-0.000714
-0.000714
-0.000714
-0.000714
-0.000714
-0.000714
-0.000714
-0.000714
-0.000263
-0.000263
0.000468
0.000468
0.000468
0.000468
0.000468
0.000468
0.000468
0.000468
0.000468
0.000468
0.000468
0.00205
0.00205
0.00205
0.00205
0.00205
0.00205
0.00205
0.00205
0.00205
0.00205
0.00205
0.00205
0.00205
0.00205
0.00205
0.00205
0.00205
0.00205
0.00205
0.00205
0.00205
0.00205
0.00205
0.00205
0.00205
0.00205
0.00205
0.00205
0.003217
0.003217
0.003217
0.003217
0.003217
0.003217
0.003217
0.003217
0.003237
0.003237
0.003237
0.003237
0.003258
0.003258
0.003258
0.003258
0.003258
0.004193
0.004193
0.005019
0.005019
0.005019
0.005019
0.005019
0.005019
0.006233
0.006233
0.006233
0.006233
0.006233
0.006233
0.006233
0.006233
0.006233
0.006233
0.006233
0.006233
0.006233
0.006233
0.006233
0.006233
0.006233
0.006233
0.006233
0.006233
0.006233
0.006233
0.006233
0.006233
0.006233
0.006233
0.006233
0.006233
0.006233
0.006233
0.006233
0.006233
0.006233
0.006233
0.006233
0.006233
0.006233
0.006233
0.006233
0.006233
0.006233
0.006233
0.006233
0.006233
0.006233
0.006233
0.006233
0.006233
0.006233
0.006233
0.006233
0.006233
0.006233
0.006233
0.006233
0.006233
0.006233
0.006233
0.006233
0.006233
0.006233
0.006233
0.006233
0.006233
0.007319
0.007441
0.007441
0.007937
0.007937
0.007937
0.007937
0.007967
0.007967
0.007967
0.008087
0.008087
0.008087
0.011617
0.011681
0.011681
0.011681
0.011681
0.011681
0.011681
0.011681
0.011681
0.011681
0.011681
0.011681
0.011681
0.011681
0.01587
0.01587
0.01587
0.01587
0.01587
0.01587
0.01587
0.01587
0.01587
0.01587
0.01587
0.01587
0.01587
0.01587
0.01587
0.01587
0.01587
0.01587
0.01587
0.01587
0.01587
0.01587
0.01587
0.01587
0.01587
0.01587
0.01587
0.01587
0.01587
0.01587
0.01587
0.01587
0.01587
0.01587
0.01587
0.01587
0.01587
0.01587
0.01587
0.01587
0.01587
0.01587
0.01587
0.01587
0.01587
0.01587
0.01587
0.01587
0.01587
0.01587
0.01587
0.01587
0.01587
0.01587
0.01587
0.01587
0.01587
0.01587
0.015898
0.015898
0.015898
0.016737
0.016737
0.016737
0.016737
0.016737
0.016737
0.016737
0.016737
0.016737
0.016737
0.016737
0.017516
0.017516
0.017516
0.017516
0.017516
0.017516
0.017516
0.017516
0.017516
0.017516
0.017516
0.017516
0.017516
0.017516
0.017516
0.017516
0.017516
0.017516
0.017516
0.017516
0.017516
0.017516
0.017516
0.017516
0.017516
0.017516
0.017516
0.017516
0.017516
0.017516
0.017516
0.017516
0.017516
0.017899
0.017899
0.017899
0.017899
0.017899
0.019023
0.019023
0.019023
0.019023
0.019023
0.019023
0.019023
0.019023
0.019023
0.019023
0.019023
0.019023
0.019023
0.019023
0.019023
0.019023
0.019023
0.019023
0.019023
0.019023
0.019023
0.019023
0.019023
0.019023
0.019023
0.019023
0.019023
0.019023
0.019023
0.019023
0.019023
0.019023
0.019023
0.019023
0.019023
0.019023
0.019023
0.019023
0.019023
0.019023
0.019023
0.019023
0.019023
0.019023
0.019023
0.019023
0.019023
0.019023
0.019023
0.019023
0.019023
0.019023
0.019023
0.019023
0.019023
0.019023
0.019023
0.019023
0.019023
0.019023
0.019023
0.019023
0.019023
0.019023
0.019023
0.019023
0.019023
0.019023
0.019023
0.019023
0.019023
0.019023
0.019023
0.019023
0.019023
0.019023
0.019023
0.019023
0.019023
0.019023
0.019023
0.019023
0.019023
0.019023
0.019023
0.019023
0.019023
0.019023
0.020914
0.020914
0.020914
0.020914
0.021482
0.021482
0.021482
0.021482
0.021482
0.021482
0.021482
0.021482
0.021482
0.021482
0.021482
0.021482
0.021482
0.021482
0.021482
0.021482
0.021482
0.021482
0.021482
0.022116
0.022116
0.022116
0.022116
0.022116
0.022116
0.022116
0.022116
0.022116
0.022116
0.022116
0.022116
0.022116
0.022116
0.022116
0.022116
0.022139
0.023263
0.023263
0.023263
0.023263
0.023263
0.023263
0.023263
0.023263
0.023326
0.023326
0.023326
0.023326
0.023326
0.023326
0.023326
0.023326
0.023326
0.023326
0.023326
0.023326
0.023326
0.023326
0.023326
0.023326
0.023326
0.023326
0.023326
0.023326
0.023326
0.023326
0.023326
0.023326
0.023326
0.023326
0.023326
0.023326
0.023326
0.024064
0.024064
0.024064
0.024064
0.024064
0.024064
0.024064
0.024064
0.024064
0.024064
0.024064
0.024064
0.024064
0.024064
0.024064
0.024064
0.024064
0.024064
0.024064
0.024064
0.024785
0.024785
0.024785
0.024785
0.024785
0.024785
0.02504
0.02504
0.02504
0.02504
0.02504
0.02504
0.02504
0.02504
0.02504
0.02504
0.02504
0.02504
0.02504
0.02504
0.02504
0.02504
0.02504
0.02504
0.02504
0.02504
0.02504
0.02504
0.02504
0.02504
0.02504
0.02504
0.025515
0.028257
0.028257
0.028257
0.028257
0.028257
0.028257
0.028257
0.028257
0.028257
0.028257
0.030296
0.030296
0.030296
0.030296
0.030296
0.030296
0.030296
0.030296
0.030296
0.030296
0.030296
0.030296
0.030296
0.030296
0.030296
0.030296
0.030296
0.030296
0.030296
0.030296
0.030296
0.030296
0.030296
0.030296
0.030296
0.030296
0.030296
0.030296
0.030296
0.030296
0.030296
0.030296
0.030296
0.030296
0.030296
0.030296
0.030296
0.030296
0.030296
0.030296
0.030296
0.030296
0.030296
0.030296
0.030296
0.030296
0.030296
0.030296
0.030296
0.030296
0.030296
0.030296
0.030296
0.030296
0.030296
0.030296
0.030296
0.030296
0.030296
0.030296
0.030296
0.030296
0.030296
0.030296
0.030296
0.030296
0.030296
0.030296
0.030296
0.030296
0.030296
0.030654
0.030654
0.030654
0.030654
0.030654
0.030654
0.030654
0.030654
0.030654
0.030654
0.030654
0.030654
0.030654
0.030654
0.030654
0.030654
0.030654
0.030654
0.030654
0.030654
0.030654
0.030654
0.030654
0.030654
0.030654
0.030654
0.030654
0.030654
0.030654
0.030654
0.030654
0.030654
0.030654
0.030654
0.030654
0.030654
0.030654
0.030654
0.030654
0.030654
0.030654
0.030654
0.030654
0.030654
0.030654
0.030654
0.030654
0.030654
0.030654
0.030654
0.030654
0.030654
0.030654
0.030654
0.030654
0.030654
0.030654
0.030654
0.030654
0.030654
0.030654
0.030654
0.030654
0.030654
0.030654
0.030654
0.030654
0.030654
0.030654
0.030654
0.030654
0.030654
0.030654
0.030654
0.030654
0.030654
0.030654
0.030654
0.030654
0.030654
0.030654
0.030654
0.030654
0.030654
0.030654
0.030654
0.030654
0.030654
0.030654
0.030654
0.030654
0.030654
0.030654
0.030654
0.030654
0.030654
0.030654
0.030654
0.030654
0.030654
0.030654
0.030654
0.030654
0.030654
0.030654
0.030654
0.030654
0.030654
0.030654
0.030654
0.030654
0.030654
0.030654
0.030654
0.030654
0.030654
0.030654
0.030654
0.030654
0.030654
0.030654
0.030654
0.030654
0.030654
0.030654
0.030654
0.030654
0.030654
0.030654
0.030654
0.030654
0.030654
0.030654
0.030654
0.030654
0.030654
0.030654
0.030654
0.030654
0.030654
0.030654
0.030654
0.030654
0.030654
0.030654
0.030654
0.030654
0.030654
0.030654
0.030654
0.030654
0.030654
0.030654
0.030654
0.030654
0.030654
0.030654
0.030654
0.030654
0.030654
0.030654
0.030654
0.030654
0.030654
0.030654
0.030654
0.030654
0.030654
0.030654
0.030654
0.030654
0.030654
0.03215
0.03215
0.03215
0.03215
0.03215
0.03215
0.03215
0.03215
0.03215
0.03215
0.03215
0.03215
0.03215
0.03215
0.03215
0.03215
0.03215
0.03215
0.03215
0.03215
0.03215
0.03215
0.03215
0.03215
0.03215
0.03215
0.03215
0.03215
0.03215
0.03215
0.03215
0.03215
0.03215
0.03215
0.03215
0.03215
0.03215
0.03215
0.03215
0.03215
0.03215
0.03215
0.03215
0.03215
0.03215
0.03215
0.03215
0.03215
0.03215
0.03215
0.03215
0.03215
0.03215
0.03215
0.03215
0.03215
0.03215
0.03215
0.03215
0.03215
0.03215
0.03215
0.03215
0.03215
0.03215
0.03215
0.03215
0.03215
0.03215
0.03215
0.03215
0.03215
0.03215
0.03215
0.03215
0.03215
0.03215
0.03215
0.03215
0.03215
0.03215
0.03215
0.03215
0.03215
0.03215
0.03215
0.03215
0.03215
0.03215
0.03215
0.03215
0.03215
0.03215
0.03215
0.03215
0.03215
0.03215
0.03215
0.03215
0.03215
0.03215
0.03215
0.03215
0.03215
0.03215
0.03215
0.03215
0.03215
0.03215
0.032899
0.032899
0.032899
0.032899
0.032899
0.032899
0.032899
0.032899
0.032899
0.032899
0.032899
0.032899
0.032899
0.032899
0.032899
0.032899
0.032899
0.032899
0.032899
0.032899
0.032899
0.032899
0.032899
0.032899
0.032899
0.032899
0.032899
0.032899
0.032899
0.032899
0.032899
0.032899
0.032899
0.032899
0.032899
0.032899
0.032899
0.032899
0.032899
0.032899
0.032899
0.032899
0.032899
0.032899
0.032899
0.032899
0.032899
0.032899
0.032899
0.032899
0.032899
0.032899
0.032899
0.032899
0.032899
0.032899
0.032899
0.032899
0.032899
0.032899
0.032899
0.032899
0.032899
0.032899
0.032899
0.032899
0.032899
0.032899
0.032899
0.032899
0.032899
0.032899
0.032899
0.032899
0.032899
0.032899
0.032899
0.032899
0.032899
0.032899
0.032899
0.032899
0.032899
0.032899
0.032899
0.032899
0.032899
0.032899
0.032899
0.032899
0.032899
0.032899
0.032899
0.032899
0.032899
0.032899
0.032899
0.032899
0.032899
0.032899
0.032899
0.032899
0.032899
0.032899
0.032899
0.032899
0.032899
0.032899
0.032899
0.032899
0.032899
0.032899
0.032899
0.032899
0.032899
0.032899
0.032899
0.032899
0.032899
0.032899
0.032899
0.032899
0.032899
0.032899
0.032899
0.032899
0.032899
0.032899
0.032899
0.032899
0.032899
0.032899
0.032899
0.032899
0.032899
0.032899
0.032899
0.032899
0.032899
0.032899
0.032899
0.032899
0.032899
0.032899
0.032899
0.032899
0.032899
0.032899
0.032899
0.032899
0.032899
0.032899
0.032899
0.032899
0.032899
0.032899
0.032899
0.032899
0.032899
0.032899
0.032899
0.032899
0.032899
0.032899
0.032899
0.032899
0.032899
0.032899
0.032899
0.032899
0.032899
0.032899
0.032899
0.032899
0.032899
0.032899
0.032899
0.032899
0.032899
0.032899
0.032899
0.032899
0.032899
0.032899
0.032899
0.032899
0.032899
0.032899
0.032899
0.032899
0.032899
0.032899
0.032899
0.032899
0.032899
0.032899
0.032899
0.032899
0.032899
0.032899
0.032899
0.032899
0.032899
0.032899
0.032899
0.032899
0.032899
0.032899
0.032899
0.032899
0.032899
0.032899
0.032899
0.032899
0.032899
0.032899
0.032899
0.032899
0.032899
0.032899
0.032899
0.032899
0.032899
0.032899
0.032899
0.032899
0.032899
0.032899
0.032899
0.032899
0.032899
0.032899
0.032899
0.032899
0.032899
0.032899
0.032899
0.032899
0.032899
0.032899
0.032899
0.032899
0.032899
0.032899
0.032899
0.032899
0.032899
0.032899
0.032899
0.032899
0.032899
0.032899
0.032899
0.032899
0.032899
0.032899
0.032899
0.032899
0.032899
0.032899
0.032899
0.032899
0.032899
0.032899
0.032899
0.032899
0.032899
0.032899
0.032899
0.032899
0.033799
0.033799
0.033799
0.033799
0.033799
0.033799
0.033799
0.033799
0.033799
0.033799
0.033799
0.033799
0.033799
0.033799
0.033799
0.033799
0.033799
0.033799
0.033799
0.033799
0.033799
0.033799
0.033799
0.033799
0.033799
0.033799
0.033799
0.033799
0.033799
0.033799
0.033799
0.033799
0.033799
0.033799
0.033799
0.033799
0.033799
0.033799
0.033799
0.033799
0.033799
0.033799
0.033799
0.033799
0.033799
0.033799
0.033799
0.033799
0.033799
0.033799
0.033799
0.033799
0.033799
0.033799
0.033799
