-0.136092
-0.125319
-0.121755
-0.114723
-0.112957
-0.111464
-0.107802
-0.104237
-0.101264
-0.102593
-0.098557
-0.094189
-0.094568
-0.092601
-0.08827
-0.086809
-0.093612
-0.084156
-0.085777
-0.083021
-0.082648
-0.083878
-0.081091
-0.078583
-0.07766
-0.074616
-0.073451
-0.075213
-0.07698
-0.073707
-0.07537
-0.072242
-0.070726
-0.071472
-0.071154
-0.070672
-0.068106
-0.068658
-0.068972
-0.066425
-0.064019
-0.064812
-0.064561
-0.065751
-0.063143
-0.062489
-0.061617
-0.058192
-0.064643
-0.058104
-0.059422
-0.057824
-0.058253
-0.057847
-0.05942
-0.057944
-0.062609
-0.05856
-0.057579
-0.056695
-0.057118
-0.057834
-0.055809
-0.054452
-0.056412
-0.060614
-0.054004
-0.053791
-0.053504
-0.0542
-0.054758
-0.053066
-0.053107
-0.056332
-0.057214
-0.053402
-0.05324
-0.052704
-0.053738
-0.055336
-0.05491
-0.052603
-0.054738
-0.051743
-0.052969
-0.052342
-0.052058
-0.051773
-0.049151
-0.054077
-0.053453
-0.055755
-0.0541
-0.048918
-0.056029
-0.053656
-0.054226
-0.052448
-0.053865
-0.050574
-0.053504
-0.052619
-0.05075
-0.049048
-0.050713
-0.052353
-0.048876
-0.048868
-0.049113
-0.049563
-0.050236
-0.048892
-0.046822
-0.051757
-0.049583
-0.050702
-0.047859
-0.050001
-0.045335
-0.046743
-0.047709
-0.047419
-0.047871
-0.046465
-0.046014
-0.04393
-0.049213
-0.049207
-0.046309
-0.048966
-0.047378
-0.047186
-0.046587
-0.04574
-0.044055
-0.044046
-0.045195
-0.045035
-0.046383
-0.047156
-0.045847
-0.043114
-0.045217
-0.046004
-0.044815
-0.046518
-0.045441
-0.047981
-0.047804
-0.044494
-0.046129
-0.045142
-0.045581
-0.047407
-0.045356
-0.049329
-0.047202
-0.045834
-0.043922
-0.043149
-0.045201
-0.047601
-0.04758
-0.045151
-0.046078
-0.04448
-0.046109
-0.045695
-0.045649
-0.04541
-0.049928
-0.044513
-0.045321
-0.045578
-0.045977
-0.044532
-0.046314
-0.044909
-0.043736
-0.044775
-0.046918
-0.043945
-0.048009
-0.046235
-0.045575
-0.044024
-0.046269
-0.047535
-0.045455
-0.045168
-0.046389
-0.045189
-0.043637
-0.044653
-0.048276
-0.047084
-0.050877
-0.043747
-0.046013
-0.046927
-0.043378
-0.043473
-0.04701
-0.044164
-0.044303
-0.044461
-0.047097
-0.042669
-0.042411
-0.044508
-0.045942
-0.04424
-0.044682
-0.048042
-0.04601
-0.047205
-0.044985
-0.044066
-0.044625
-0.045453
-0.045138
-0.047261
-0.043621
-0.043008
-0.049261
-0.046588
-0.041001
-0.043134
-0.038468
-0.048316
-0.041183
-0.040823
-0.04009
-0.040516
-0.040874
-0.040597
-0.043434
-0.041745
-0.039378
-0.040542
-0.039008
-0.039801
-0.040305
-0.039283
-0.037761
-0.03708
-0.039698
-0.038286
-0.039784
-0.039716
-0.045156
-0.039552
-0.037484
-0.038956
-0.038977
-0.041573
-0.040074
-0.04059
-0.041558
-0.038792
-0.039881
-0.03884
-0.037173
-0.037152
-0.036778
-0.037148
-0.037081
-0.03919
-0.036913
-0.038179
-0.039859
-0.038368
-0.038346
-0.037158
-0.036559
-0.038873
-0.040763
-0.037685
-0.040096
-0.040279
-0.037939
-0.036917
-0.041981
-0.038105
-0.039244
-0.041378
-0.039225
-0.040233
-0.037937
-0.041122
-0.038745
-0.042178
-0.038582
-0.042089
-0.037866
-0.037729
-0.036215
-0.038649
-0.03922
-0.036521
-0.039184
-0.037616
-0.039277
-0.038067
-0.039218
-0.04006
-0.036671
-0.037628
-0.036938
-0.041387
-0.039653
-0.041378
-0.040988
-0.03874
-0.03639
-0.042843
-0.038457
-0.038888
-0.040579
-0.038609
-0.038126
-0.041189
-0.034897
-0.036443
-0.037835
-0.038266
-0.036934
-0.038843
-0.042428
-0.036856
-0.035713
-0.037783
-0.03661
-0.038752
-0.037422
-0.038535
-0.037429
-0.039891
-0.03591
-0.035886
-0.038307
-0.038353
-0.040214
-0.037939
-0.035815
-0.036794
-0.037954
-0.035832
-0.038293
-0.036158
-0.035472
-0.038959
-0.036209
-0.040184
-0.036677
-0.03459
-0.039828
-0.036848
-0.037078
-0.036808
-0.036824
-0.037381
-0.037239
-0.038262
-0.039523
-0.035403
-0.04075
-0.039118
-0.036584
-0.03731
-0.038933
-0.036839
-0.038528
-0.037526
-0.041165
-0.036924
-0.042542
-0.037689
-0.039804
-0.036661
-0.034542
-0.038692
-0.037883
-0.037795
-0.039614
-0.040158
-0.0375
-0.038649
-0.040209
-0.035553
-0.034905
-0.036636
-0.036394
-0.037529
-0.037376
-0.036045
-0.036733
-0.036035
-0.038273
-0.036746
-0.03568
-0.037141
-0.038426
-0.035261
-0.039508
-0.041249
-0.035858
-0.037691
-0.038208
-0.036555
-0.03549
-0.036103
-0.038474
-0.034759
-0.035277
-0.038886
-0.037564
-0.038964
-0.038578
-0.041075
-0.037025
-0.036727
-0.038476
-0.038752
-0.034934
-0.038151
-0.033289
-0.035067
-0.037673
-0.042956
-0.033915
-0.037213
-0.042031
-0.035007
-0.038493
-0.038853
-0.042193
-0.038259
-0.036074
-0.038039
-0.036589
-0.037031
-0.039105
-0.034046
-0.036488
-0.036566
-0.037112
-0.035891
-0.036496
-0.038923
-0.04022
-0.039405
-0.034408
-0.035641
-0.034732
-0.035564
-0.04082
-0.037685
-0.034823
-0.035475
-0.038724
-0.036808
-0.037325
-0.037279
-0.034551
-0.034135
-0.039956
-0.034626
-0.037134
-0.038565
-0.035184
-0.036977
-0.035718
-0.039286
-0.034661
-0.037836
-0.035303
-0.035994
-0.036565
-0.036301
-0.038743
-0.033621
-0.038622
-0.03393
-0.037676
-0.038123
-0.034634
-0.038122
-0.035787
-0.042642
-0.034934
-0.036731
-0.040258
-0.034833
-0.03987
-0.034063
-0.03361
-0.038212
-0.032538
-0.037058
-0.034409
-0.034373
-0.036709
-0.039437
-0.036195
-0.038627
-0.034141
-0.035395
-0.035568
-0.035337
-0.035904
-0.033241
-0.035492
-0.038873
-0.035946
-0.034842
-0.033381
-0.035295
-0.032241
-0.034471
-0.035314
-0.035034
-0.035827
-0.038139
-0.035737
-0.036718
-0.033571
-0.036467
-0.038031
-0.033944
-0.037047
-0.032813
-0.034593
-0.034704
-0.034368
-0.036624
-0.034135
-0.036105
-0.036877
-0.034282
-0.033751
-0.033548
-0.036311
-0.033572
-0.041344
-0.035042
-0.032686
-0.033244
-0.034511
-0.033997
-0.034999
-0.034696
-0.034187
-0.036401
-0.037704
-0.032957
-0.034728
-0.036564
-0.037972
-0.033564
-0.034793
-0.037125
-0.036088
-0.034745
-0.034445
-0.035736
-0.033172
-0.035253
-0.032766
-0.03334
-0.032993
-0.031947
-0.034592
-0.034841
-0.033994
-0.033145
-0.036213
-0.040575
-0.036705
-0.034379
-0.037663
-0.03554
-0.036209
-0.034384
-0.035183
-0.036757
-0.033622
-0.036906
-0.0373
-0.035766
-0.037534
-0.037497
-0.037621
-0.036004
-0.037924
-0.036194
-0.036355
-0.03705
-0.033437
-0.036044
-0.035096
-0.032642
-0.034063
-0.034016
-0.033464
-0.03461
-0.034013
-0.033205
-0.037631
-0.034365
-0.033661
-0.037594
-0.032966
-0.032501
-0.036678
-0.035659
-0.033258
-0.03454
-0.037636
-0.033608
-0.031887
-0.034753
-0.033091
-0.033261
-0.035307
-0.032736
-0.036314
-0.034136
-0.033748
-0.036297
-0.034509
-0.034898
-0.033403
-0.034344
-0.034276
-0.032903
-0.031409
-0.033684
-0.033059
-0.031245
-0.03156
-0.035298
-0.033093
-0.032594
-0.03305
-0.035998
-0.03354
-0.031797
-0.032867
-0.03001
-0.033338
-0.034267
-0.036937
-0.031309
-0.037172
-0.033781
-0.036977
-0.031614
-0.032616
-0.030852
-0.030197
-0.03449
-0.032037
-0.032444
-0.033763
-0.035824
-0.032026
-0.033647
-0.034586
-0.032573
-0.034943
-0.032057
-0.028798
-0.031546
-0.029847
-0.030789
-0.034761
-0.03513
-0.030172
-0.033519
-0.031144
-0.036118
-0.031948
-0.032745
-0.032851
-0.035991
-0.030888
-0.029071
-0.029213
-0.030011
-0.033175
-0.029467
-0.028501
-0.031272
-0.029877
-0.029217
-0.033035
-0.030345
-0.032922
-0.028482
-0.030953
-0.032107
-0.030754
-0.032559
-0.02984
-0.02913
-0.030175
-0.028693
-0.034006
-0.029267
-0.031455
-0.02928
-0.031663
-0.031706
-0.032348
-0.029984
-0.030766
-0.033683
-0.029387
-0.029748
-0.026871
-0.030628
-0.030213
-0.029447
-0.030157
-0.030156
-0.029772
-0.038777
-0.035756
-0.02942
-0.028746
-0.031193
-0.031144
-0.030721
-0.031548
-0.030866
-0.028713
-0.031946
-0.028928
-0.027954
-0.030005
-0.030293
-0.026905
-0.028439
-0.030536
-0.034092
-0.029844
-0.029285
-0.031443
-0.027221
-0.031067
-0.032838
-0.028105
-0.029385
-0.028449
-0.030003
-0.027273
-0.027248
-0.02838
-0.028203
-0.028395
-0.027773
-0.025926
-0.028506
-0.027949
-0.031038
-0.028385
-0.03064
-0.027831
-0.027969
-0.029877
-0.029514
-0.026846
-0.02713
-0.025655
-0.028677
-0.027297
-0.028571
-0.028701
-0.025602
-0.027326
-0.025339
-0.033654
-0.026705
-0.028738
-0.029171
-0.024689
-0.023838
-0.02932
-0.027798
-0.030693
-0.024982
-0.026915
-0.026166
-0.02631
-0.026476
-0.027852
-0.028111
-0.025054
-0.025023
-0.027606
-0.029112
-0.024122
-0.025832
-0.027434
-0.025087
-0.030708
-0.027142
-0.028562
-0.022927
-0.024676
-0.026701
-0.026167
-0.024685
-0.026576
-0.02738
-0.024004
-0.025409
-0.025014
-0.025817
-0.023979
-0.023194
-0.023916
-0.022904
-0.026242
-0.024601
-0.029568
-0.02619
-0.024408
-0.023167
-0.027487
-0.030149
-0.026351
-0.027717
-0.023959
-0.030308
-0.02298
-0.023196
-0.027408
-0.02509
-0.025338
-0.022567
-0.022439
-0.024473
-0.025518
-0.026634
-0.021098
-0.024576
-0.02189
-0.021446
-0.023912
-0.025064
-0.027086
-0.022278
-0.029047
-0.025678
-0.020576
-0.026094
-0.022634
-0.022762
-0.019265
-0.021426
-0.023249
-0.021641
-0.027575
-0.022763
-0.02439
-0.022366
-0.023591
-0.023027
-0.024477
-0.024595
-0.023856
-0.019719
-0.020625
-0.021235
-0.025961
-0.022818
-0.021913
-0.024167
-0.019207
-0.019964
-0.023978
-0.019535
-0.021921
-0.020109
-0.019409
-0.021135
-0.019003
-0.021595
-0.021402
-0.020055
-0.01993
-0.017638
-0.017477
-0.017017
-0.02188
-0.019415
-0.020621
-0.015519
-0.018053
-0.01937
-0.018046
-0.021558
-0.019167
-0.018651
-0.020969
-0.019451
-0.02238
-0.019216
-0.019654
-0.025434
-0.020779
-0.018726
-0.019383
-0.019773
-0.017783
-0.018365
-0.020533
-0.01993
-0.023698
-0.021472
-0.019448
-0.021355
-0.018236
-0.018662
-0.017149
-0.02243
-0.020363
-0.018444
-0.019536
-0.022416
-0.019871
-0.01944
-0.021629
-0.020309
-0.019713
-0.019948
-0.020534
-0.018993
-0.016746
-0.017669
-0.021622
-0.018252
-0.018428
-0.019564
-0.016833
-0.019916
-0.019492
-0.018033
-0.01985
-0.018411
-0.019339
-0.021032
-0.020201
-0.019344
-0.018038
-0.018442
-0.019312
-0.018456
-0.019208
-0.018533
-0.018654
-0.020725
-0.019017
-0.017662
-0.018774
-0.021329
-0.017256
-0.019032
-0.014333
-0.022137
-0.015985
-0.014854
-0.013325
-0.017159
-0.011491
-0.016738
-0.015636
-0.013763
-0.013395
-0.015233
-0.010927
-0.012014
-0.013205
-0.011129
-0.012291
-0.013881
-0.013464
-0.011077
-0.009915
-0.011349
-0.010947
-0.012686
-0.012478
-0.008238
-0.015304
-0.010547
-0.011812
-0.012007
-0.010589
-0.012551
-0.014039
-0.009517
-0.012081
-0.009966
-0.010842
-0.013102
-0.01096
-0.0159
-0.010327
-0.010107
-0.009281
-0.009974
-0.011899
-0.015954
-0.014743
-0.013991
-0.013593
-0.008605
-0.015328
-0.011105
-0.015457
-0.009559
-0.010101
-0.011085
-0.011419
-0.010473
-0.011037
-0.011033
-0.012539
-0.01202
-0.008197
-0.008241
-0.009371
-0.012201
-0.013497
-0.010555
-0.010103
-0.008907
-0.014011
-0.007201
-0.011307
-0.010112
-0.011115
-0.012267
-0.009739
-0.011444
-0.010432
-0.009826
-0.008152
-0.009481
-0.008788
-0.009903
-0.013632
-0.006011
-0.009381
-0.008621
-0.006429
-0.009723
-0.006759
-0.00634
-0.01159
-0.005891
-0.008418
-0.008926
-0.006375
-0.007452
-0.008336
-0.009925
-0.010321
-0.006386
-0.008133
-0.008149
-0.00766
-0.007701
-0.010074
-0.008836
-0.007349
-0.005944
-0.00698
-0.009065
-0.005031
-0.006683
-0.008985
-0.008325
-0.009274
-0.00759
-0.009446
-0.006014
-0.006526
-0.005973
-0.005963
-0.007457
-0.010123
-0.009715
-0.00943
-0.009034
-0.009503
-0.005973
-0.007755
-0.006344
-0.013294
-0.005949
-0.009496
-0.005363
-0.010201
-0.007242
-0.00606
-0.00898
-0.008989
-0.00838
-0.004037
-0.004301
-0.007155
-0.012726
-0.006824
-0.009882
-0.009649
-0.009495
-0.006574
-0.005692
-0.010624
-0.006264
-0.006957
-0.004768
-0.0051
-0.008227
-0.002478
-0.00933
-0.005936
-0.007412
-0.005226
-0.00998
-0.006721
-0.007279
-0.010895
-0.010375
-0.003988
-0.007239
-0.007587
-0.007525
-0.008061
-0.003919
-0.007035
-0.003182
-0.005383
-0.006195
-0.010439
-0.007878
-0.012413
-0.005858
-0.009935
-0.006748
-0.004146
-0.005998
-0.006199
-0.009354
-0.006977
-0.006586
-0.002822
-0.003116
-0.00607
-0.005271
-0.006824
-0.004999
-0.006273
-0.004887
-0.005163
-0.004877
-0.00595
-0.004954
-0.00898
-0.004465
-0.00537
-0.004657
-0.00744
-0.006763
-0.006255
-0.008893
-0.004292
-0.004597
-0.004055
-0.010944
-0.007774
-0.005432
-0.010258
-0.004233
-0.009156
-0.010347
-0.009089
-0.004313
-0.006124
-0.002632
-0.006769
-0.004328
-0.00777
-0.007505
-0.005664
-0.003615
-0.003434
-0.005034
-0.006462
-0.005622
-0.004454
-0.001725
-0.002192
-0.007864
-0.002529
-0.004356
-0.003823
-0.006345
-0.005295
-0.008863
-0.004718
-0.007695
-0.005073
-0.005038
-0.001267
-0.003341
-0.002532
-0.00381
-0.004675
-0.002298
-0.012621
-0.002727
-0.00344
-0.006072
-0.002774
-0.002701
-0.001145
-0.003002
-0.001692
-0.004503
-0.00387
-0.002956
-0.006225
-0.001655
-0.002778
-0.003706
7.1e-05
-0.000954
-0.001234
-0.005053
-0.00187
-0.006624
-0.005215
-0.003764
-0.001894
-0.004652
-0.000885
-0.004186
-0.002586
-0.005685
-0.003627
-0.006525
0.000257
-0.00063
-0.00466
-0.002301
-0.003536
-0.003057
-0.006739
-0.003002
0.000367
-0.001623
-0.002539
0.000821
0.002425
-0.000828
-0.003414
-0.00143
0.002193
0.000163
-0.004217
-0.003985
-0.001517
-0.000887
-0.001019
0.000648
-0.000515
-0.006533
-0.004064
-0.006212
-0.000611
-0.0031
0.001687
-0.001676
0.000285
3.9e-05
0.000971
-0.001857
-0.004147
0.000137
-0.001027
-0.000142
-0.001387
-0.001988
0.002573
-0.000975
0.000994
0.002422
-0.000672
0.003344
-0.002515
-0.001684
0.001614
-0.006049
2.1e-05
-0.002279
-0.000387
0.001993
0.001208
0.002001
0.001256
-0.000671
-0.003888
0.002393
0.000967
0.000262
-0.002555
0.003227
-0.002467
-0.001455
-0.004996
-0.000561
0.00307
0.000994
0.000859
-0.001046
-0.009314
-0.002879
-0.002654
0.002161
-0.001387
0.001235
-0.000915
0.00177
0.000683
0.003766
0.00177
0.000981
0.001468
0.002324
-0.000546
-0.001452
-0.000596
0.005749
0.00267
0.000579
0.002673
0.001333
0.00194
0.001024
0.002221
0.003214
-0.000778
0.00121
0.003186
0.003015
0.000767
-0.004117
0.000292
-0.000852
-3.6e-05
0.00032
0.002285
-0.000175
0.003998
0.003203
0.003111
0.003046
0.003556
0.000441
0.000677
0.00245
0.001174
0.000297
0.003741
0.002927
-0.000591
0.002519
0.002725
0.000703
-0.000711
0.003333
0.001706
0.005638
0.001381
0.003256
0.002157
0.003758
0.004437
0.003395
-0.001096
0.003177
0.00096
0.004374
0.003335
0.001369
0.003073
0.003849
0.004132
0.002583
0.004665
0.005246
-5.5e-05
0.004112
0.001792
0.006646
0.00381
0.002115
0.002507
0.001664
-0.001488
0.00419
0.004808
0.003957
0.003749
0.005506
0.00194
0.002159
0.001918
0.005834
0.001093
0.003818
0.002814
-0.000383
0.00605
0.003275
0.003729
0.004688
0.007132
0.004621
0.005446
0.005627
0.002957
-0.000463
0.005242
0.002562
0.000705
0.003286
0.004968
0.000555
0.00158
0.001848
0.001584
0.000437
-0.001469
0.000559
0.001716
-0.001002
0.004844
-0.004003
0.006174
0.0038
0.003325
0.002589
0.003616
0.003297
0.001183
0.004516
0.002904
0.00296
0.003527
0.003729
0.001205
0.003978
0.003449
0.004922
0.005183
0.003719
0.003932
0.005341
0.003722
0.000158
0.002243
0.003354
0.00042
0.004463
0.000548
0.004764
0.003799
0.000496
0.006049
-0.001391
0.003268
0.001887
-0.000436
0.00405
0.003568
0.003084
0.00574
0.003684
0.00541
0.000613
0.003757
0.002426
0.000273
0.00533
0.004336
0.004193
0.004005
0.002137
0.002897
0.004168
0.002767
0.003277
0.004549
0.002268
0.004691
0.005654
0.002764
0.003
0.002455
0.002361
0.00134
0.002602
0.004241
0.004532
0.000687
0.005397
0.001377
0.00405
0.002453
0.001593
0.004288
0.003487
0.003197
0.006024
0.004025
-0.000534
0.005195
0.004464
0.004729
0.006087
0.002545
0.002606
0.006104
0.004054
0.000806
0.002622
0.002381
0.00691
0.006901
0.004514
0.001255
0.004721
0.003116
-0.001296
0.007721
0.001708
0.001803
0.008553
0.00387
0.001734
0.002904
0.006128
0.00466
0.00208
0.006346
0.004062
0.004114
0.002823
0.005908
0.005336
0.00435
0.006072
0.004636
0.002002
0.001406
0.008265
0.004783
0.003364
0.007713
0.003441
0.005729
0.006029
0.005914
0.003435
0.003217
0.006158
0.002254
0.002449
0.005055
0.007119
0.004374
0.004429
0.004356
0.004351
0.004352
0.003302
0.001463
0.000283
0.002601
0.007093
0.004887
0.002055
0.003359
0.004111
-0.004573
0.004744
0.005726
0.003509
0.000548
-0.003946
0.005316
0.007104
0.004486
0.005218
0.003524
0.006068
0.004757
0.004897
0.006592
0.004527
0.005532
0.001032
0.005878
0.003915
0.002023
0.005721
0.00492
0.000296
0.001867
0.001509
0.000981
0.005689
0.005675
0.004915
0.000635
0.003703
0.00138
0.002704
-0.000784
0.006625
0.005009
0.00406
0.002114
0.001008
0.002719
0.006372
0.001536
-0.002494
0.00455
0.005745
0.004148
0.003489
0.008319
0.003376
0.002964
0.007795
0.002574
0.00539
0.00131
0.004636
0.004341
-0.000878
0.003317
0.003487
0.006039
0.00113
-0.002875
0.005344
0.00312
-0.002782
0.003519
0.004532
0.004667
0.002166
0.003924
0.002968
0.002377
-0.001192
0.00454
0.004888
0.004469
0.001663
0.000598
0.002273
0.001803
0.004576
0.002606
0.002069
0.003518
0.0047
0.005531
0.006164
0.002199
0.006262
0.000649
0.004289
0.005083
0.006102
0.005694
0.005562
0.004025
0.004838
0.002143
0.00148
0.002378
0.003023
0.001908
0.001805
0.007633
0.003056
0.002361
0.005538
0.002611
0.004944
0.004193
-2.1e-05
0.001658
0.001771
0.005734
0.003478
0.004576
0.00302
0.005875
0.002477
0.005135
-0.005566
0.004795
0.005895
0.006293
0.004435
1.9e-05
0.003912
-0.004518
0.002896
0.002375
-0.002378
0.005873
0.000716
0.002743
0.004691
0.005108
0.002557
0.002812
0.006202
0.003724
0.002207
0.007586
0.006576
0.0048
0.004466
0.004146
0.00675
0.001182
0.006376
0.001372
0.005897
0.001713
0.007058
0.004858
0.002518
0.006567
0.003449
0.004368
0.005993
0.005257
0.008826
0.007533
0.003201
0.004298
0.004291
0.004811
0.006937
0.006436
0.006427
0.006247
0.006379
0.002052
0.00888
0.007146
0.007211
0.00241
0.006567
0.004017
0.001754
0.001042
0.005727
0.004987
0.00553
0.004967
0.006754
0.003208
0.00477
0.002282
0.00483
0.005487
0.006327
0.001671
0.00218
0.005431
0.006663
0.004802
0.001734
0.003277
0.005374
0.007642
0.006618
0.004438
0.006116
0.006336
0.004829
0.005935
0.003799
0.006657
0.006743
0.006377
0.003592
0.00313
0.005979
0.000893
0.0033
0.006317
0.006232
0.003953
0.00773
0.004956
0.007336
0.006472
0.002472
0.003559
0.007432
-9.1e-05
0.002809
0.003273
0.005608
0.00545
0.00505
0.005529
0.003676
0.00423
0.007357
0.00066
0.002458
0.00363
0.001935
0.003134
0.00632
0.002382
0.007264
0.003605
0.004761
0.007337
0.004442
0.003118
0.002756
0.003641
0.007059
-0.002782
0.008768
0.00324
0.007891
0.007842
0.004763
0.004807
0.002991
0.004605
-0.000903
0.003849
0.004214
0.006575
0.00922
0.005596
0.003493
0.003616
0.002746
0.005777
0.006717
0.001969
0.007466
0.006424
0.007988
0.006957
0.004495
0.007396
0.007264
0.004513
0.00531
0.007471
0.004496
0.004836
0.004103
0.008198
0.003507
0.006338
0.006436
0.007108
0.00868
0.008407
0.006874
0.005405
0.004924
0.007187
0.001778
0.00889
0.003458
0.007075
0.005548
0.003925
0.007219
0.007979
0.005496
0.006096
0.002809
0.003069
0.007165
0.004173
0.007184
0.004257
0.007022
0.006751
0.001972
0.006019
0.010021
0.005717
0.005413
0.002459
0.005115
0.005173
0.006069
0.00369
0.007621
0.006162
0.006995
0.007148
0.006421
0.002343
0.007101
0.005297
0.008078
-0.001378
0.002975
0.003833
0.004709
0.006942
0.004745
0.004474
0.006921
0.005084
0.005367
0.006379
0.002416
0.008635
0.005495
0.007218
0.008642
0.007225
0.00653
0.004476
0.006665
0.007611
0.010214
0.005994
0.003852
0.004353
0.006299
0.007768
0.008814
0.003717
0.0052
0.005315
0.007063
0.008351
0.004187
0.004696
0.006743
0.007239
0.002376
0.004352
0.00152
0.005762
-0.002009
0.007734
0.004212
0.006975
0.006065
0.004765
0.004726
0.005786
0.00364
0.007748
0.004643
0.006652
0.00508
0.007116
0.006157
0.002877
0.00621
0.004104
0.004271
0.005721
0.004313
0.004305
0.006228
0.005383
0.004076
0.006872
