-0.11978533999999998
-0.11537790000000006
-0.11263036000000005
-0.11059192000000007
-0.10791236000000015
-0.10492354000000015
-0.10266154000000016
-0.10101586000000015
-0.09937380000000014
-0.09874390000000016
-0.09679728000000017
-0.09597726000000018
-0.09544872000000018
-0.09518740000000016
-0.09436090000000018
-0.09381672000000021
-0.0938724800000002
-0.0928397400000002
-0.0920404800000002
-0.0912044200000002
-0.09097016000000022
-0.09031026000000024
-0.09035196000000024
-0.08974318000000023
-0.08937618000000024
-0.08911028000000025
-0.08868994000000026
-0.08796084000000022
-0.08744012000000023
-0.08701422000000023
-0.08665154000000021
-0.0867779400000002
-0.0862443400000002
-0.08531250000000018
-0.08498592000000016
-0.08392042000000022
-0.08370578000000022
-0.08300608000000022
-0.08223668000000023
-0.08154924000000023
-0.0816982200000002
-0.08112260000000018
-0.07988310000000022
-0.0788920800000002
-0.0790840000000002
-0.0781661000000002
-0.07804896000000018
-0.07677228000000018
-0.07677764000000019
-0.07562672000000019
-0.07538618000000018
-0.07459318000000016
-0.07444530000000014
-0.07378432000000013
-0.07343874000000013
-0.07322038000000011
-0.07261238000000012
-0.07257340000000012
-0.07192100000000011
-0.07169372000000011
-0.07181808000000012
-0.07125966000000011
-0.07146600000000011
-0.07089170000000011
-0.07118546000000013
-0.07110830000000011
-0.07064362000000013
-0.07074838000000012
-0.07052378000000012
-0.07012574000000012
-0.06963592000000013
-0.0694334200000001
-0.06974578000000012
-0.06928472000000012
-0.06943524000000012
-0.0688933400000001
-0.06925104000000011
-0.06855114000000012
-0.0684073600000001
-0.06771644000000011
-0.06754480000000011
-0.06743778000000011
-0.06769642000000012
-0.06674760000000012
-0.0663807400000001
-0.06690742000000012
-0.06681644000000012
-0.0664949800000001
-0.06655948000000013
-0.06617752000000013
-0.06633582000000014
-0.06620734000000011
-0.06617770000000012
-0.06579670000000014
-0.06544314000000012
-0.06580996000000011
-0.06565484000000012
-0.06560504000000011
-0.06505818000000012
-0.06532356000000011
-0.06469210000000011
-0.06492408000000012
-0.06430154000000012
-0.06397300000000011
-0.0644721000000001
-0.0640119800000001
-0.06378742000000011
-0.06358580000000012
-0.0639980600000001
-0.06306936000000012
-0.0624315800000001
-0.0625814800000001
-0.06219394000000011
-0.06203018000000011
-0.06167408000000012
-0.0613761000000001
-0.06090202000000011
-0.0616314400000001
-0.061237840000000106
-0.0605959800000001
-0.06077274000000011
-0.060587080000000106
-0.0602519200000001
-0.0602491800000001
-0.0601996000000001
-0.060104740000000094
-0.0603330200000001
-0.059788860000000096
-0.05975498000000008
-0.059726560000000074
-0.05965402000000008
-0.059565960000000084
-0.05921864000000008
-0.059787680000000086
-0.05941926000000008
-0.05954138000000007
-0.059191860000000075
-0.058954060000000086
-0.058678860000000055
-0.05887368000000007
-0.05889340000000006
-0.05879314000000007
-0.058923180000000075
-0.05894158000000006
-0.05855586000000006
-0.05856146000000005
-0.05839426000000006
-0.05832978000000005
-0.05813634000000006
-0.05875604000000005
-0.058177160000000054
-0.05866172000000005
-0.058620280000000066
-0.05836912000000006
-0.05807736000000005
-0.057550160000000045
-0.05778384000000005
-0.05775398000000005
-0.05791364000000005
-0.057800640000000056
-0.05767254000000006
-0.05736408000000006
-0.05791880000000004
-0.057410240000000064
-0.05700232000000005
-0.05688138000000007
-0.05680396000000006
-0.056763420000000064
-0.05678646000000007
-0.05652438000000006
-0.05683576000000007
-0.05608408000000007
-0.056210520000000076
-0.05550014000000005
-0.055955300000000055
-0.055340040000000076
-0.055482280000000044
-0.05567056000000006
-0.05542112000000006
-0.05542724000000006
-0.05533944000000005
-0.05487622000000006
-0.05503576000000005
-0.05402366000000005
-0.05392670000000005
-0.05410002000000005
-0.05405876000000005
-0.05394760000000004
-0.05393342000000006
-0.054269920000000055
-0.053552580000000044
-0.05353616000000004
-0.05349262000000004
-0.05337546000000004
-0.05288184000000005
-0.053011020000000054
-0.053349060000000045
-0.05309556000000004
-0.053228640000000056
-0.05292708000000004
-0.05352860000000005
-0.05205512000000005
-0.052860600000000056
-0.05284372000000006
-0.052616600000000055
-0.053142020000000054
-0.05271690000000006
-0.05284868000000005
-0.05262894000000005
-0.052123700000000064
-0.052388100000000055
-0.052495880000000064
-0.05199416000000005
-0.051952160000000046
-0.05224768000000006
-0.05201928000000005
-0.05133292000000006
-0.051475100000000065
-0.05150960000000006
-0.05215032000000007
-0.05185194000000006
-0.051814120000000054
-0.05148376000000006
-0.051535520000000064
-0.05134032000000006
-0.05109004000000006
-0.05204080000000007
-0.05165060000000007
-0.051427060000000066
-0.05160672000000007
-0.051042280000000065
-0.05046038000000006
-0.050851980000000054
-0.05062854000000007
-0.05041396000000006
-0.050876220000000055
-0.050799640000000056
-0.05110310000000006
-0.05036718000000006
-0.04974150000000005
-0.05054060000000006
-0.05052402000000008
-0.05035482000000005
-0.04983344000000006
-0.05011134000000007
-0.04944272000000005
-0.050154860000000065
-0.049798400000000076
-0.049289300000000064
-0.04930608000000006
-0.049344360000000066
-0.048956780000000054
-0.04894958000000006
-0.04877296000000006
-0.048553220000000064
-0.04854138000000006
-0.04896360000000006
-0.048922020000000066
-0.04953664000000006
-0.04860542000000008
-0.048410520000000075
-0.048866380000000056
-0.04803254000000007
-0.04846040000000008
-0.04805936000000005
-0.048209540000000065
-0.048823160000000074
-0.04816712000000008
-0.04761458000000005
-0.04785568000000007
-0.04799556000000006
-0.04808268000000005
-0.04798880000000006
-0.04756374000000006
-0.04750588000000007
-0.04756480000000006
-0.04783788000000007
-0.04692946000000008
-0.04749510000000007
-0.04734122000000007
-0.04702380000000008
-0.04706080000000007
-0.04708602000000008
-0.04683248000000007
-0.04709040000000007
-0.046179260000000076
-0.04611652000000006
-0.046641320000000076
-0.04657586000000007
-0.04591556000000008
-0.04606338000000007
-0.04600894000000007
-0.046212020000000076
-0.04559274000000006
-0.04619926000000007
-0.04594060000000006
-0.04603676000000007
-0.04543316000000007
-0.045661320000000075
-0.04612844000000007
-0.045235040000000074
-0.04506862000000006
-0.04493710000000006
-0.04494350000000007
-0.04461964000000005
-0.04495154000000007
-0.04435994000000007
-0.04451878000000005
-0.04358204000000005
-0.04368666000000006
-0.04347668000000005
-0.04328130000000005
-0.043237360000000065
-0.04305726000000004
-0.04318402000000005
-0.04277168000000006
-0.04238728000000005
-0.042938700000000045
-0.04232976000000005
-0.042063360000000063
-0.042551580000000054
-0.04257684000000007
-0.04235254000000006
-0.042053240000000054
-0.04233602000000006
-0.04190806000000005
-0.041817440000000046
-0.04167038000000006
-0.04189650000000006
-0.04190896000000006
-0.04117422000000006
-0.040900220000000057
-0.04091944000000006
-0.04018200000000006
-0.04031260000000005
-0.04054412000000005
-0.04087246000000004
-0.04032640000000004
-0.04000186000000005
-0.03944572000000004
-0.03965382000000004
-0.03887958000000004
-0.03905990000000003
-0.03889778000000002
-0.038561540000000026
-0.03869914000000003
-0.038389420000000035
-0.03786748000000002
-0.038334600000000024
-0.03837762000000002
-0.038392780000000015
-0.03809670000000001
-0.03779480000000002
-0.037653380000000014
-0.03789778000000001
-0.03759668000000002
-0.037660620000000006
-0.037251800000000015
-0.036856660000000006
-0.03671010000000001
-0.03660384000000001
-0.03683832000000001
-0.03707098
-0.036987100000000016
-0.036857540000000015
-0.036905120000000007
-0.03716238000000002
-0.03663326000000002
-0.03666790000000001
-0.03671056000000001
-0.03669888000000001
-0.036442660000000016
-0.036746680000000004
-0.036497720000000004
-0.03660818000000001
-0.03656040000000001
-0.03624982000000001
-0.03661324000000001
-0.03639110000000001
-0.03683892000000001
-0.03591404
-0.03549458000000001
-0.03580516000000001
-0.0360183
-0.03593972000000001
-0.03622068000000001
-0.035951800000000006
-0.03584106
-0.03588010000000001
-0.035840260000000006
-0.036529160000000005
-0.03680444000000001
-0.03573610000000001
-0.03580776
-0.03588266
-0.03575486
-0.035632180000000006
-0.03535580000000001
-0.0354663
-0.03512276
-0.03506708
-0.03539084000000001
-0.03514174
-0.03467232
-0.03485772000000001
-0.03451064000000001
-0.03410198
-0.034349660000000004
-0.033786479999999994
-0.0340262
-0.03422667999999998
-0.03340093999999999
-0.033555319999999986
-0.03351339999999999
-0.03373971999999999
-0.03347479999999999
-0.03347275999999998
-0.03348677999999999
-0.034101379999999994
-0.033429219999999996
-0.033052599999999994
-0.03345113999999998
-0.03256759999999998
-0.033091899999999994
-0.03281861999999999
-0.032608339999999986
-0.03296413999999998
-0.03235799999999998
-0.03249917999999998
-0.03282661999999998
-0.032148299999999984
-0.032236819999999985
-0.03301835999999998
-0.03237375999999998
-0.032737519999999985
-0.032773759999999985
-0.03247111999999998
-0.03247767999999998
-0.03254965999999998
-0.032379939999999975
-0.03215071999999999
-0.032464239999999984
-0.03269425999999998
-0.03236141999999999
-0.032474459999999976
-0.03221309999999998
-0.03152153999999998
-0.032237359999999986
-0.03217889999999998
-0.032295839999999985
-0.032150219999999986
-0.032255959999999986
-0.03222987999999998
-0.03182119999999999
-0.03203713999999999
-0.03221309999999999
-0.031263879999999994
-0.03187895999999999
-0.03136507999999998
-0.03194823999999999
-0.03185247999999999
-0.03176493999999999
-0.031738619999999995
-0.031654359999999986
-0.03194911999999999
-0.031015159999999993
-0.03089091999999998
-0.032056159999999986
-0.03126909999999999
-0.03150723999999998
-0.03175461999999998
-0.03140395999999998
-0.030986479999999986
-0.031576739999999985
-0.031465319999999984
-0.031554619999999985
-0.03149123999999998
-0.031504799999999986
-0.03148095999999999
-0.031223679999999993
-0.03146785999999999
-0.03179115999999999
-0.03129851999999999
-0.030903399999999984
-0.031643959999999985
-0.030687419999999993
-0.03100513999999999
-0.030675619999999983
-0.030941659999999992
-0.03157639999999999
-0.03059645999999999
-0.031038839999999984
-0.03085947999999999
-0.03062879999999999
-0.03104917999999999
-0.03087267999999999
-0.03076699999999998
-0.030503519999999996
-0.03066243999999999
-0.03138703999999999
-0.031134339999999993
-0.030944319999999997
-0.030690439999999986
-0.030912019999999995
-0.030150499999999986
-0.030839759999999994
-0.03044507999999998
-0.03137494
-0.03093259999999999
-0.03091165999999999
-0.03071259999999999
-0.030895039999999988
-0.031019339999999992
-0.03044483999999998
-0.030816339999999994
-0.03048191999999999
-0.030810779999999992
-0.030687299999999994
-0.030542479999999993
-0.03077193999999999
-0.03070633999999999
-0.03147273999999999
-0.030832379999999993
-0.03077469999999999
-0.03157257999999999
-0.030542379999999994
-0.03086883999999999
-0.030626359999999995
-0.0304485
-0.030458539999999992
-0.030750379999999994
-0.030582119999999994
-0.030688799999999992
-0.030645739999999994
-0.030630439999999988
-0.030648919999999996
-0.030236399999999993
-0.029967599999999994
-0.030166319999999996
-0.02964647999999999
-0.03077121999999999
-0.03012505999999999
-0.030110199999999997
-0.030028959999999993
-0.030098639999999996
-0.02977823999999999
-0.029369419999999993
-0.029827779999999988
-0.029767079999999994
-0.03067257999999999
-0.03029113999999999
-0.030033179999999993
-0.029626979999999997
-0.02992401999999999
-0.02927433999999999
-0.02921737999999999
-0.02914441999999999
-0.029215979999999996
-0.028563079999999994
-0.02897385999999999
-0.02904233999999999
-0.028007579999999987
-0.028769739999999988
-0.028013279999999995
-0.028465779999999986
-0.02809593999999999
-0.02814707999999999
-0.027970739999999984
-0.02752601999999999
-0.027416999999999993
-0.028093599999999993
-0.027745239999999987
-0.027686879999999987
-0.028231759999999984
-0.02817845999999998
-0.027557699999999984
-0.027282659999999986
-0.026895139999999988
-0.026789159999999982
-0.02726797999999998
-0.027035499999999994
-0.027184199999999988
-0.02712359999999999
-0.02674939999999999
-0.026923219999999977
-0.02681769999999999
-0.026889359999999987
-0.02640785999999999
-0.026317099999999986
-0.02707475999999999
-0.02627811999999998
-0.025837399999999983
-0.026206419999999987
-0.02621763999999998
-0.026282659999999985
-0.02626037999999999
-0.026284819999999983
-0.02651421999999998
-0.026327279999999988
-0.02634493999999998
-0.02637293999999998
-0.026244679999999986
-0.02667645999999998
-0.026259679999999987
-0.025965859999999986
-0.025734539999999972
-0.026039839999999984
-0.02614691999999998
-0.02585873999999998
-0.026137179999999986
-0.025889639999999985
-0.02641581999999999
-0.02571081999999999
-0.02598749999999999
-0.02629761999999998
-0.026044759999999986
-0.025343919999999992
-0.02569967999999999
-0.025556219999999973
-0.02589923999999998
-0.025847479999999985
-0.025475719999999983
-0.024930679999999983
-0.025398959999999974
-0.024880019999999985
-0.025233479999999982
-0.025678619999999982
-0.02500915999999999
-0.025309179999999976
-0.025082719999999982
-0.024720599999999978
-0.024410219999999986
-0.02495125999999999
-0.024365979999999978
-0.024981679999999985
-0.024401379999999983
-0.024356359999999987
-0.02437811999999999
-0.02462529999999999
-0.025157039999999978
-0.02421383999999998
-0.024757019999999984
-0.024434899999999985
-0.02400631999999998
-0.024058399999999987
-0.024296319999999986
-0.024280379999999987
-0.023192359999999988
-0.02426371999999999
-0.024057799999999983
-0.02319305999999999
-0.02279794
-0.02366199999999998
-0.023125439999999994
-0.023343039999999985
-0.022841939999999995
-0.022320640000000003
-0.02270804
-0.023014159999999992
-0.023035259999999988
-0.02270402
-0.022469359999999994
-0.022432079999999997
-0.0228445
-0.022655919999999993
-0.022038219999999994
-0.02255229999999999
-0.022323939999999997
-0.022147479999999997
-0.021755500000000004
-0.022279
-0.021771960000000003
-0.02174898
-0.022294300000000003
-0.021796439999999997
-0.022040220000000003
-0.021486980000000003
-0.021706859999999998
-0.02137744
-0.021204760000000003
-0.021164159999999998
-0.02186546
-0.020992220000000002
-0.02038316
-0.02031958
-0.020248820000000004
-0.020192740000000008
-0.020285380000000006
-0.019764020000000007
-0.020353200000000002
-0.020481580000000003
-0.020013500000000004
-0.020214100000000002
-0.01997238000000001
-0.020487120000000004
-0.0202267
-0.019671280000000006
-0.020192780000000004
-0.02015242
-0.019856960000000007
-0.020014300000000006
-0.0200723
-0.020152299999999998
-0.019626800000000003
-0.019409280000000008
-0.019712280000000002
-0.019379200000000003
-0.01974944000000001
-0.019354540000000007
-0.019406500000000004
-0.019258380000000002
-0.01928062000000001
-0.019254520000000008
-0.01942096
-0.019515400000000002
-0.01936542000000001
-0.020000840000000002
-0.019084400000000005
-0.01925660000000001
-0.019925460000000006
-0.01926390000000001
-0.01890624000000001
-0.019110020000000005
-0.01923454000000001
-0.018879340000000012
-0.019620200000000004
-0.019553540000000008
-0.01945762000000001
-0.019149360000000004
-0.019053520000000008
-0.01939210000000001
-0.019378700000000006
-0.01912710000000001
-0.0191353
-0.019100560000000003
-0.019001680000000007
-0.018863180000000004
-0.019091400000000005
-0.019440700000000012
-0.018776400000000006
-0.01854614000000001
-0.01831930000000001
-0.01917516000000001
-0.01908492000000001
-0.019211240000000004
-0.01929350000000001
-0.01910408000000001
-0.018493220000000005
-0.019009860000000007
-0.019341260000000006
-0.018608000000000006
-0.019031120000000006
-0.01862838000000001
-0.01894578000000001
-0.018490260000000012
-0.019200740000000008
-0.01947082000000001
-0.018902780000000008
-0.019225920000000004
-0.018481480000000015
-0.018386840000000015
-0.019146360000000008
-0.018838740000000014
-0.018450480000000012
-0.018864380000000014
-0.018806540000000014
-0.01861984000000002
-0.018808600000000012
-0.01879548000000001
-0.018626700000000013
-0.018480760000000016
-0.018587100000000016
-0.018283040000000014
-0.018879540000000014
-0.01895668000000001
-0.01865056000000001
-0.01887602000000001
-0.018925620000000015
-0.018413680000000016
-0.01880002000000001
-0.018682140000000014
-0.018362780000000013
-0.01858800000000001
-0.018877300000000007
-0.01802400000000002
-0.018299660000000016
-0.017806420000000017
-0.018695600000000014
-0.018354100000000012
-0.017902740000000018
-0.01791132000000002
-0.018321520000000015
-0.018282380000000015
-0.018578080000000014
-0.01794736000000002
-0.01834908000000001
-0.018723740000000013
-0.01847740000000002
-0.018440420000000013
-0.017575400000000015
-0.018176380000000016
-0.01822000000000001
-0.018291940000000013
-0.018044840000000017
-0.01769372000000002
-0.018166920000000013
-0.018202580000000013
-0.018365960000000014
-0.017937860000000017
-0.01833756000000002
-0.018325880000000013
-0.018060400000000015
-0.01761708000000002
-0.017375660000000015
-0.01779660000000002
-0.018148280000000017
-0.017563380000000017
-0.017555720000000014
-0.017655860000000016
-0.017433500000000015
-0.016997740000000025
-0.017760320000000017
-0.01755132000000002
-0.017638480000000022
-0.017327940000000024
-0.01728736000000002
-0.017825500000000022
-0.01764454000000002
-0.01740918000000002
-0.016824500000000023
-0.017145820000000023
-0.017433440000000026
-0.017299100000000022
-0.017182160000000026
-0.01718236000000001
-0.01745236000000002
-0.017148440000000025
-0.01698982000000002
-0.016509960000000025
-0.017316380000000024
-0.017053160000000022
-0.016735800000000026
-0.017200240000000023
-0.01648574000000002
-0.016844560000000022
-0.01768420000000002
-0.01684470000000002
-0.01717680000000002
-0.01708222000000002
-0.016541700000000024
-0.01723180000000002
-0.017316020000000022
-0.01663088000000002
-0.016429860000000025
-0.016444360000000026
-0.016497260000000017
-0.01695730000000002
-0.016414320000000017
-0.01663550000000002
-0.016038160000000027
-0.016778240000000024
-0.016719700000000018
-0.01626488000000002
-0.01611238000000002
-0.01708522000000002
-0.016505940000000018
-0.016459300000000017
-0.015850960000000015
-0.01607994000000001
-0.016374240000000016
-0.016512360000000014
-0.016004480000000012
-0.01584940000000001
-0.016086080000000013
-0.015883120000000014
-0.016019220000000015
-0.01617264000000002
-0.015604300000000014
-0.015654100000000015
-0.01605624000000001
-0.01613428000000001
-0.015690520000000013
-0.01573000000000001
-0.016516220000000015
-0.01601038000000001
-0.015675940000000013
-0.015868020000000014
-0.01577096000000001
-0.015343060000000013
-0.015898860000000018
-0.016410720000000014
-0.015800180000000014
-0.015919560000000013
-0.015912080000000012
-0.016393380000000013
-0.016182620000000012
-0.01613868000000001
-0.01620438000000001
-0.016447740000000016
-0.016582900000000015
-0.015824320000000013
-0.016593980000000015
-0.01680106000000001
-0.01630844000000001
-0.015989900000000005
-0.01658854000000001
-0.016331720000000015
-0.015752960000000017
-0.01573772000000001
-0.015766480000000013
-0.01578566000000001
-0.015165940000000011
-0.015928520000000015
-0.015587120000000017
-0.015369120000000014
-0.015076820000000017
-0.015775940000000013
-0.015204800000000013
-0.01574356000000001
-0.01551192000000001
-0.01603354000000001
-0.015733680000000007
-0.015515400000000013
-0.015440520000000013
-0.015272900000000011
-0.015379320000000014
-0.015307900000000017
-0.015406680000000011
-0.015693420000000017
-0.015422680000000015
-0.015623500000000012
-0.01571388000000001
-0.015467240000000014
-0.01533106000000001
-0.01540388000000001
-0.015050140000000012
-0.015374860000000013
-0.01533070000000001
-0.015245260000000012
-0.015712380000000012
-0.01542052000000001
-0.01564356000000001
-0.015601600000000016
-0.01520192000000001
-0.015226700000000011
-0.014996520000000011
-0.015421880000000013
-0.014600320000000007
-0.015454760000000012
-0.015406180000000016
-0.015048140000000005
-0.01546480000000001
-0.014645140000000006
-0.014259660000000007
-0.015175840000000012
-0.01484372000000001
-0.014663480000000008
-0.015112520000000011
-0.01459262000000001
-0.014287320000000006
-0.014804440000000009
-0.01478538000000001
-0.014611320000000006
-0.01487572000000001
-0.014377280000000006
-0.014639600000000004
-0.01408012
-0.014501760000000006
-0.013857960000000004
-0.014355660000000008
-0.013774500000000002
-0.014470740000000011
-0.014046420000000009
-0.013944680000000004
-0.014401540000000008
-0.013858460000000003
-0.01441200000000001
-0.013700980000000007
-0.013646620000000005
-0.014090260000000005
-0.013741620000000001
-0.014547420000000007
-0.014077180000000002
-0.013536980000000006
-0.014451920000000007
-0.013524720000000006
-0.014063440000000009
-0.013849240000000011
-0.013861120000000005
-0.013991600000000007
-0.013908180000000008
-0.013987560000000005
-0.013419580000000007
-0.013827240000000008
-0.013519360000000006
-0.013493300000000007
-0.012901920000000002
-0.013066340000000004
-0.01313068
-0.012739800000000008
-0.012799440000000002
-0.013204120000000003
-0.013088780000000005
-0.01266846
-0.012272419999999996
-0.013057640000000002
-0.012852820000000001
-0.01244908
-0.012527380000000001
-0.013040740000000004
-0.013036160000000008
-0.013064700000000005
-0.013012020000000003
-0.013196480000000005
-0.012260600000000002
-0.012691760000000002
-0.012589060000000001
-0.012286440000000001
-0.012672100000000002
-0.013106520000000005
-0.012156539999999999
-0.013001360000000007
-0.013233700000000004
-0.01255652
-0.0119842
-0.01239088
-0.01252824
-0.01263354
-0.0121152
-0.012286599999999996
-0.012481520000000003
-0.012207220000000001
-0.012560440000000006
-0.012035780000000001
-0.012413000000000002
-0.012194019999999998
-0.012770940000000003
-0.012161079999999996
-0.012154539999999997
-0.012470860000000002
-0.011914360000000002
-0.011573059999999998
-0.012299660000000004
-0.012137100000000001
-0.011886099999999997
-0.012426460000000002
-0.012332180000000002
-0.012048020000000001
-0.0118045
-0.01213858
-0.012108060000000002
-0.012256539999999998
-0.011474339999999996
-0.011888120000000002
-0.011724620000000002
-0.011724119999999998
-0.012491639999999997
-0.01206738
-0.012109419999999997
-0.011587079999999998
-0.011825299999999999
-0.011521839999999998
-0.012279020000000003
-0.0115593
-0.012059
-0.011583640000000001
-0.011981380000000003
-0.012002380000000003
-0.011801179999999998
-0.011975680000000004
-0.0119265
-0.011844520000000002
-0.01172594
-0.011551960000000003
-0.011725180000000002
-0.011397840000000006
-0.012035280000000006
-0.011479200000000002
-0.011918800000000002
-0.011706040000000004
-0.01147712
-0.012002520000000006
-0.011515180000000003
-0.011305159999999998
-0.011256019999999999
-0.011331020000000002
-0.01100862
-0.010884340000000001
-0.011226000000000003
-0.011025080000000003
-0.01095542
-0.011388120000000003
-0.011342920000000005
-0.010899940000000002
-0.011218560000000002
-0.011658460000000004
-0.011052900000000003
-0.010664840000000002
-0.010327380000000004
-0.010597660000000002
-0.010684560000000003
-0.010731060000000004
-0.010597040000000002
-0.010406600000000002
-0.010544580000000001
-0.011465040000000006
-0.011249440000000005
-0.010910600000000003
-0.010998980000000007
-0.010422400000000005
-0.010216000000000003
-0.010381300000000003
-0.009743300000000002
-0.009992280000000003
-0.010318260000000003
-0.0096365
-0.009474320000000003
-0.009893220000000003
-0.010073980000000005
-0.010367400000000002
-0.010440860000000003
-0.009429
-0.0091641
-0.009902740000000005
-0.00898182
-0.0090043
-0.00922928
-0.008629060000000001
-0.009346320000000003
-0.009437800000000001
-0.009188980000000003
-0.008667900000000001
-0.00930262
-0.00875508
-0.0087235
-0.008419340000000003
-0.00838156
-0.00874
-0.008325140000000002
-0.009182520000000005
-0.00886216
-0.00872866
-0.008767580000000002
-0.008890020000000004
-0.00801542
-0.00789776
-0.008634800000000005
-0.00810018
-0.008199960000000003
-0.00793488
-0.008309380000000003
-0.008474860000000002
-0.008314160000000001
-0.008206080000000001
-0.008120940000000002
-0.00884192
-0.008496180000000002
-0.008452840000000001
-0.008431100000000002
-0.008608460000000005
-0.0081802
-0.008454540000000003
-0.00795824
-0.007954820000000003
-0.008275320000000001
-0.008380580000000002
-0.008079060000000004
-0.007974120000000003
-0.007993740000000001
-0.007952700000000002
-0.008240540000000001
-0.007760780000000003
-0.007830300000000002
-0.008356620000000004
-0.008120040000000002
-0.007867500000000001
-0.008554240000000005
-0.008414520000000003
-0.008513480000000004
-0.00821198
-0.008431740000000004
-0.008523140000000004
-0.008861540000000006
-0.008535000000000001
-0.008183020000000004
-0.007906060000000003
-0.008063540000000003
-0.008266060000000004
-0.007840700000000004
-0.007632420000000001
-0.008225900000000005
-0.007940420000000002
-0.007391600000000002
-0.007709740000000004
-0.008146180000000003
-0.007791900000000003
-0.007861460000000004
-0.007589340000000003
-0.007579100000000003
-0.007550820000000002
-0.007842080000000003
-0.007043520000000005
-0.0076593200000000024
-0.007515540000000005
-0.0074541000000000026
-0.007020600000000004
-0.006951940000000002
-0.006301500000000003
-0.006781980000000002
-0.0067549400000000035
-0.006613960000000003
-0.007256500000000003
-0.007058040000000003
-0.007229720000000002
-0.007866140000000002
-0.007278340000000002
-0.006329160000000003
-0.006729180000000002
-0.006493360000000003
-0.0059645800000000014
-0.006682620000000004
-0.005861960000000004
-0.005942260000000002
-0.006383040000000004
-0.006488020000000003
-0.006233080000000005
-0.006332480000000004
-0.00610094
-0.006077380000000002
-0.005779920000000002
-0.005744980000000002
-0.005574820000000001
-0.005948140000000001
-0.0061507
-0.006264900000000001
-0.005667440000000001
-0.0058562200000000005
-0.005220200000000003
-0.005304240000000003
-0.005656640000000001
-0.0057440999999999985
-0.005690240000000002
-0.005282240000000002
-0.005469920000000004
-0.0048227400000000024
-0.005032600000000001
-0.005323899999999998
-0.0053083
-0.00567874
-0.004969040000000001
-0.00521338
-0.005231539999999999
-0.0048651
-0.005208159999999998
-0.00510312
-0.004872660000000002
-0.005168179999999999
-0.004783180000000001
-0.004826580000000001
-0.004947900000000002
-0.005357060000000001
-0.004787940000000001
-0.00510074
-0.00545408
-0.0053198
-0.00478974
-0.005067959999999999
-0.00486882
-0.005010720000000003
-0.0049809599999999996
-0.00473534
-0.0051784599999999984
-0.0048652999999999995
-0.004567620000000001
-0.0045276199999999996
-0.00487224
-0.004602140000000003
-0.004764100000000001
-0.004684919999999999
-0.004943539999999999
-0.00499174
-0.0043461
-0.004605499999999999
-0.005268719999999999
-0.004844139999999999
-0.00433038
-0.0044433
-0.005049719999999999
-0.00420912
-0.004421979999999999
-0.004177199999999999
-0.004803519999999997
-0.0043349
-0.0045864199999999964
-0.0051308399999999985
-0.004489159999999998
-0.005013939999999998
-0.004770739999999999
-0.0046897799999999976
-0.005007219999999996
-0.004688979999999998
-0.00416896
-0.004153899999999999
-0.004122399999999999
-0.004985659999999999
-0.004397019999999998
-0.004239139999999999
-0.004875339999999997
-0.00404662
-0.003992439999999998
-0.004940899999999999
-0.003709679999999998
-0.004835659999999996
-0.0046182399999999965
-0.004717739999999997
-0.004125999999999998
-0.003834219999999999
-0.004108879999999998
-0.004235819999999997
-0.0038028199999999984
-0.004123219999999996
-0.004335859999999999
-0.004122519999999998
-0.00437434
-0.004065819999999998
-0.004452359999999997
-0.004356859999999999
-0.00410084
-0.004027039999999997
-0.004084379999999997
-0.004359879999999998
-0.004450659999999998
-0.00436844
-0.003885099999999998
-0.004133299999999998
-0.00390344
-0.004072099999999999
-0.004391879999999998
-0.0037338799999999985
-0.003946499999999999
-0.004038479999999998
-0.0044787599999999966
-0.003995559999999998
-0.0028954600000000007
-0.00423692
-0.0036056199999999986
-0.0037602399999999967
-0.004097019999999998
-0.004213559999999998
-0.0037149999999999983
-0.0035570999999999975
-0.003200099999999997
-0.0035823400000000007
-0.0037999199999999987
-0.0038634999999999997
-0.003465000000000002
-0.003811979999999999
-0.0036275399999999985
-0.0032803000000000003
-0.003942
-0.0032254000000000015
-0.0042628599999999985
-0.0037082599999999997
-0.003906479999999998
-0.003473759999999998
-0.003700459999999999
-0.0034596399999999978
-0.003515919999999999
-0.0031729600000000024
-0.003665980000000001
-0.00354384
-0.003692579999999999
-0.0038981999999999992
-0.0031971
-0.004330999999999998
-0.003399299999999999
-0.004209779999999998
-0.003684679999999999
-0.0031818800000000006
-0.0038196999999999997
-0.0037097599999999986
-0.00298054
-0.00379898
-0.0036391799999999997
-0.0035452
-0.0037829199999999978
-0.003272219999999999
-0.0036720399999999997
-0.003687660000000001
-0.00368086
-0.0036349800000000003
-0.003787360000000001
-0.003857039999999998
-0.003812759999999999
-0.0036604999999999997
-0.003154339999999999
-0.0035995599999999995
-0.0032906000000000003
-0.00333006
-0.0030100199999999995
-0.003505339999999999
-0.002970020000000001
-0.0027599800000000026
-0.0032212
-0.00288682
-0.0027815199999999996
-0.0033954199999999975
-0.003231520000000001
-0.0032166000000000004
-0.0029451799999999995
-0.002397739999999999
-0.0028043999999999986
-0.0025084400000000002
-0.004047820000000002
-0.00322858
-0.0029519599999999983
-0.00357192
-0.0033283799999999997
-0.003122499999999999
-0.0034697399999999994
-0.0029823
-0.00269412
-0.0036961999999999984
-0.00272512
-0.0029438000000000025
-0.0030412
-0.0023785800000000025
-0.002489600000000001
-0.0028297599999999993
-0.0028326399999999996
-0.0027977199999999996
-0.002995320000000002
-0.0029097800000000007
-0.002728080000000001
-0.003001200000000001
-0.0025197800000000014
-0.0030133
-0.002722780000000002
-0.0022865200000000007
-0.0026456000000000014
-0.002826900000000001
-0.0028117799999999994
-0.0024498600000000008
-0.0025453399999999992
-0.002580960000000002
-0.0026772800000000006
-0.002752640000000003
-0.0024624199999999995
-0.0020197
-0.0030176800000000004
-0.0029041600000000002
-0.00237608
-0.002484880000000002
-0.001803240000000002
-0.0025585
-0.002652800000000001
-0.0022915400000000016
-0.002206420000000001
-0.0020112800000000007
-0.002175740000000003
-0.0029169600000000027
-0.0021303200000000015
-0.0022880399999999994
-0.0022949800000000007
-0.0021616199999999995
-0.0022606799999999993
-0.0024491
-0.001915520000000001
-0.002381519999999997
-0.0016040600000000011
-0.00210574
-0.0021057600000000017
-0.00204996
-0.0020355799999999986
-0.00199794
-0.0018077599999999994
-0.0016576200000000011
-0.0016248400000000004
-0.0016933599999999997
-0.0019175800000000001
-0.0016209800000000002
-0.0019483200000000003
-0.0014902400000000027
-0.0018895000000000006
-0.0015638600000000013
-0.0021129600000000005
-0.0015134200000000032
-0.002204859999999999
-0.0014406199999999999
-0.0013860599999999995
-0.0017888600000000002
-0.0015644000000000003
-0.00097196
-0.001025060000000002
-0.0018352600000000009
-0.0016626400000000008
-0.0013767600000000007
-0.0012834599999999995
-0.0010916600000000004
-0.0013430799999999995
-0.0012614999999999998
-0.0015689999999999992
-0.0010849399999999986
-0.00163492
-0.0014956599999999991
-0.0015358400000000014
-0.0017971999999999981
-0.0011739199999999993
-0.001303859999999999
-0.0016420799999999985
-0.0009077599999999992
-0.0018461399999999974
-0.0012140599999999997
-0.0015054799999999994
-0.001252739999999999
-0.0017052600000000008
-0.001230139999999999
-0.001216719999999999
-0.0014637600000000004
-0.0009735400000000006
-0.001493
-0.0014131599999999992
-0.0013357599999999981
-0.0014539200000000018
-0.0011191799999999991
-0.00160142
-0.0014463599999999994
-0.0015330600000000008
-0.001000780000000001
-0.0012695000000000004
-0.001273739999999998
-0.0010419999999999995
-0.0012216599999999996
-0.0012159799999999998
-0.0010055800000000011
-0.0013824399999999993
-0.0012963399999999991
-0.0010881599999999995
-0.000910459999999999
-0.001348579999999998
-0.0010423000000000001
-0.0006993199999999995
-0.0008790799999999979
-0.0008816399999999976
-0.0009112199999999994
-0.0009096799999999998
-0.0008914399999999989
-0.0008846399999999989
-0.001428280000000002
-0.001119879999999999
-0.0011865000000000003
-0.0008303200000000009
-0.0006658000000000008
-0.0013726000000000016
-0.001047380000000001
-0.0009115399999999993
-0.001093499999999999
-0.0013353600000000005
-0.0008887399999999991
-0.00113662
-0.0008718200000000012
-0.001162079999999999
-0.0007470400000000009
-0.0011648200000000015
-0.0008648999999999986
-0.0010495600000000002
-0.0008778400000000016
-0.00103658
-0.0009294400000000006
-0.0006190000000000006
-0.0007988200000000005
-0.0006137000000000002
-0.0006529799999999994
-0.0014263200000000009
-0.0011918400000000009
-0.0009682400000000002
-0.0011332799999999987
-0.0007432400000000006
-0.0007156800000000024
-0.0004837400000000008
-0.0007955000000000015
-0.0007702400000000005
-0.0006185000000000009
-0.0008953600000000012
-0.0005989400000000016
-0.0013635399999999995
-0.0012877400000000005
-0.000693840000000001
-0.0006947600000000008
-0.0003395000000000014
-0.0002258399999999994
-0.000702040000000001
-0.0010341600000000001
-0.0006674400000000024
-0.000921740000000002
-0.0010302799999999993
-0.0009033200000000015
0.00014886000000000012
-0.0007609400000000016
-0.0005479000000000026
-0.0003199800000000009
-0.0003264600000000019
-0.000512180000000001
-0.000819400000000001
-0.00027060000000000116
-0.0007114400000000021
-0.0006962200000000012
-0.000458380000000001
-0.000525359999999999
-0.0007584200000000017
-0.0003159800000000032
-0.0006376400000000012
-0.00018438000000000184
-0.00041900000000000346
-0.0005462600000000011
-0.0004819000000000034
-0.0008213400000000024
-0.0005760600000000019
-0.0008410000000000001
-0.0005986000000000016
-0.0006948800000000023
-0.0003758800000000019
-4.366000000000092e-05
-0.00042644000000000194
-0.00032302000000000025
-0.0002982000000000015
3.737999999999903e-05
-0.0006901000000000015
-0.0005285800000000018
-0.00027780000000000144
-0.000366360000000001
-0.0006355800000000007
-0.0004217000000000021
-0.00044236
-0.00031544000000000163
-6.146000000000146e-05
-0.00020086000000000312
-0.0003029000000000033
-0.00017080000000000122
-0.0004845000000000035
0.0002479199999999976
-2.9340000000004015e-05
-0.0008217600000000011
-0.00040284000000000153
-0.0005464200000000036
-0.0002089200000000007
-0.0005247000000000038
-0.000338740000000003
-0.0002309800000000027
-0.0006227199999999999
-4.652000000000317e-05
-0.00036324000000000306
-0.0003298800000000028
-0.0003567400000000032
-0.00028878000000000166
-0.00033694000000000334
-0.0004970000000000025
-0.0002679600000000011
-0.00043618000000000053
-0.0002346600000000038
-0.000533600000000004
-0.0005198400000000026
-0.0011148000000000024
-0.0003365000000000035
-0.0008121200000000035
-0.00044470000000000176
-0.00046826000000000116
-0.0006983200000000009
-0.00036194000000000303
-0.00019318000000000425
-0.00038734000000000213
-0.0002112600000000025
-0.00018256000000000153
-0.00029394000000000273
-0.000169360000000001
-0.0009244200000000028
-0.0005915400000000005
6.059999999996676e-06
-0.00024102000000000433
-0.00025394000000000306
5.261999999999707e-05
-0.00026808000000000284
-5.808000000000336e-05
-7.450000000000445e-05
-6.960000000000265e-05
-0.00019234000000000276
-0.00033904000000000323
-0.00040222000000000397
-7.880000000002191e-06
-0.0001484600000000032
-0.0002889200000000036
-7.41400000000028e-05
1.4839999999995985e-05
-0.0004038200000000023
0.00037393999999999524
6.117999999999571e-05
-2.5460000000003138e-05
0.00022543999999999586
0.00015371999999999765
0.0002806199999999966
7.85999999999652e-06
-0.0004092200000000045
0.0004258799999999961
-0.0003854600000000041
0.00021485999999999546
0.00011933999999999629
-4.752000000000426e-05
-2.822000000000444e-05
-0.00010794000000000497
-0.00018370000000000257
0.00024025999999999732
5.779999999997697e-06
0.0002741199999999985
0.00011257999999999642
0.00010327999999999789
0.0006252199999999969
-0.00015922000000000332
0.00025713999999999804
-4.1160000000003536e-05
0.00015269999999999753
0.0006272399999999973
0.00047439999999999765
5.4359999999998334e-05
0.00015261999999999776
0.0002454399999999949
-0.00011406000000000414
0.000725139999999995
-0.00048136000000000137
0.0005218999999999969
0.0002911599999999969
-0.00011060000000000406
0.00018845999999999522
0.0005392399999999965
0.0005111799999999966
-0.00015942000000000365
0.0005101799999999968
-0.00022248000000000336
0.00012371999999999703
0.00017371999999999592
0.0004716599999999951
0.0004686599999999965
0.0003631799999999964
0.00017103999999999503
0.0008890799999999949
7.78399999999928e-05
0.0005256799999999973
0.00040125999999999796
0.0006801199999999955
0.0002714799999999956
0.00036307999999999756
0.0008173599999999978
0.0005270799999999966
4.9099999999996904e-05
0.00022577999999999734
0.00018551999999999645
0.0006327999999999955
-0.00014418000000000365
9.023999999999653e-05
0.0002863399999999958
0.00018979999999999632
9.351999999999513e-05
0.0005448599999999973
1.7299999999995203e-05
0.0005089999999999967
0.00012131999999999414
0.0008676999999999972
0.0006030199999999951
0.0006305599999999956
0.00016937999999999432
0.0003950599999999943
0.0005880999999999945
0.00013255999999999278
0.0006141599999999964
0.00041739999999999643
0.00035605999999999567
0.0005287599999999955
0.0004101799999999946
-0.00013842000000000541
0.000592479999999996
0.001102699999999996
0.00041237999999999534
0.0005759599999999962
2.217999999999564e-05
0.0007556799999999952
0.0009852999999999971
0.00041937999999999546
0.00042039999999999607
0.0004947199999999946
2.867999999999494e-05
0.0009219599999999953
0.00012553999999999422
0.0006196399999999956
0.0007271799999999968
0.0009275399999999979
0.0007837399999999947
0.0006350799999999951
0.0010146999999999982
0.000683179999999997
0.000695179999999996
-7.864000000000368e-05
0.00020925999999999695
0.0006984399999999975
0.00048819999999999793
0.0005072599999999965
0.0006674199999999954
0.0010473799999999958
0.000506699999999995
-0.00010338000000000507
0.00035373999999999643
0.0009016199999999975
-3.672000000000545e-05
0.0003605199999999976
0.0007768399999999964
0.0002646399999999964
0.0004760599999999976
0.0009410199999999962
2.099999999995656e-06
0.0009513799999999961
0.000539879999999996
0.00013577999999999724
0.0004877199999999965
0.0012429199999999965
0.0011451799999999959
0.000607979999999994
0.0010080999999999972
0.0008842199999999962
0.0010963199999999955
0.00048323999999999573
0.0006988399999999967
0.0007986599999999963
0.0006811599999999966
0.0004425799999999977
0.0011954999999999963
0.00015997999999999506
0.0005986999999999968
0.001097359999999997
0.0007558999999999963
0.0007745399999999966
0.0011485599999999942
0.0009382599999999969
0.0007931999999999952
0.0005972199999999947
0.0007112799999999943
0.0010583999999999952
0.0007575599999999956
0.0009179399999999957
0.0007921399999999961
0.0008532599999999965
0.0009069799999999948
0.0007827799999999968
0.0009483599999999975
0.0006329999999999958
0.0009175599999999954
0.0004060599999999951
0.0005242999999999953
0.001372719999999996
0.0007218399999999954
0.0008511199999999956
0.0011211399999999949
0.0009177199999999954
0.0008389599999999961
0.0009273199999999953
0.001466679999999995
0.0009423599999999947
0.0007021199999999958
0.0009412999999999943
0.001522979999999995
0.0008932199999999938
0.0010538399999999943
0.001110479999999995
0.0009781199999999927
0.00045771999999999496
0.001031879999999995
0.0016304999999999952
0.0009861999999999968
0.0015458399999999939
0.0011901999999999935
0.0015028599999999965
0.0015108399999999944
0.0017616199999999943
0.0011354399999999952
0.0023362799999999957
0.0010957399999999946
0.0016201399999999934
0.0012515199999999927
0.0011746799999999944
0.0013087599999999948
0.0015975199999999949
0.0012661199999999923
0.002034499999999996
0.0016672599999999942
0.0016533999999999952
0.001440899999999995
0.0020676599999999946
0.0019808999999999933
0.0016799999999999946
0.0012472799999999956
0.001172799999999995
0.0014997999999999958
0.0011945999999999949
0.001747139999999994
0.0015616599999999964
0.0016370199999999947
0.0014733999999999947
0.0012479799999999938
0.0013154199999999955
0.0019883399999999934
0.002347659999999994
0.0015211599999999956
0.002135439999999995
0.001774759999999995
0.0018045399999999945
0.0019977599999999956
0.0014380999999999955
0.0015850399999999957
0.0013722799999999955
0.0013136399999999953
0.002046059999999996
0.001600839999999995
0.0017508199999999945
0.0015642599999999957
0.0017103799999999938
0.0019200199999999952
0.0018891799999999936
0.0021135399999999945
0.0019004599999999936
0.0015628799999999946
0.001999559999999994
0.0018790799999999943
0.002063999999999994
0.0015579999999999939
0.002075959999999996
0.0023332799999999944
0.0017772999999999956
0.0024526999999999947
0.0023441599999999936
0.002323139999999993
0.0014783399999999934
0.002051839999999994
0.001656539999999993
0.0019725999999999923
0.0026364199999999918
0.002046539999999994
0.002731859999999993
0.0019250599999999912
0.0016791399999999943
0.0019314799999999935
0.002082219999999994
0.0018959599999999945
0.0023054399999999945
0.002050219999999993
0.0026100399999999927
0.0025528999999999916
0.002242939999999993
0.00244423999999999
0.002668119999999994
0.002621199999999994
0.002663419999999992
0.002340079999999992
0.0025871599999999916
0.0028332599999999907
0.003152139999999991
0.002016039999999992
0.002361939999999993
0.001852699999999993
0.002445899999999992
0.002133799999999991
0.0023275399999999912
0.002649759999999991
0.0028368799999999913
0.0024542999999999904
0.002666939999999991
0.002380759999999991
0.0026048399999999907
0.002538499999999991
0.002700719999999992
0.0030815599999999914
0.0027753399999999933
0.003112179999999992
0.0029058999999999925
0.003690919999999992
0.0027514799999999906
0.002589159999999992
0.0030293599999999914
0.002662839999999994
0.002707959999999992
0.0029994799999999923
0.0034597599999999906
0.0029561399999999934
0.003024359999999991
0.0027728799999999915
0.002686499999999993
0.0025866599999999932
0.0028738799999999914
0.002901979999999992
0.002655939999999993
0.0029010799999999925
0.0026930199999999917
0.0029272599999999914
0.002882059999999992
0.002544739999999991
