-0.10548100000000005
-0.10548100000000005
-0.10187200000000009
-0.10187200000000009
-0.10003000000000013
-0.09546400000000016
-0.09513400000000038
-0.09513400000000038
-0.09130500000000032
-0.09130500000000032
-0.09130500000000032
-0.09130500000000032
-0.09130500000000032
-0.0906140000000003
-0.09014200000000017
-0.09014200000000017
-0.09008700000000022
-0.09008700000000022
-0.08665700000000028
-0.08665700000000028
-0.08665700000000028
-0.08665700000000028
-0.0865970000000002
-0.0865970000000002
-0.0853750000000003
-0.0851040000000003
-0.08235900000000031
-0.08235900000000031
-0.08235900000000031
-0.08235900000000031
-0.08235900000000031
-0.07870500000000029
-0.07870500000000029
-0.07870500000000029
-0.07870500000000029
-0.07870500000000029
-0.07870500000000029
-0.07739400000000007
-0.07739400000000007
-0.07739400000000007
-0.07739400000000007
-0.0770400000000002
-0.07597800000000007
-0.07432400000000025
-0.07214900000000017
-0.07214900000000017
-0.07214900000000017
-0.07039300000000012
-0.07039300000000012
-0.0696000000000001
-0.0696000000000001
-0.0694520000000001
-0.0694520000000001
-0.06922100000000016
-0.06897200000000009
-0.06897200000000009
-0.0678830000000001
-0.0678830000000001
-0.06599500000000014
-0.06599500000000014
-0.06599500000000014
-0.06599500000000014
-0.06599500000000014
-0.06599500000000014
-0.06599500000000014
-0.06599500000000014
-0.06599500000000014
-0.06599500000000014
-0.06314
-0.06314
-0.06314
-0.06314
-0.06314
-0.06314
-0.06314
-0.06314
-0.06314
-0.06314
-0.06314
-0.06314
-0.06314
-0.06314
-0.06274200000000019
-0.062456000000000074
-0.062456000000000074
-0.062456000000000074
-0.062456000000000074
-0.062456000000000074
-0.062456000000000074
-0.062456000000000074
-0.062456000000000074
-0.060537000000000146
-0.05988600000000005
-0.05988600000000005
-0.05988600000000005
-0.05988600000000005
-0.05988600000000005
-0.05988600000000005
-0.05988600000000005
-0.05988600000000005
-0.05988600000000005
-0.05988600000000005
-0.05988600000000005
-0.05988600000000005
-0.05988600000000005
-0.05988600000000005
-0.05988600000000005
-0.05988600000000005
-0.059225000000000125
-0.059225000000000125
-0.05608900000000007
-0.05608900000000007
-0.05608900000000007
-0.05608900000000007
-0.05608900000000007
-0.05608900000000007
-0.05608900000000007
-0.05608900000000007
-0.05608900000000007
-0.05608900000000007
-0.05608900000000007
-0.05608900000000007
-0.05608900000000007
-0.05608900000000007
-0.05608900000000007
-0.05608900000000007
-0.05608900000000007
-0.0559630000000001
-0.0559630000000001
-0.0559630000000001
-0.0559630000000001
-0.0559630000000001
-0.0559630000000001
-0.0559630000000001
-0.0559630000000001
-0.0559630000000001
-0.05541000000000012
-0.05541000000000012
-0.05541000000000012
-0.05476300000000005
-0.05476300000000005
-0.05476300000000005
-0.05476300000000005
-0.05476300000000005
-0.05476300000000005
-0.05476300000000005
-0.053924000000000055
-0.053924000000000055
-0.053924000000000055
-0.053503000000000064
-0.053503000000000064
-0.053503000000000064
-0.053503000000000064
-0.053503000000000064
-0.053503000000000064
-0.053503000000000064
-0.053503000000000064
-0.053503000000000064
-0.053503000000000064
-0.053503000000000064
-0.051664999999999926
-0.051664999999999926
-0.051664999999999926
-0.051664999999999926
-0.051664999999999926
-0.051664999999999926
-0.051664999999999926
-0.051664999999999926
-0.051664999999999926
-0.051664999999999926
-0.051664999999999926
-0.051664999999999926
-0.051664999999999926
-0.05101099999999999
-0.05101099999999999
-0.05101099999999999
-0.05074300000000004
-0.05074300000000004
-0.05074300000000004
-0.05074300000000004
-0.05074300000000004
-0.04935600000000002
-0.048664
-0.048664
-0.048664
-0.048664
-0.048664
-0.048664
-0.048664
-0.048664
-0.048664
-0.048664
-0.048664
-0.048664
-0.048664
-0.048664
-0.048664
-0.048664
-0.04802300000000011
-0.04802300000000011
-0.04802300000000011
-0.04802300000000011
-0.047666000000000035
-0.047666000000000035
-0.047666000000000035
-0.047666000000000035
-0.047666000000000035
-0.047666000000000035
-0.047666000000000035
-0.047666000000000035
-0.047666000000000035
-0.047666000000000035
-0.047542000000000056
-0.047542000000000056
-0.047542000000000056
-0.047542000000000056
-0.047542000000000056
-0.046857000000000065
-0.046857000000000065
-0.046857000000000065
-0.046857000000000065
-0.046857000000000065
-0.046857000000000065
-0.046857000000000065
-0.04531800000000009
-0.04531800000000009
-0.04531800000000009
-0.04531800000000009
-0.04531800000000009
-0.04531800000000009
-0.04531800000000009
-0.04531800000000009
-0.04531800000000009
-0.04531800000000009
-0.04531800000000009
-0.04531800000000009
-0.04531800000000009
-0.04531800000000009
-0.04531800000000009
-0.04531800000000009
-0.044718000000000084
-0.044718000000000084
-0.044718000000000084
-0.044718000000000084
-0.044718000000000084
-0.04296600000000007
-0.04296600000000007
-0.04296600000000007
-0.04296600000000007
-0.04296600000000007
-0.04296600000000007
-0.04296600000000007
-0.04296600000000007
-0.04296600000000007
-0.04296600000000007
-0.04296600000000007
-0.04296600000000007
-0.04296600000000007
-0.04296600000000007
-0.04296600000000007
-0.04296600000000007
-0.04296600000000007
-0.04296600000000007
-0.04296600000000007
-0.04296600000000007
-0.04296600000000007
-0.04296600000000007
-0.04296600000000007
-0.04296600000000007
-0.04296600000000007
-0.04296600000000007
-0.04296600000000007
-0.04296600000000007
-0.04296600000000007
-0.042090000000000106
-0.042090000000000106
-0.042090000000000106
-0.042090000000000106
-0.042090000000000106
-0.042090000000000106
-0.042090000000000106
-0.042090000000000106
-0.042090000000000106
-0.042090000000000106
-0.042090000000000106
-0.04204700000000005
-0.04079300000000008
-0.04079300000000008
-0.04079300000000008
-0.04079300000000008
-0.04079300000000008
-0.04079300000000008
-0.04079300000000008
-0.04079300000000008
-0.04079300000000008
-0.04079300000000008
-0.04065400000000011
-0.04065400000000011
-0.04065400000000011
-0.04065400000000011
-0.04065400000000011
-0.04065400000000011
-0.04065400000000011
-0.03964900000000004
-0.03964600000000004
-0.03964600000000004
-0.03769200000000007
-0.03769200000000007
-0.03769200000000007
-0.03769200000000007
-0.03769200000000007
-0.03769200000000007
-0.03769200000000007
-0.03769200000000007
-0.03769200000000007
-0.03769200000000007
-0.03769200000000007
-0.03769200000000007
-0.03769200000000007
-0.03769200000000007
-0.03769200000000007
-0.03769200000000007
-0.03769200000000007
-0.03769200000000007
-0.03769200000000007
-0.03769200000000007
-0.035140000000000046
-0.035140000000000046
-0.035140000000000046
-0.035140000000000046
-0.035140000000000046
-0.035140000000000046
-0.035140000000000046
-0.035140000000000046
-0.035140000000000046
-0.035140000000000046
-0.035140000000000046
-0.035140000000000046
-0.035140000000000046
-0.035140000000000046
-0.03500700000000002
-0.03500700000000002
-0.034327999999999984
-0.03389600000000008
-0.032909000000000035
-0.032909000000000035
-0.032909000000000035
-0.032909000000000035
-0.032909000000000035
-0.032909000000000035
-0.032909000000000035
-0.032909000000000035
-0.032909000000000035
-0.032909000000000035
-0.032909000000000035
-0.032909000000000035
-0.030733999999999997
-0.030733999999999997
-0.030733999999999997
-0.030733999999999997
-0.030733999999999997
-0.030733999999999997
-0.030733999999999997
-0.030733999999999997
-0.030733999999999997
-0.030733999999999997
-0.030733999999999997
-0.030733999999999997
-0.030733999999999997
-0.030733999999999997
-0.030733999999999997
-0.030733999999999997
-0.030733999999999997
-0.030733999999999997
-0.030733999999999997
-0.030733999999999997
-0.030733999999999997
-0.030733999999999997
-0.030733999999999997
-0.030733999999999997
-0.030733999999999997
-0.030733999999999997
-0.030733999999999997
-0.030733999999999997
-0.030733999999999997
-0.030733999999999997
-0.030733999999999997
-0.030733999999999997
-0.030733999999999997
-0.030733999999999997
-0.030733999999999997
-0.030733999999999997
-0.030733999999999997
-0.030733999999999997
-0.030733999999999997
-0.030733999999999997
-0.030733999999999997
-0.027921000000000015
-0.027921000000000015
-0.027249000000000006
-0.027249000000000006
-0.027249000000000006
-0.027249000000000006
-0.025914
-0.025914
-0.025914
-0.025914
-0.025914
-0.025914
-0.025914
-0.025914
-0.025914
-0.025914
-0.025914
-0.025914
-0.025914
-0.025914
-0.025914
-0.025914
-0.025914
-0.025914
-0.025914
-0.025914
-0.025914
-0.025914
-0.025914
-0.025914
-0.025914
-0.025914
-0.025914
-0.025914
-0.025914
-0.025914
-0.025914
-0.025914
-0.025914
-0.025914
-0.025914
-0.025914
-0.025914
-0.025914
-0.025914
-0.025914
-0.025914
-0.025914
-0.025914
-0.025914
-0.025914
-0.025914
-0.025914
-0.025914
-0.025914
-0.025914
-0.025914
-0.025914
-0.025914
-0.025914
-0.025914
-0.025914
-0.025914
-0.025914
-0.025914
-0.025914
-0.025914
-0.025914
-0.025914
-0.025914
-0.025914
-0.025914
-0.025914
-0.025914
-0.025914
-0.025914
-0.025914
-0.025914
-0.025485
-0.025485
-0.025485
-0.025485
-0.025485
-0.025485
-0.025485
-0.025485
-0.025485
-0.025485
-0.025485
-0.025485
-0.025485
-0.025485
-0.025485
-0.025485
-0.025485
-0.025485
-0.025485
-0.025485
-0.025485
-0.025485
-0.025485
-0.025485
-0.025485
-0.025485
-0.025485
-0.025485
-0.025485
-0.025485
-0.025485
-0.025485
-0.025485
-0.025485
-0.025485
-0.025485
-0.025485
-0.025485
-0.025485
-0.025485
-0.025485
-0.025485
-0.025485
-0.025485
-0.025485
-0.025485
-0.025485
-0.025485
-0.025485
-0.025485
-0.025485
-0.025485
-0.025485
-0.025485
-0.025485
-0.025485
-0.025485
-0.025485
-0.025485
-0.025485
-0.025485
-0.025483000000000016
-0.025483000000000016
-0.025483000000000016
-0.025483000000000016
-0.025483000000000016
-0.025483000000000016
-0.025483000000000016
-0.025483000000000016
-0.025483000000000016
-0.025483000000000016
-0.025483000000000016
-0.025483000000000016
-0.025483000000000016
-0.025483000000000016
-0.025483000000000016
-0.025483000000000016
-0.023625000000000014
-0.023625000000000014
-0.023625000000000014
-0.023625000000000014
-0.023625000000000014
-0.023625000000000014
-0.023625000000000014
-0.023625000000000014
-0.023625000000000014
-0.023625000000000014
-0.022136999999999987
-0.022136999999999987
-0.022136999999999987
-0.022136999999999987
-0.022136999999999987
-0.022136999999999987
-0.022136999999999987
-0.022136999999999987
-0.022136999999999987
-0.022136999999999987
-0.022136999999999987
-0.022136999999999987
-0.022136999999999987
-0.022136999999999987
-0.022136999999999987
-0.022136999999999987
-0.022136999999999987
-0.022136999999999987
-0.022136999999999987
-0.021525999999999997
-0.021525999999999997
-0.021525999999999997
-0.021525999999999997
-0.021525999999999997
-0.021525999999999997
-0.021525999999999997
-0.021525999999999997
-0.021525999999999997
-0.021525999999999997
-0.021525999999999997
-0.021525999999999997
-0.021525999999999997
-0.021525999999999997
-0.021525999999999997
-0.021422999999999987
-0.021422999999999987
-0.021422999999999987
-0.021422999999999987
-0.021422999999999987
-0.021422999999999987
-0.021422999999999987
-0.021422999999999987
-0.021422999999999987
-0.021422999999999987
-0.021422999999999987
-0.021422999999999987
-0.021422999999999987
-0.021422999999999987
-0.021422999999999987
-0.021422999999999987
-0.021422999999999987
-0.021422999999999987
-0.021422999999999987
-0.021422999999999987
-0.019967000000000013
-0.019967000000000013
-0.019967000000000013
-0.019967000000000013
-0.019967000000000013
-0.019967000000000013
-0.019967000000000013
-0.019967000000000013
-0.019967000000000013
-0.019967000000000013
-0.019967000000000013
-0.019967000000000013
-0.019967000000000013
-0.019967000000000013
-0.019967000000000013
-0.019967000000000013
-0.019967000000000013
-0.019967000000000013
-0.019967000000000013
-0.019967000000000013
-0.019967000000000013
-0.019967000000000013
-0.019967000000000013
-0.019967000000000013
-0.019967000000000013
-0.019967000000000013
-0.019967000000000013
-0.019967000000000013
-0.019967000000000013
-0.019967000000000013
-0.018775000000000024
-0.017411000000000003
-0.017411000000000003
-0.017411000000000003
-0.017411000000000003
-0.017411000000000003
-0.017411000000000003
-0.017411000000000003
-0.017411000000000003
-0.017411000000000003
-0.017411000000000003
-0.017411000000000003
-0.017411000000000003
-0.017411000000000003
-0.017411000000000003
-0.017411000000000003
-0.017411000000000003
-0.017411000000000003
-0.017411000000000003
-0.017411000000000003
-0.017411000000000003
-0.017411000000000003
-0.017411000000000003
-0.017411000000000003
-0.017411000000000003
-0.017411000000000003
-0.017411000000000003
-0.017411000000000003
-0.017411000000000003
-0.017411000000000003
-0.015662000000000002
-0.015662000000000002
-0.014478000000000017
-0.014478000000000017
-0.014478000000000017
-0.014478000000000017
-0.014478000000000017
-0.014478000000000017
-0.014478000000000017
-0.014478000000000017
-0.014478000000000017
-0.014478000000000017
-0.014478000000000017
-0.014478000000000017
-0.014478000000000017
-0.014478000000000017
-0.014478000000000017
-0.014478000000000017
-0.014478000000000017
-0.014478000000000017
-0.014478000000000017
-0.014478000000000017
-0.014478000000000017
-0.014478000000000017
-0.014478000000000017
-0.014478000000000017
-0.014478000000000017
-0.014478000000000017
-0.014478000000000017
-0.014478000000000017
-0.014478000000000017
-0.014478000000000017
-0.014478000000000017
-0.014478000000000017
-0.014478000000000017
-0.014478000000000017
-0.014478000000000017
-0.014478000000000017
-0.014478000000000017
-0.014478000000000017
-0.014478000000000017
-0.014478000000000017
-0.014478000000000017
-0.014478000000000017
-0.014478000000000017
-0.014478000000000017
-0.014478000000000017
-0.014478000000000017
-0.014478000000000017
-0.014478000000000017
-0.014478000000000017
-0.014478000000000017
-0.014478000000000017
-0.014478000000000017
-0.014478000000000017
-0.014478000000000017
-0.014478000000000017
-0.014478000000000017
-0.014478000000000017
-0.014478000000000017
-0.014478000000000017
-0.014478000000000017
-0.014478000000000017
-0.013004999999999996
-0.013004999999999996
-0.013004999999999996
-0.013004999999999996
-0.013004999999999996
-0.013004999999999996
-0.013004999999999996
-0.013004999999999996
-0.011838000000000034
-0.011838000000000034
-0.011838000000000034
-0.011838000000000034
-0.011838000000000034
-0.011838000000000034
-0.011838000000000034
-0.011838000000000034
-0.011838000000000034
-0.011838000000000034
-0.011838000000000034
-0.011838000000000034
-0.011838000000000034
-0.011838000000000034
-0.011838000000000034
-0.011838000000000034
-0.011838000000000034
-0.011838000000000034
-0.011838000000000034
-0.011838000000000034
-0.011838000000000034
-0.011838000000000034
-0.011838000000000034
-0.011838000000000034
-0.011838000000000034
-0.011838000000000034
-0.011838000000000034
-0.011838000000000034
-0.011838000000000034
-0.011838000000000034
-0.011838000000000034
-0.011838000000000034
-0.011838000000000034
-0.011838000000000034
-0.011838000000000034
-0.011838000000000034
-0.011838000000000034
-0.011838000000000034
-0.011838000000000034
-0.011838000000000034
-0.011838000000000034
-0.011838000000000034
-0.011838000000000034
-0.011838000000000034
-0.011838000000000034
-0.011838000000000034
-0.011838000000000034
-0.011838000000000034
-0.011838000000000034
-0.011838000000000034
-0.011838000000000034
-0.011838000000000034
-0.011838000000000034
-0.011838000000000034
-0.011838000000000034
-0.011838000000000034
-0.011838000000000034
-0.011838000000000034
-0.011838000000000034
-0.011838000000000034
-0.011838000000000034
-0.011838000000000034
-0.011838000000000034
-0.011838000000000034
-0.011838000000000034
-0.011838000000000034
-0.010955999999999992
-0.010955999999999992
-0.010955999999999992
-0.010955999999999992
-0.010955999999999992
-0.010955999999999992
-0.010955999999999992
-0.010955999999999992
-0.010955999999999992
-0.010955999999999992
-0.010955999999999992
-0.010955999999999992
-0.010955999999999992
-0.010955999999999992
-0.010955999999999992
-0.010955999999999992
-0.010955999999999992
-0.010955999999999992
-0.010955999999999992
-0.010955999999999992
-0.010955999999999992
-0.010955999999999992
-0.010955999999999992
-0.010955999999999992
-0.010955999999999992
-0.010955999999999992
-0.010955999999999992
-0.010955999999999992
-0.010955999999999992
-0.010955999999999992
-0.010955999999999992
-0.010955999999999992
-0.010955999999999992
-0.010955999999999992
-0.010955999999999992
-0.010955999999999992
-0.010955999999999992
-0.010955999999999992
-0.010955999999999992
-0.010955999999999992
-0.010919999999999992
-0.010919999999999992
-0.010919999999999992
-0.010919999999999992
-0.010919999999999992
-0.010919999999999992
-0.010919999999999992
-0.010919999999999992
-0.010919999999999992
-0.010919999999999992
-0.010919999999999992
-0.010919999999999992
-0.010919999999999992
-0.010919999999999992
-0.01071999999999999
-0.01071999999999999
-0.01071999999999999
-0.01071999999999999
-0.01071999999999999
-0.01071999999999999
-0.01071999999999999
-0.01071999999999999
-0.01071999999999999
-0.01071999999999999
-0.01071999999999999
-0.01071999999999999
-0.01071999999999999
-0.01071999999999999
-0.01071999999999999
-0.01071999999999999
-0.01071999999999999
-0.01071999999999999
-0.01071999999999999
-0.01071999999999999
-0.01071999999999999
-0.01071999999999999
-0.01071999999999999
-0.01071999999999999
-0.01071999999999999
-0.01071999999999999
-0.01071999999999999
-0.01071999999999999
-0.01071999999999999
-0.01071999999999999
-0.01071999999999999
-0.01071999999999999
-0.01071999999999999
-0.01071999999999999
-0.01071999999999999
-0.01071999999999999
-0.01071999999999999
-0.01071999999999999
-0.01071999999999999
-0.01071999999999999
-0.01067299999999999
-0.01067299999999999
-0.009710000000000002
-0.009710000000000002
-0.009710000000000002
-0.009710000000000002
-0.009710000000000002
-0.009710000000000002
-0.009710000000000002
-0.009710000000000002
-0.009710000000000002
-0.009710000000000002
-0.009710000000000002
-0.009710000000000002
-0.009710000000000002
-0.009710000000000002
-0.009710000000000002
-0.009710000000000002
-0.009710000000000002
-0.009710000000000002
-0.009710000000000002
-0.009710000000000002
-0.009710000000000002
-0.009710000000000002
-0.009710000000000002
-0.009710000000000002
-0.009710000000000002
-0.009710000000000002
-0.009710000000000002
-0.009710000000000002
-0.009710000000000002
-0.009710000000000002
-0.009710000000000002
-0.009710000000000002
-0.009710000000000002
-0.009498999999999997
-0.009498999999999997
-0.009498999999999997
-0.009498999999999997
-0.009498999999999997
-0.009498999999999997
-0.009498999999999997
-0.009498999999999997
-0.009498999999999997
-0.009498999999999997
-0.009498999999999997
-0.009498999999999997
-0.009498999999999997
-0.009498999999999997
-0.009498999999999997
-0.009498999999999997
-0.007652000000000016
-0.007652000000000016
-0.007652000000000016
-0.007652000000000016
-0.007652000000000016
-0.007652000000000016
-0.007652000000000016
-0.007652000000000016
-0.007652000000000016
-0.007652000000000016
-0.007652000000000016
-0.007652000000000016
-0.007652000000000016
-0.007652000000000016
-0.007652000000000016
-0.007652000000000016
-0.007652000000000016
-0.007652000000000016
-0.007652000000000016
-0.007652000000000016
-0.007652000000000016
-0.007652000000000016
-0.007652000000000016
-0.007652000000000016
-0.007652000000000016
-0.007652000000000016
-0.007652000000000016
-0.007652000000000016
-0.007652000000000016
-0.007652000000000016
-0.007652000000000016
-0.007652000000000016
-0.007652000000000016
-0.007652000000000016
-0.007559000000000003
-0.007559000000000003
-0.007559000000000003
-0.007559000000000003
-0.007559000000000003
-0.007559000000000003
-0.007559000000000003
-0.007559000000000003
-0.007559000000000003
-0.007559000000000003
-0.007559000000000003
-0.007559000000000003
-0.007559000000000003
-0.007559000000000003
-0.007559000000000003
-0.007559000000000003
-0.007559000000000003
-0.007559000000000003
-0.007559000000000003
-0.007559000000000003
-0.007559000000000003
-0.007559000000000003
-0.007559000000000003
-0.007559000000000003
-0.007559000000000003
-0.007559000000000003
-0.007559000000000003
-0.007559000000000003
-0.007559000000000003
-0.007559000000000003
-0.007559000000000003
-0.007559000000000003
-0.007559000000000003
-0.006867000000000002
-0.006867000000000002
-0.006867000000000002
-0.006867000000000002
-0.006867000000000002
-0.006867000000000002
-0.006867000000000002
-0.006867000000000002
-0.006867000000000002
-0.006867000000000002
-0.006867000000000002
-0.006867000000000002
-0.006867000000000002
-0.006867000000000002
-0.006867000000000002
-0.006867000000000002
-0.006867000000000002
-0.006867000000000002
-0.006867000000000002
-0.006867000000000002
-0.006867000000000002
-0.006867000000000002
-0.006867000000000002
-0.006867000000000002
-0.006867000000000002
-0.006867000000000002
-0.006867000000000002
-0.006867000000000002
-0.006867000000000002
-0.006867000000000002
-0.006867000000000002
-0.006867000000000002
-0.006867000000000002
-0.005368999999999995
-0.005368999999999995
-0.005368999999999995
-0.005368999999999995
-0.005368999999999995
-0.005368999999999995
-0.005368999999999995
-0.005368999999999995
-0.005368999999999995
-0.005368999999999995
-0.005368999999999995
-0.005368999999999995
-0.005368999999999995
-0.005368999999999995
-0.005368999999999995
-0.005368999999999995
-0.005368999999999995
-0.005368999999999995
-0.005368999999999995
-0.005368999999999995
-0.005368999999999995
-0.005368999999999995
-0.005368999999999995
-0.005368999999999995
-0.005368999999999995
-0.0047230000000000145
-0.0047230000000000145
-0.0047230000000000145
-0.0047230000000000145
-0.0047230000000000145
-0.0047230000000000145
-0.0047230000000000145
-0.0047230000000000145
-0.0047230000000000145
-0.0047230000000000145
-0.0047230000000000145
-0.0047230000000000145
-0.0047230000000000145
-0.0047230000000000145
-0.0047230000000000145
-0.0047230000000000145
-0.0047230000000000145
-0.0047230000000000145
-0.0047230000000000145
-0.0047230000000000145
-0.0047230000000000145
-0.0047230000000000145
-0.0047230000000000145
-0.0047230000000000145
-0.0047230000000000145
-0.0047230000000000145
-0.0047230000000000145
-0.0047230000000000145
-0.0047230000000000145
-0.0047230000000000145
-0.0047230000000000145
-0.0047230000000000145
-0.0047230000000000145
-0.0047230000000000145
-0.0047230000000000145
-0.0047230000000000145
-0.0047230000000000145
-0.0047230000000000145
-0.0047230000000000145
-0.0020580000000000047
-0.0020580000000000047
-0.0020580000000000047
-0.0020580000000000047
-0.0020580000000000047
-0.0020580000000000047
-0.0020580000000000047
-0.0020580000000000047
-0.0020580000000000047
-0.0020580000000000047
-0.0020580000000000047
-0.0020580000000000047
-0.0020580000000000047
-0.0020580000000000047
-0.0020580000000000047
-0.0020580000000000047
-0.0020580000000000047
-0.0020580000000000047
-0.0020580000000000047
-0.0020580000000000047
-0.0020580000000000047
-0.0020580000000000047
-0.0020580000000000047
-0.0020580000000000047
-0.0020580000000000047
-0.0020580000000000047
-0.0020580000000000047
-0.0020580000000000047
-0.0020580000000000047
-0.0020580000000000047
-0.0020580000000000047
-0.0020580000000000047
-0.0020580000000000047
-0.0020580000000000047
-0.0020580000000000047
-0.0020580000000000047
-0.0020580000000000047
-0.0020580000000000047
-0.0020580000000000047
-0.0020580000000000047
-0.0020580000000000047
-0.0020580000000000047
-0.0020580000000000047
-0.0020580000000000047
-0.0020580000000000047
-0.0020580000000000047
-0.0020580000000000047
-0.0020580000000000047
-0.0020580000000000047
-0.0020580000000000047
-0.0020580000000000047
-0.0020580000000000047
-0.0020580000000000047
-0.0020580000000000047
-0.0020580000000000047
-0.0020580000000000047
-0.0020580000000000047
-0.0020580000000000047
-0.0020580000000000047
-0.0020580000000000047
-0.0020580000000000047
-0.0020580000000000047
-0.0020580000000000047
-0.0020580000000000047
-0.0020580000000000047
-0.0020580000000000047
-0.0020580000000000047
-0.0020580000000000047
-0.0020580000000000047
-0.0020580000000000047
-0.0020580000000000047
-0.0020580000000000047
-0.0020580000000000047
-0.0020580000000000047
-0.0020580000000000047
-0.0020580000000000047
-0.0020580000000000047
-0.0020580000000000047
-0.0020580000000000047
-0.0020580000000000047
-0.0020580000000000047
-0.0020580000000000047
-0.0020580000000000047
-0.0020580000000000047
-0.0004860000000000012
-0.0004860000000000012
-0.0004860000000000012
-0.0004860000000000012
-0.0004860000000000012
-0.0004860000000000012
-0.0004860000000000012
-0.0004860000000000012
-0.0004860000000000012
-0.0004860000000000012
-0.0004860000000000012
-0.0004860000000000012
-0.0004860000000000012
-0.0004860000000000012
-9.199999999998666e-05
-9.199999999998666e-05
-9.199999999998666e-05
-9.199999999998666e-05
-9.199999999998666e-05
-9.199999999998666e-05
-9.199999999998666e-05
-9.199999999998666e-05
-9.199999999998666e-05
-9.199999999998666e-05
-9.199999999998666e-05
-9.199999999998666e-05
-9.199999999998666e-05
-9.199999999998666e-05
-9.199999999998666e-05
-9.199999999998666e-05
-9.199999999998666e-05
-9.199999999998666e-05
-3.19999999999951e-05
-3.19999999999951e-05
-3.19999999999951e-05
-3.19999999999951e-05
-3.19999999999951e-05
-3.19999999999951e-05
-3.19999999999951e-05
-3.19999999999951e-05
-3.19999999999951e-05
-3.19999999999951e-05
-3.19999999999951e-05
-3.19999999999951e-05
-3.19999999999951e-05
-3.19999999999951e-05
-3.19999999999951e-05
-3.19999999999951e-05
-3.19999999999951e-05
-3.19999999999951e-05
-3.19999999999951e-05
0.0007640000000000005
0.0007640000000000005
0.0007640000000000005
0.0007640000000000005
0.0007640000000000005
0.0007640000000000005
0.0007640000000000005
0.0007640000000000005
0.0007640000000000005
0.0007640000000000005
0.0007640000000000005
0.0007640000000000005
0.0007640000000000005
0.0007640000000000005
0.0007640000000000005
0.0007640000000000005
0.0007640000000000005
0.0007640000000000005
0.0007640000000000005
0.0007640000000000005
0.0007640000000000005
0.0007640000000000005
0.0007640000000000005
0.0007640000000000005
0.0007640000000000005
0.0007640000000000005
0.0007640000000000005
0.0007640000000000005
0.0007640000000000005
0.0007640000000000005
0.0007640000000000005
0.0007640000000000005
0.0007640000000000005
0.0007640000000000005
0.0007640000000000005
0.0007640000000000005
0.0007640000000000005
0.0007640000000000005
0.0007640000000000005
0.0007640000000000005
0.0007640000000000005
0.0007640000000000005
0.0007640000000000005
0.0007640000000000005
0.0007640000000000005
0.0007640000000000005
0.0007640000000000005
0.0007640000000000005
0.0007640000000000005
0.0007640000000000005
0.0007640000000000005
0.0007640000000000005
0.0007640000000000005
0.0007640000000000005
0.0007640000000000005
0.0007640000000000005
0.0007640000000000005
0.0007640000000000005
0.0022280000000000117
0.0022280000000000117
0.0022280000000000117
0.0022280000000000117
0.0022280000000000117
0.0022280000000000117
0.0022280000000000117
0.0022280000000000117
0.0022280000000000117
0.0022280000000000117
0.0022280000000000117
0.0022280000000000117
0.0022280000000000117
0.0022280000000000117
0.0022280000000000117
0.0022280000000000117
0.0022280000000000117
0.0022280000000000117
0.0022280000000000117
0.0022280000000000117
0.0022280000000000117
0.0022280000000000117
0.0022280000000000117
0.0022280000000000117
0.0022280000000000117
0.0022280000000000117
0.0022280000000000117
0.0022280000000000117
0.0022280000000000117
0.0022280000000000117
0.0022280000000000117
0.0022280000000000117
0.0022280000000000117
0.0022280000000000117
0.0022280000000000117
0.0022280000000000117
0.0022280000000000117
0.0022280000000000117
0.0022280000000000117
0.0022280000000000117
0.0022280000000000117
0.0022280000000000117
0.0022280000000000117
0.0022280000000000117
0.0022280000000000117
0.0022280000000000117
0.0022280000000000117
0.0022280000000000117
0.0022280000000000117
0.0022280000000000117
0.0022280000000000117
0.0022280000000000117
0.0022280000000000117
0.0022280000000000117
0.0022280000000000117
0.0022280000000000117
0.0022280000000000117
0.0022280000000000117
0.0022280000000000117
0.0022280000000000117
0.0022280000000000117
0.0022280000000000117
0.0022280000000000117
0.0022280000000000117
0.0022280000000000117
0.0022280000000000117
0.0022280000000000117
0.0022280000000000117
0.0022280000000000117
0.0022280000000000117
0.0022280000000000117
0.0022280000000000117
0.0022280000000000117
0.0022280000000000117
0.0022280000000000117
0.0022280000000000117
0.0022280000000000117
0.0022280000000000117
0.0022280000000000117
0.0022280000000000117
0.0022280000000000117
0.0022280000000000117
0.0022280000000000117
0.0022280000000000117
0.0022280000000000117
0.0022280000000000117
0.0022280000000000117
0.0022280000000000117
0.0022280000000000117
0.0022280000000000117
0.0022280000000000117
0.0022280000000000117
0.0022280000000000117
0.0022280000000000117
0.0022280000000000117
0.0022280000000000117
0.0022280000000000117
0.0022280000000000117
0.0022280000000000117
0.0022280000000000117
0.0022280000000000117
0.0022280000000000117
0.0022280000000000117
0.0022280000000000117
0.0022280000000000117
0.0022280000000000117
0.0022280000000000117
0.0022280000000000117
0.0022280000000000117
0.0022280000000000117
0.0022280000000000117
0.0022280000000000117
0.0022280000000000117
0.0030809999999999926
0.0030809999999999926
0.0030809999999999926
0.0030809999999999926
0.0030809999999999926
0.0030809999999999926
0.0030809999999999926
0.0030809999999999926
0.0030809999999999926
0.0030809999999999926
0.0030809999999999926
0.0030809999999999926
0.0030809999999999926
0.0030809999999999926
0.0030809999999999926
0.0030809999999999926
0.0030809999999999926
0.0030809999999999926
0.0030809999999999926
0.0030809999999999926
0.0030809999999999926
0.0030809999999999926
0.0030809999999999926
0.0030809999999999926
0.0030809999999999926
0.003424000000000006
0.003424000000000006
0.003424000000000006
0.003424000000000006
0.003424000000000006
0.003424000000000006
0.003424000000000006
0.003424000000000006
0.003424000000000006
0.003424000000000006
0.003424000000000006
0.003424000000000006
0.003424000000000006
0.003424000000000006
0.003424000000000006
0.003424000000000006
0.003424000000000006
0.0036049999999999984
0.0036049999999999984
0.0036049999999999984
0.0036049999999999984
0.004759999999999997
0.004759999999999997
0.004759999999999997
0.004759999999999997
0.004759999999999997
0.004759999999999997
0.004759999999999997
0.004759999999999997
0.004759999999999997
0.004759999999999997
0.004759999999999997
0.004759999999999997
0.004759999999999997
0.004759999999999997
0.004759999999999997
0.004759999999999997
0.004759999999999997
0.004759999999999997
0.004759999999999997
0.004759999999999997
0.004759999999999997
0.004759999999999997
0.004759999999999997
0.004759999999999997
0.004759999999999997
0.004759999999999997
0.004759999999999997
0.004759999999999997
0.004759999999999997
0.004759999999999997
0.004759999999999997
0.004759999999999997
0.004759999999999997
0.004759999999999997
0.004759999999999997
0.004759999999999997
0.004759999999999997
0.004759999999999997
0.004759999999999997
0.004759999999999997
0.004759999999999997
0.004759999999999997
0.004759999999999997
0.004759999999999997
0.004759999999999997
0.004759999999999997
0.004759999999999997
0.004759999999999997
0.004759999999999997
0.004759999999999997
0.004759999999999997
0.004759999999999997
0.004759999999999997
0.004759999999999997
0.004759999999999997
0.004759999999999997
0.004759999999999997
0.004759999999999997
0.004759999999999997
0.004759999999999997
0.004759999999999997
0.004759999999999997
0.004759999999999997
0.004759999999999997
0.004759999999999997
0.004759999999999997
0.004759999999999997
0.004759999999999997
0.004759999999999997
0.004759999999999997
0.004759999999999997
0.004759999999999997
0.004759999999999997
0.004759999999999997
0.004759999999999997
0.004759999999999997
0.004759999999999997
0.004759999999999997
0.004759999999999997
0.004759999999999997
0.004759999999999997
0.004759999999999997
0.004759999999999997
0.004759999999999997
0.004759999999999997
0.004759999999999997
0.004759999999999997
0.004759999999999997
0.004759999999999997
0.004759999999999997
0.004759999999999997
0.004759999999999997
0.004759999999999997
0.004759999999999997
0.004759999999999997
0.004759999999999997
0.004759999999999997
0.004759999999999997
0.004759999999999997
0.004759999999999997
0.004759999999999997
0.004759999999999997
0.004759999999999997
0.004759999999999997
0.007813999999999974
0.007813999999999974
0.007813999999999974
0.007813999999999974
0.007813999999999974
0.007813999999999974
0.007813999999999974
0.007813999999999974
0.007813999999999974
0.007813999999999974
0.007813999999999974
0.007813999999999974
0.007813999999999974
0.007813999999999974
0.007813999999999974
0.007813999999999974
0.007813999999999974
0.007813999999999974
0.007813999999999974
0.007813999999999974
0.007813999999999974
0.007813999999999974
0.007813999999999974
0.007813999999999974
0.007813999999999974
0.007813999999999974
0.007813999999999974
0.007813999999999974
0.007813999999999974
0.007813999999999974
0.007813999999999974
0.007813999999999974
0.007813999999999974
0.007813999999999974
0.007813999999999974
0.007813999999999974
0.007813999999999974
0.007813999999999974
0.007813999999999974
0.007813999999999974
0.007813999999999974
0.007813999999999974
0.007813999999999974
0.007813999999999974
0.007813999999999974
0.007813999999999974
0.007813999999999974
0.007813999999999974
0.007813999999999974
0.007813999999999974
0.007813999999999974
0.007813999999999974
0.007813999999999974
0.007813999999999974
0.007813999999999974
0.007813999999999974
0.007813999999999974
0.007813999999999974
0.007813999999999974
0.007813999999999974
0.007813999999999974
0.007813999999999974
0.007813999999999974
0.007813999999999974
0.007813999999999974
0.007813999999999974
0.007813999999999974
0.007813999999999974
0.007813999999999974
0.007813999999999974
0.007813999999999974
0.007813999999999974
0.007813999999999974
0.007813999999999974
0.007813999999999974
0.007813999999999974
0.007813999999999974
0.007813999999999974
0.007813999999999974
0.007813999999999974
0.007813999999999974
0.007813999999999974
0.007813999999999974
0.007813999999999974
0.007813999999999974
0.007813999999999974
0.007813999999999974
0.007813999999999974
0.007813999999999974
0.007813999999999974
0.007813999999999974
0.007813999999999974
0.007813999999999974
0.007813999999999974
0.007813999999999974
0.007813999999999974
0.007813999999999974
0.007813999999999974
0.007813999999999974
0.007813999999999974
0.007813999999999974
0.007813999999999974
0.007813999999999974
0.007813999999999974
0.007813999999999974
0.007813999999999974
0.007813999999999974
0.007813999999999974
0.007813999999999974
0.007813999999999974
0.007813999999999974
0.007813999999999974
0.007813999999999974
0.007813999999999974
0.007813999999999974
0.007813999999999974
0.007813999999999974
0.007813999999999974
0.007813999999999974
0.007813999999999974
0.007813999999999974
0.007813999999999974
0.007813999999999974
0.007813999999999974
0.007813999999999974
0.007813999999999974
0.007813999999999974
0.007813999999999974
0.007813999999999974
0.007813999999999974
0.007813999999999974
0.007813999999999974
0.007813999999999974
0.007813999999999974
0.007813999999999974
0.007813999999999974
0.007813999999999974
0.007813999999999974
0.007813999999999974
0.007813999999999974
0.007813999999999974
0.007813999999999974
0.007813999999999974
0.007813999999999974
0.007813999999999974
0.007813999999999974
0.007813999999999974
0.007813999999999974
0.007813999999999974
0.007813999999999974
0.007813999999999974
0.007813999999999974
0.007813999999999974
0.007813999999999974
0.007813999999999974
0.007813999999999974
0.007813999999999974
0.007813999999999974
0.007813999999999974
0.007813999999999974
0.007813999999999974
0.007813999999999974
0.007813999999999974
0.007813999999999974
0.007813999999999974
0.007813999999999974
0.007813999999999974
0.007813999999999974
0.007813999999999974
0.007813999999999974
0.007813999999999974
0.007813999999999974
0.007813999999999974
0.007813999999999974
0.007813999999999974
0.007813999999999974
0.007813999999999974
0.007813999999999974
0.007813999999999974
0.007813999999999974
0.007813999999999974
0.007813999999999974
0.007813999999999974
0.007813999999999974
0.007813999999999974
0.007813999999999974
0.007813999999999974
0.007813999999999974
0.007813999999999974
0.007813999999999974
0.007813999999999974
0.007813999999999974
0.007813999999999974
0.007813999999999974
0.007813999999999974
0.007813999999999974
0.007813999999999974
0.007813999999999974
0.007813999999999974
0.007813999999999974
0.007813999999999974
0.007813999999999974
0.007813999999999974
0.007813999999999974
0.007813999999999974
0.007813999999999974
0.007813999999999974
0.007813999999999974
0.007813999999999974
0.007813999999999974
0.007813999999999974
0.007813999999999974
0.007813999999999974
0.007813999999999974
0.007813999999999974
0.007813999999999974
0.007813999999999974
0.007813999999999974
0.007813999999999974
0.007813999999999974
0.007813999999999974
0.007813999999999974
0.007813999999999974
0.007813999999999974
0.007813999999999974
0.007813999999999974
0.007813999999999974
0.007813999999999974
0.007813999999999974
0.007813999999999974
0.007813999999999974
0.007813999999999974
0.007813999999999974
0.007813999999999974
0.007813999999999974
0.007813999999999974
0.007813999999999974
0.007813999999999974
0.007813999999999974
0.007813999999999974
0.007813999999999974
0.007813999999999974
0.007813999999999974
0.007813999999999974
0.007813999999999974
0.007813999999999974
0.007813999999999974
0.007813999999999974
0.007813999999999974
0.007813999999999974
0.007813999999999974
0.007813999999999974
0.007813999999999974
0.007813999999999974
0.007813999999999974
0.007813999999999974
0.007813999999999974
0.007813999999999974
0.007813999999999974
0.007813999999999974
0.007813999999999974
0.007813999999999974
0.007813999999999974
0.007813999999999974
0.007813999999999974
0.007813999999999974
0.007813999999999974
0.007813999999999974
0.007813999999999974
0.007813999999999974
0.007813999999999974
0.007813999999999974
0.007813999999999974
0.007813999999999974
0.007813999999999974
0.007813999999999974
0.007813999999999974
0.007813999999999974
0.007813999999999974
0.007813999999999974
0.007813999999999974
0.007813999999999974
0.007813999999999974
0.007813999999999974
0.007813999999999974
0.007813999999999974
0.007813999999999974
0.007813999999999974
0.007813999999999974
0.007813999999999974
0.007813999999999974
0.007813999999999974
0.007813999999999974
0.007813999999999974
0.007813999999999974
0.007813999999999974
0.007813999999999974
0.007813999999999974
0.007813999999999974
0.007813999999999974
0.007813999999999974
0.007813999999999974
0.007813999999999974
0.007813999999999974
0.007813999999999974
0.007813999999999974
0.007813999999999974
0.007813999999999974
0.007813999999999974
0.007813999999999974
0.007813999999999974
0.007813999999999974
0.007813999999999974
0.007813999999999974
0.007813999999999974
0.007813999999999974
0.007813999999999974
0.007813999999999974
0.007813999999999974
0.007813999999999974
0.007813999999999974
0.007813999999999974
0.007813999999999974
0.007813999999999974
0.007813999999999974
0.007813999999999974
0.007813999999999974
0.007813999999999974
0.007813999999999974
0.007813999999999974
0.007813999999999974
0.007813999999999974
0.007813999999999974
0.007813999999999974
0.007813999999999974
0.007813999999999974
0.007813999999999974
0.007813999999999974
0.007813999999999974
0.007813999999999974
0.007813999999999974
0.007813999999999974
0.007813999999999974
0.007813999999999974
0.007813999999999974
0.007813999999999974
0.007813999999999974
0.007813999999999974
0.007813999999999974
0.007813999999999974
0.007813999999999974
0.007813999999999974
0.007813999999999974
0.007813999999999974
0.007813999999999974
0.007813999999999974
0.007813999999999974
0.007813999999999974
0.007813999999999974
0.007813999999999974
0.007813999999999974
0.007813999999999974
0.007813999999999974
0.007813999999999974
0.007813999999999974
0.007813999999999974
0.007813999999999974
0.007813999999999974
0.00903799999999996
0.00903799999999996
0.00903799999999996
0.00903799999999996
0.00903799999999996
0.00903799999999996
0.00903799999999996
0.00903799999999996
0.00903799999999996
0.00903799999999996
0.00903799999999996
0.00903799999999996
0.00903799999999996
0.00903799999999996
0.00903799999999996
0.00903799999999996
0.00903799999999996
0.00903799999999996
0.00903799999999996
0.00903799999999996
0.00903799999999996
0.00903799999999996
0.00903799999999996
0.00903799999999996
0.00903799999999996
0.00903799999999996
0.00903799999999996
0.00903799999999996
0.00903799999999996
0.00903799999999996
0.00903799999999996
0.00903799999999996
0.00903799999999996
0.00903799999999996
0.00903799999999996
0.00903799999999996
0.00903799999999996
0.00903799999999996
0.00903799999999996
0.00903799999999996
0.00903799999999996
0.00903799999999996
0.00903799999999996
0.00903799999999996
0.00903799999999996
0.00903799999999996
0.00903799999999996
0.00903799999999996
0.00903799999999996
0.00903799999999996
0.00903799999999996
0.00903799999999996
0.00903799999999996
0.00903799999999996
0.00903799999999996
