-0.13076100000000027
-0.1235430000000003
-0.12103799999999987
-0.1162470000000001
-0.11815700000000015
-0.11621699999999999
-0.11111400000000021
-0.10822999999999995
-0.10980099999999991
-0.1100210000000004
-0.10696600000000021
-0.10485500000000013
-0.10358299999999995
-0.10194300000000013
-0.10000300000000019
-0.10294600000000007
-0.10248100000000022
-0.09846900000000007
-0.10062000000000022
-0.09747100000000009
-0.09784200000000014
-0.0941550000000002
-0.09924500000000022
-0.09741100000000016
-0.09889900000000007
-0.09651000000000019
-0.09555600000000011
-0.09464200000000031
-0.0958090000000002
-0.09290100000000032
-0.09306300000000021
-0.0936760000000001
-0.09515900000000029
-0.09197300000000011
-0.09342400000000008
-0.09112700000000021
-0.09276100000000005
-0.09061600000000011
-0.08850200000000011
-0.08916300000000028
-0.08725200000000016
-0.08928900000000009
-0.08934000000000024
-0.08617600000000011
-0.08550100000000008
-0.0879890000000001
-0.08849900000000013
-0.08340100000000016
-0.08647500000000019
-0.08735000000000016
-0.0835730000000002
-0.08632200000000026
-0.08583200000000017
-0.08181400000000019
-0.08042600000000029
-0.08263900000000028
-0.08001300000000014
-0.08203100000000019
-0.08118700000000016
-0.07871500000000024
-0.07896800000000015
-0.0782630000000001
-0.0832100000000001
-0.08144400000000022
-0.07826100000000015
-0.08035900000000011
-0.07805300000000004
-0.07679600000000011
-0.07901000000000027
-0.08146900000000028
-0.07741700000000024
-0.0767360000000001
-0.07660300000000009
-0.07495900000000019
-0.07578200000000002
-0.07685800000000012
-0.08151000000000018
-0.07908100000000014
-0.07564200000000018
-0.07510700000000009
-0.07613100000000017
-0.07465600000000015
-0.07584400000000018
-0.07521100000000008
-0.07451300000000009
-0.07344700000000023
-0.07599299999999999
-0.07437800000000008
-0.07313200000000022
-0.07243300000000011
-0.07416900000000018
-0.07280100000000016
-0.07384600000000012
-0.0754960000000002
-0.07590100000000014
-0.07401800000000007
-0.07441500000000002
-0.07710700000000015
-0.07413900000000015
-0.07424999999999998
-0.07294600000000012
-0.0725940000000001
-0.07501700000000013
-0.07007200000000019
-0.07153700000000017
-0.07165600000000016
-0.07191000000000018
-0.07375200000000008
-0.07285000000000001
-0.0724740000000002
-0.07054700000000005
-0.07125100000000002
-0.07046500000000003
-0.07213000000000001
-0.06699800000000011
-0.06885800000000013
-0.0662540000000001
-0.07034100000000003
-0.06872900000000011
-0.06744500000000017
-0.06860500000000015
-0.06550500000000015
-0.06811100000000007
-0.066891
-0.06603800000000018
-0.06808900000000011
-0.06838500000000007
-0.06708000000000015
-0.06666600000000007
-0.06706100000000007
-0.07020800000000006
-0.06618200000000003
-0.06634100000000015
-0.06646400000000012
-0.06774000000000015
-0.06639200000000005
-0.06546500000000016
-0.06580600000000006
-0.06495200000000009
-0.06665000000000004
-0.06716600000000006
-0.06838400000000014
-0.06537700000000013
-0.06621000000000002
-0.06407100000000011
-0.0647560000000001
-0.06476900000000009
-0.06921100000000002
-0.06450200000000007
-0.06845900000000003
-0.06691500000000007
-0.06648000000000004
-0.06756300000000004
-0.06712900000000009
-0.0670150000000001
-0.06492700000000015
-0.06322900000000016
-0.06741000000000018
-0.06556900000000007
-0.06534600000000014
-0.06702800000000018
-0.06626600000000017
-0.06905700000000004
-0.0658470000000001
-0.06352800000000008
-0.0650810000000001
-0.06408300000000011
-0.06435000000000018
-0.06348600000000017
-0.06404499999999998
-0.06376400000000013
-0.06435000000000005
-0.06387400000000008
-0.06189800000000007
-0.061956000000000074
-0.06171600000000006
-0.06206500000000011
-0.06303500000000002
-0.06304200000000014
-0.06263000000000006
-0.06150799999999999
-0.06431400000000011
-0.06451000000000005
-0.06018200000000003
-0.06215200000000009
-0.06132099999999996
-0.06265800000000003
-0.06278800000000005
-0.06580900000000015
-0.06227200000000009
-0.062177000000000045
-0.06117300000000014
-0.06357800000000008
-0.06199100000000014
-0.06112300000000008
-0.06320500000000008
-0.06172100000000008
-0.06280700000000011
-0.060748000000000045
-0.06091500000000008
-0.062971
-0.060745000000000104
-0.062414000000000136
-0.05983500000000008
-0.06263100000000003
-0.062447000000000086
-0.06275100000000006
-0.05990100000000003
-0.06363200000000008
-0.06024700000000005
-0.06162800000000012
-0.059622000000000105
-0.060730000000000006
-0.06447900000000004
-0.06066400000000012
-0.061846000000000005
-0.05852100000000008
-0.05797100000000006
-0.06016500000000008
-0.06205600000000005
-0.061133000000000166
-0.06104600000000007
-0.05956600000000003
-0.059296000000000085
-0.05854700000000006
-0.05957400000000004
-0.06079600000000011
-0.05780800000000008
-0.05951900000000004
-0.06056800000000009
-0.06002600000000009
-0.05973300000000007
-0.06262600000000008
-0.05908400000000004
-0.057716000000000066
-0.058468000000000055
-0.058949000000000126
-0.060591000000000124
-0.060113000000000014
-0.056655000000000066
-0.05796800000000013
-0.058644000000000016
-0.05785200000000009
-0.05761700000000012
-0.05815100000000007
-0.057118000000000065
-0.05983300000000008
-0.060605000000000166
-0.05691700000000017
-0.056599000000000135
-0.056727000000000076
-0.05594600000000011
-0.05524900000000009
-0.05692700000000007
-0.056336000000000094
-0.0551310000000001
-0.05789800000000006
-0.061803000000000136
-0.059588000000000044
-0.05674900000000007
-0.058335000000000116
-0.05585000000000008
-0.057582000000000064
-0.05875700000000006
-0.05575100000000006
-0.056682
-0.057547000000000105
-0.05645500000000018
-0.05757900000000011
-0.05631400000000019
-0.055202000000000126
-0.05668100000000012
-0.05567100000000014
-0.054173000000000096
-0.05543100000000012
-0.05510400000000011
-0.060035999999999944
-0.05542200000000012
-0.05599100000000009
-0.05593600000000015
-0.0577270000000002
-0.0560200000000001
-0.05522600000000012
-0.053117000000000074
-0.05537400000000009
-0.05500100000000011
-0.055725000000000094
-0.05744500000000013
-0.05531300000000007
-0.05501700000000012
-0.05580200000000012
-0.05963000000000017
-0.05463200000000008
-0.05561200000000008
-0.05562600000000011
-0.05550100000000006
-0.05514700000000006
-0.0554360000000001
-0.05511500000000011
-0.05570800000000012
-0.05456600000000012
-0.05579200000000004
-0.0538750000000001
-0.054818000000000165
-0.0526690000000001
-0.054965000000000167
-0.05621200000000017
-0.0557210000000001
-0.05327400000000002
-0.05297800000000009
-0.05344200000000011
-0.051725000000000076
-0.0507590000000001
-0.05396400000000012
-0.05512100000000005
-0.05341
-0.050014000000000045
-0.050473000000000004
-0.05135699999999999
-0.05270100000000005
-0.05155300000000002
-0.05037600000000009
-0.048635000000000025
-0.04903900000000001
-0.049331000000000076
-0.049457
-0.05170600000000003
-0.05452400000000008
-0.05200500000000005
-0.05074000000000005
-0.050213000000000084
-0.048966000000000114
-0.04935500000000002
-0.04713100000000009
-0.04995500000000006
-0.04777100000000004
-0.053499
-0.048510000000000005
-0.04841300000000005
-0.04805100000000011
-0.049929000000000036
-0.047045000000000094
-0.04670500000000005
-0.04716100000000005
-0.04467800000000004
-0.047113000000000085
-0.046852000000000074
-0.047122000000000025
-0.048049000000000015
-0.04752299999999998
-0.045049000000000006
-0.04553900000000003
-0.046016000000000036
-0.045758000000000014
-0.04459300000000001
-0.04517600000000004
-0.04438600000000003
-0.04637600000000001
-0.044789
-0.044470000000000086
-0.04377500000000003
-0.04704800000000001
-0.048137
-0.048087000000000026
-0.04559700000000001
-0.04819300000000002
-0.04993600000000007
-0.044507000000000047
-0.046695000000000014
-0.047251000000000015
-0.04718800000000001
-0.044224999999999993
-0.04658699999999998
-0.047823000000000025
-0.049409000000000015
-0.049153
-0.044105
-0.044485
-0.04609900000000002
-0.045795
-0.043608000000000084
-0.043925
-0.046991000000000005
-0.04565100000000005
-0.04383300000000004
-0.04901300000000001
-0.04595900000000006
-0.045327999999999986
-0.04833499999999998
-0.04523700000000002
-0.04767600000000005
-0.04716699999999999
-0.045188
-0.04600799999999997
-0.04427600000000003
-0.045579999999999996
-0.04319300000000006
-0.04445800000000004
-0.042803000000000056
-0.04603099999999997
-0.04396
-0.045785000000000006
-0.047291
-0.04556400000000002
-0.04518900000000004
-0.04549400000000004
-0.04260600000000006
-0.04388
-0.04163000000000001
-0.04129299999999998
-0.04406100000000001
-0.04253
-0.04390599999999996
-0.04129500000000001
-0.044289
-0.04185599999999999
-0.04169299999999995
-0.04287300000000003
-0.044296999999999975
-0.044406999999999995
-0.04176900000000004
-0.043039000000000015
-0.04174600000000001
-0.04254799999999998
-0.04090300000000005
-0.04113400000000002
-0.041749
-0.04051099999999997
-0.039956
-0.043919
-0.04274099999999998
-0.04182200000000006
-0.04228900000000001
-0.041032
-0.03981799999999999
-0.041575
-0.043209999999999985
-0.041152999999999974
-0.04038299999999997
-0.04121799999999994
-0.039281999999999956
-0.04048400000000002
-0.04115500000000001
-0.042574
-0.04463399999999999
-0.03934500000000002
-0.04202700000000001
-0.03937999999999997
-0.04113399999999998
-0.04343400000000003
-0.041029
-0.04123300000000001
-0.04034500000000002
-0.04117899999999999
-0.04005099999999997
-0.04214900000000003
-0.03960800000000004
-0.04074399999999997
-0.040465999999999995
-0.040455000000000046
-0.04131200000000001
-0.04047300000000002
-0.03909300000000004
-0.038919
-0.04068600000000002
-0.03873400000000001
-0.037772999999999994
-0.044580000000000036
-0.04065900000000003
-0.043161999999999964
-0.04084100000000001
-0.040571999999999955
-0.03870799999999998
-0.03961199999999997
-0.039282000000000004
-0.040021999999999974
-0.04009399999999998
-0.039899000000000025
-0.040305000000000035
-0.03822000000000002
-0.039875999999999995
-0.04157099999999998
-0.03754
-0.038418999999999974
-0.04190499999999997
-0.03951200000000001
-0.03855499999999995
-0.03920700000000004
-0.039271000000000014
-0.04287699999999999
-0.03863200000000006
-0.04164599999999998
-0.04232299999999997
-0.038153999999999993
-0.03918499999999996
-0.040581999999999924
-0.03971900000000003
-0.038030000000000015
-0.03878599999999999
-0.038488000000000015
-0.041169000000000046
-0.03749799999999998
-0.03797699999999997
-0.03853199999999997
-0.03676899999999999
-0.041914999999999966
-0.039833999999999974
-0.04218699999999997
-0.041043999999999976
-0.040935999999999945
-0.039813999999999954
-0.03914100000000002
-0.04048999999999999
-0.03817499999999998
-0.03818499999999995
-0.03869099999999998
-0.03934799999999999
-0.03760700000000001
-0.03863399999999995
-0.04148999999999998
-0.037567999999999976
-0.042749999999999996
-0.040753000000000025
-0.04036099999999998
-0.043123999999999975
-0.041179000000000035
-0.04116000000000002
-0.04009499999999998
-0.041624000000000015
-0.039337
-0.03949400000000003
-0.040416000000000035
-0.04141400000000001
-0.04036300000000002
-0.03737599999999999
-0.038909999999999965
-0.04056499999999999
-0.03730099999999997
-0.03704800000000001
-0.03844400000000001
-0.039436000000000006
-0.037562999999999985
-0.039176000000000016
-0.03970699999999998
-0.039014999999999994
-0.038965999999999966
-0.03983200000000002
-0.04139499999999999
-0.03884199999999998
-0.04117400000000002
-0.03843999999999996
-0.041531000000000005
-0.03964799999999999
-0.03978699999999999
-0.040458999999999946
-0.038613999999999996
-0.03774599999999998
-0.03822100000000002
-0.03636999999999998
-0.041143000000000034
-0.04141899999999996
-0.03584699999999999
-0.03740000000000004
-0.038074
-0.040405999999999935
-0.03926299999999999
-0.03696099999999999
-0.036556999999999985
-0.03515800000000003
-0.03550099999999997
-0.03747100000000002
-0.03699099999999998
-0.034302999999999986
-0.03698199999999998
-0.03794999999999998
-0.035169999999999944
-0.03629999999999994
-0.033485999999999974
-0.034089999999999974
-0.03538299999999992
-0.035424000000000025
-0.038620999999999996
-0.03280799999999999
-0.03373199999999994
-0.03687700000000001
-0.03736599999999998
-0.034079000000000005
-0.03426399999999998
-0.034470999999999995
-0.03809599999999999
-0.032958999999999974
-0.03181799999999995
-0.03694900000000002
-0.03360799999999997
-0.03588600000000001
-0.03325400000000002
-0.033249999999999925
-0.03356900000000003
-0.034890000000000004
-0.033606999999999956
-0.03418399999999997
-0.03437599999999996
-0.03602299999999998
-0.03640499999999999
-0.03504699999999994
-0.032852
-0.03415199999999998
-0.03398299999999995
-0.03312399999999993
-0.03691600000000001
-0.03559199999999996
-0.03591900000000001
-0.033017
-0.033225999999999964
-0.03535299999999996
-0.033682
-0.03636899999999995
-0.036497
-0.03299400000000001
-0.035856000000000034
-0.033675
-0.036105
-0.03227199999999997
-0.03340000000000005
-0.03325100000000003
-0.03301599999999995
-0.03273999999999998
-0.03348899999999999
-0.03337199999999994
-0.03414200000000002
-0.03239499999999998
-0.032878000000000004
-0.031366999999999964
-0.03240799999999997
-0.036393000000000016
-0.032600999999999894
-0.03336899999999997
-0.03567499999999999
-0.03365200000000001
-0.03582199999999992
-0.032337999999999936
-0.034777999999999955
-0.0330559999999999
-0.03145099999999994
-0.034119000000000003
-0.03463399999999996
-0.03550100000000001
-0.03466100000000002
-0.03528800000000001
-0.03447400000000001
-0.033741
-0.03356200000000001
-0.03706999999999994
-0.032695999999999927
-0.03393699999999998
-0.033888999999999905
-0.03252799999999996
-0.02974299999999994
-0.03173399999999991
-0.03221099999999999
-0.02951899999999992
-0.030078999999999932
-0.031096999999999906
-0.03322199999999991
-0.03185699999999991
-0.031097999999999945
-0.03476499999999996
-0.030079
-0.032324000000000006
-0.03087399999999996
-0.03518999999999991
-0.029658999999999974
-0.03392999999999995
-0.030943000000000012
-0.03305099999999989
-0.031326999999999904
-0.03472000000000001
-0.034953999999999964
-0.030724
-0.029994999999999925
-0.02943099999999997
-0.03214199999999995
-0.028959999999999916
-0.02969199999999996
-0.02956399999999997
-0.02792699999999998
-0.02805800000000001
-0.026783999999999974
-0.02614499999999997
-0.02986799999999995
-0.030078999999999963
-0.029508999999999987
-0.029782000000000045
-0.02993499999999998
-0.031217999999999985
-0.02993299999999996
-0.02706499999999998
-0.027957000000000006
-0.028578999999999997
-0.02615799999999997
-0.02924599999999999
-0.02777500000000001
-0.029797999999999967
-0.028831999999999993
-0.026067
-0.026936999999999996
-0.026190999999999968
-0.02715200000000001
-0.028512999999999983
-0.02517799999999997
-0.02522399999999997
-0.026624000000000037
-0.026812000000000013
-0.027083999999999917
-0.03054299999999986
-0.027678999999999978
-0.028539999999999992
-0.02598199999999998
-0.02567399999999999
-0.03000899999999997
-0.02707099999999998
-0.024813999999999996
-0.027834999999999974
-0.026188000000000024
-0.025737999999999973
-0.027024999999999976
-0.027342999999999982
-0.02625699999999997
-0.02505199999999998
-0.025826999999999985
-0.02563899999999999
-0.02582200000000002
-0.028225
-0.025591999999999993
-0.024944999999999985
-0.026253
-0.02649999999999998
-0.02681899999999999
-0.026764000000000017
-0.02681299999999993
-0.02465600000000001
-0.02721900000000001
-0.027538
-0.02843099999999996
-0.02771400000000002
-0.029557999999999997
-0.02745799999999994
-0.026347999999999972
-0.025712000000000023
-0.027226999999999987
-0.026794999999999947
-0.026259999999999964
-0.025944999999999958
-0.026239000000000033
-0.025886999999999993
-0.027779
-0.03083999999999995
-0.028841999999999996
-0.029324999999999928
-0.02774300000000001
-0.026230999999999994
-0.027889999999999988
-0.026924999999999977
-0.027346999999999986
-0.03092999999999989
-0.026303999999999998
-0.026754999999999966
-0.027648000000000013
-0.026104000000000002
-0.02684799999999997
-0.027041999999999997
-0.028115999999999957
-0.026513000000000016
-0.028791999999999984
-0.026109999999999974
-0.026296000000000014
-0.028019000000000006
-0.02745399999999998
-0.029212000000000012
-0.02825599999999996
-0.02771599999999998
-0.026865999999999973
-0.02963899999999997
-0.029868000000000002
-0.023749000000000006
-0.02656499999999999
-0.023793999999999982
-0.027352999999999975
-0.02805699999999998
-0.02461999999999999
-0.025416999999999974
-0.029004999999999986
-0.028316999999999985
-0.02785000000000001
-0.02696200000000001
-0.02986199999999999
-0.026245999999999964
-0.02664400000000001
-0.027807999999999982
-0.025299000000000016
-0.026662000000000005
-0.024975000000000025
-0.02640599999999997
-0.02437099999999997
-0.025256999999999998
-0.0283979999999999
-0.02758200000000001
-0.02961499999999994
-0.025623999999999984
-0.02913599999999995
-0.026891000000000047
-0.02869999999999999
-0.027624999999999993
-0.026045999999999958
-0.026142000000000002
-0.028321999999999934
-0.025236000000000033
-0.02729399999999997
-0.027361999999999984
-0.02524799999999999
-0.023079000000000054
-0.027194000000000034
-0.030953
-0.027109999999999912
-0.025304000000000083
-0.025736000000000002
-0.027430999999999966
-0.02753600000000001
-0.027000999999999938
-0.02468100000000001
-0.02525499999999999
-0.02737699999999999
-0.029235999999999977
-0.02704700000000002
-0.02700399999999997
-0.02956699999999995
-0.02669300000000002
-0.02467
-0.023647000000000005
-0.025660999999999996
-0.025021999999999996
-0.025838999999999997
-0.026937999999999976
-0.02473900000000002
-0.026090999999999993
-0.026941000000000038
-0.025317000000000006
-0.027429000000000012
-0.02655800000000006
-0.024308000000000028
-0.02701700000000004
-0.025789000000000045
-0.023830000000000018
-0.029442999999999983
-0.026061000000000025
-0.028583999999999984
-0.026027000000000022
-0.027417999999999984
-0.02953199999999999
-0.02561300000000004
-0.030730000000000007
-0.027772999999999957
-0.02646300000000004
-0.02439700000000003
-0.027997000000000015
-0.025426
-0.029186000000000042
-0.028807999999999976
-0.027698999999999994
-0.026358999999999976
-0.026000000000000013
-0.029800999999999994
-0.02742299999999998
-0.02656500000000005
-0.025214000000000004
-0.024966000000000044
-0.02508300000000004
-0.02479800000000002
-0.02579600000000003
-0.025601000000000033
-0.02540600000000003
-0.022905000000000057
-0.024386000000000033
-0.02494300000000003
-0.025140000000000003
-0.024949000000000016
-0.025675000000000055
-0.025046000000000044
-0.02404300000000005
-0.025689000000000028
-0.027018000000000028
-0.02534100000000002
-0.024039000000000005
-0.02532100000000003
-0.027804000000000047
-0.028067000000000036
-0.030654999999999977
-0.02599900000000003
-0.025433000000000018
-0.026687000000000013
-0.02545700000000002
-0.02862500000000003
-0.028918999999999976
-0.027392000000000024
-0.027254999999999974
-0.025887000000000052
-0.026530000000000012
-0.027235000000000002
-0.02364400000000002
-0.02729199999999997
-0.026163000000000027
-0.023659000000000045
-0.027790000000000065
-0.024467000000000003
-0.02680300000000006
-0.02406300000000004
-0.025677000000000037
-0.024609000000000048
-0.027534999999999962
-0.024556000000000033
-0.030989000000000027
-0.027503999999999952
-0.026123000000000042
-0.02714500000000001
-0.028824999999999993
-0.02505900000000001
-0.026205999999999993
-0.02712600000000001
-0.023970999999999992
-0.02344700000000002
-0.024486999999999988
-0.024511999999999992
-0.024229999999999977
-0.02471000000000001
-0.025052000000000033
-0.02505700000000002
-0.024065000000000062
-0.02439900000000003
-0.024014000000000042
-0.023400000000000056
-0.031080999999999994
-0.025992000000000057
-0.027886000000000036
-0.02721400000000006
-0.02617400000000005
-0.025298000000000057
-0.024405000000000072
-0.02302800000000003
-0.030065000000000053
-0.023232000000000023
-0.024279000000000037
-0.027344000000000056
-0.032785
-0.021608000000000033
-0.02490700000000003
-0.023020000000000058
-0.023650000000000043
-0.027341000000000042
-0.024394000000000044
-0.02525499999999998
-0.0244
-0.02310400000000004
-0.024132000000000046
-0.02357900000000005
-0.023216000000000025
-0.02559800000000003
-0.023059000000000045
-0.024171000000000036
-0.021324000000000017
-0.026917000000000035
-0.021694000000000043
-0.021460000000000035
-0.025774000000000023
-0.02405000000000006
-0.02364400000000005
-0.024660000000000012
-0.02705000000000004
-0.022483000000000038
-0.02329400000000003
-0.02384700000000005
-0.023257000000000028
-0.02530900000000003
-0.025136000000000026
-0.021628000000000057
-0.023412000000000033
-0.022798999999999993
-0.02533800000000005
-0.02146900000000003
-0.021679000000000066
-0.027818000000000034
-0.023653000000000052
-0.02693300000000001
-0.024539000000000016
-0.024128000000000014
-0.02427600000000004
-0.02173400000000005
-0.02292600000000002
-0.022134000000000056
-0.024493000000000032
-0.023230000000000035
-0.020776000000000037
-0.02145700000000002
-0.02189000000000001
-0.02038800000000005
-0.022580000000000024
-0.02236800000000003
-0.025758000000000045
-0.02369800000000005
-0.022060000000000045
-0.024689000000000023
-0.02225400000000006
-0.02508000000000003
-0.025032000000000013
-0.021429000000000017
-0.02136700000000006
-0.02072900000000003
-0.023948000000000046
-0.02218500000000002
-0.02154500000000001
-0.02146000000000004
-0.020063000000000036
-0.025536000000000048
-0.023575000000000023
-0.019976000000000032
-0.019699000000000053
-0.02270700000000003
-0.025092000000000027
-0.023437000000000034
-0.02051700000000002
-0.020631000000000056
-0.023563000000000025
-0.021555000000000008
-0.020706000000000037
-0.021407000000000027
-0.023164000000000073
-0.023338000000000046
-0.022540000000000053
-0.02148000000000002
-0.020991000000000003
-0.02253400000000002
-0.01962700000000002
-0.01907900000000001
-0.02301100000000002
-0.02133200000000005
-0.023708000000000052
-0.021606000000000045
-0.02071900000000002
-0.021764000000000065
-0.02142800000000007
-0.022123999999999998
-0.02226800000000002
-0.022229000000000023
-0.019351000000000017
-0.020121000000000035
-0.020059000000000042
-0.02277400000000004
-0.021835
-0.020801000000000017
-0.021819000000000036
-0.019817999999999985
-0.02056500000000002
-0.019055
-0.022062000000000036
-0.018585000000000015
-0.022557
-0.02082400000000002
-0.02269900000000006
-0.021491000000000038
-0.021746999999999996
-0.022439000000000046
-0.020985000000000035
-0.020861000000000025
-0.023001000000000014
-0.021373000000000045
-0.026027000000000022
-0.021268000000000002
-0.018412000000000022
-0.021498000000000007
-0.019091000000000028
-0.020057000000000026
-0.020225000000000014
-0.020377000000000034
-0.019552000000000028
-0.019202000000000014
-0.020220000000000057
-0.01925600000000002
-0.019725000000000006
-0.02196200000000003
-0.02428100000000004
-0.01988000000000004
-0.022464999999999995
-0.02425300000000004
-0.021727000000000014
-0.020123000000000033
-0.024224000000000016
-0.02459000000000001
-0.022368000000000037
-0.02287900000000008
-0.018306000000000044
-0.018379000000000013
-0.018086999999999992
-0.019342000000000012
-0.017652000000000015
-0.018674999999999997
-0.02484900000000006
-0.023888
-0.026486000000000034
-0.018909000000000037
-0.019099000000000005
-0.019270000000000006
-0.01989500000000003
-0.02039100000000001
-0.01778800000000001
-0.021222000000000033
-0.02038300000000002
-0.01660499999999999
-0.016373000000000026
-0.01745700000000001
-0.018421
-0.021385000000000015
-0.023405999999999982
-0.01736
-0.016678000000000005
-0.020818000000000027
-0.01733400000000002
-0.01604700000000001
-0.018774000000000013
-0.019270000000000037
-0.02016400000000004
-0.019365000000000052
-0.01826300000000001
-0.01941700000000003
-0.018192999999999987
-0.017060000000000033
-0.017208999999999988
-0.01670600000000003
-0.016381999999999983
-0.015571000000000003
-0.016075000000000027
-0.017496000000000022
-0.01888300000000001
-0.016524
-0.020242000000000017
-0.020306000000000025
-0.016749000000000028
-0.015250999999999999
-0.01990100000000003
-0.01676100000000004
-0.020039999999999985
-0.015278999999999985
-0.017369
-0.01791400000000002
-0.016921000000000012
-0.01793300000000001
-0.016519000000000002
-0.01786200000000005
-0.018203999999999994
-0.020072000000000034
-0.01747099999999998
-0.020431000000000036
-0.020399000000000035
-0.01824000000000003
-0.018114000000000022
-0.016978999999999998
-0.018608000000000013
-0.01966700000000003
-0.02123100000000004
-0.020694000000000025
-0.01805500000000002
-0.01627600000000004
-0.019075000000000033
-0.018378000000000002
-0.014636000000000014
-0.017338999999999997
-0.018369000000000052
-0.016347000000000007
-0.020014000000000025
-0.017384000000000045
-0.021215000000000036
-0.016823000000000005
-0.01926400000000003
-0.01845399999999999
-0.019262000000000026
-0.01915100000000001
-0.018074000000000014
-0.017404000000000037
-0.016635000000000018
-0.01843200000000003
-0.018965000000000006
-0.019389999999999984
-0.01989300000000004
-0.018911000000000046
-0.016750999999999978
-0.018756000000000005
-0.020813000000000057
-0.022417000000000034
-0.017247000000000002
-0.017739000000000026
-0.017853000000000036
-0.020788000000000043
-0.019412000000000002
-0.01633900000000002
-0.016259999999999993
-0.014921000000000007
-0.01665300000000001
-0.017563000000000044
-0.014566000000000003
-0.01437399999999998
-0.015302000000000029
-0.016217000000000023
-0.014480999999999989
-0.01707400000000001
-0.01719000000000002
-0.017800000000000017
-0.017935000000000013
-0.016462999999999995
-0.017407000000000016
-0.01602300000000001
-0.014529999999999973
-0.01622900000000001
-0.016190000000000027
-0.014133000000000007
-0.021225
-0.017400000000000002
-0.015690000000000034
-0.01520200000000003
-0.015357000000000039
-0.014123000000000002
-0.016243000000000018
-0.014978999999999987
-0.013928999999999999
-0.015796000000000046
-0.013942000000000024
-0.01362199999999997
-0.014690999999999989
-0.014705000000000013
-0.013749999999999991
-0.01475500000000003
-0.01375199999999999
-0.012714000000000017
-0.013816999999999992
-0.016630999999999986
-0.013857000000000005
-0.016477000000000037
-0.012982999999999972
-0.01477000000000003
-0.012313999999999993
-0.015366999999999994
-0.01397299999999999
-0.013640999999999983
-0.013314
-0.014390000000000012
-0.012011999999999993
-0.012902999999999989
-0.012585999999999996
-0.01391199999999998
-0.013823999999999979
-0.015140999999999995
-0.015904999999999985
-0.011958999999999997
-0.016167000000000018
-0.016367999999999976
-0.01741599999999999
-0.014005000000000021
-0.015389999999999989
-0.012532999999999992
-0.013151999999999987
-0.012858999999999992
-0.013390999999999988
-0.014254999999999993
-0.014917999999999983
-0.013527999999999969
-0.013918999999999997
-0.014384999999999988
-0.011759999999999984
-0.012052999999999975
-0.013925
-0.014232999999999992
-0.01331099999999999
-0.014949999999999991
-0.013341000000000025
-0.011566999999999984
-0.013054
-0.013504000000000002
-0.010758999999999996
-0.011061999999999987
-0.013124000000000021
-0.01362999999999998
-0.012514999999999991
-0.013132000000000005
-0.011676999999999991
-0.016068999999999993
-0.01373300000000003
-0.01427499999999998
-0.01586199999999999
-0.01288999999999997
-0.018903000000000024
-0.014719999999999985
-0.015054
-0.01434400000000002
-0.014200999999999993
-0.01235900000000001
-0.012935999999999982
-0.012196000000000038
-0.01641299999999998
-0.01630899999999999
-0.014284000000000003
-0.014067999999999989
-0.012622000000000012
-0.016363999999999983
-0.016258000000000022
-0.013114999999999972
-0.015290999999999985
-0.013585999999999978
-0.015760999999999973
-0.012989999999999972
-0.012256999999999988
-0.013005999999999983
-0.01279600000000001
-0.01096499999999998
-0.015727999999999978
-0.014080000000000007
-0.01203699999999999
-0.012041000000000019
-0.013777999999999966
-0.014437999999999954
-0.017254999999999982
-0.011987999999999992
-0.013812999999999976
-0.014013999999999987
-0.014116999999999982
-0.014227999999999998
-0.015538999999999994
-0.012888999999999992
-0.013209999999999979
-0.013541999999999985
-0.01577399999999999
-0.015032999999999996
-0.012647999999999993
-0.012914999999999979
-0.012567999999999977
-0.013579999999999995
-0.010867999999999985
-0.011909999999999995
-0.012523999999999983
-0.012466999999999983
-0.011820999999999974
-0.014119999999999999
-0.013120999999999987
-0.010860999999999989
-0.012337
-0.01046099999999999
-0.010827000000000003
-0.014006000000000001
-0.013788999999999984
-0.011572999999999993
-0.013945999999999995
-0.011531
-0.014589999999999992
-0.014650000000000005
-0.011526999999999985
-0.013266999999999982
-0.013679999999999987
-0.011433999999999993
-0.01204799999999999
-0.01371099999999997
-0.012197999999999981
-0.012782000000000009
-0.01322500000000001
-0.013667999999999998
-0.012105999999999995
-0.014107000000000001
-0.014070000000000001
-0.010835999999999988
-0.015546999999999988
-0.012090999999999998
-0.012318999999999983
-0.014570000000000013
-0.013463000000000008
-0.015871999999999997
-0.013564999999999975
-0.010593999999999987
-0.012301999999999985
-0.015399999999999997
-0.013100000000000006
-0.014363999999999984
-0.012690999999999992
-0.015805999999999997
-0.011393999999999998
-0.011950999999999984
-0.012466000000000003
-0.01362699999999999
-0.013784999999999992
-0.013023999999999975
-0.011449
-0.010084999999999997
-0.014559000000000002
-0.011909999999999999
-0.011433000000000009
-0.013614
-0.013909999999999985
-0.013306000000000004
-0.01275099999999999
-0.011946
-0.011504000000000012
-0.011259999999999973
-0.01613699999999997
-0.015563000000000025
-0.013851999999999993
-0.012671999999999984
-0.013094000000000014
-0.012471999999999999
-0.011007999999999997
-0.01287000000000001
-0.011229999999999983
-0.013441999999999996
-0.012402999999999992
-0.013570999999999993
-0.013643999999999972
-0.014718000000000004
-0.011475000000000006
-0.009682000000000005
-0.014262999999999994
-0.009810000000000006
-0.011228000000000002
-0.011667999999999996
-0.01059900000000001
-0.010720999999999994
-0.011394999999999995
-0.011083000000000003
-0.012235999999999995
-0.012289000000000001
-0.012923999999999995
-0.01545699999999998
-0.011081000000000002
-0.011609999999999995
-0.012569999999999987
-0.010803999999999989
-0.009669
-0.010258000000000005
-0.01339899999999998
-0.013590999999999989
-0.009231000000000005
-0.012385999999999986
-0.010821999999999998
-0.010684
-0.010333000000000016
-0.009342999999999997
-0.011445999999999994
-0.012809999999999997
-0.011913999999999984
-0.012019999999999996
-0.012392000000000007
-0.012018000000000006
-0.013556999999999982
-0.011139000000000007
-0.010045999999999987
-0.011041999999999998
-0.012217000000000004
-0.00925600000000001
-0.013323999999999997
-0.010325000000000016
-0.010585000000000004
-0.013621999999999978
-0.013016999999999999
-0.01268199999999998
-0.011971
-0.009648999999999984
-0.008944999999999984
-0.011797999999999984
-0.010040000000000014
-0.011230000000000002
-0.011120999999999983
-0.008700999999999978
-0.010352999999999985
-0.010391999999999993
-0.010788000000000008
-0.010388000000000003
-0.01150499999999999
-0.009219000000000001
-0.009345000000000001
-0.01300099999999999
-0.010253999999999987
-0.009019999999999993
-0.00972899999999998
-0.01013999999999999
-0.011008999999999984
-0.012568999999999993
-0.011120999999999983
-0.008811
-0.011151999999999999
-0.011270000000000002
-0.008143999999999986
-0.006744000000000029
-0.011328999999999997
-0.009632999999999996
-0.007701000000000013
-0.00977400000000001
-0.01008200000000001
-0.01292000000000001
-0.009735000000000013
-0.009760000000000001
-0.010769999999999988
-0.010863000000000003
-0.010779000000000009
-0.011705000000000009
-0.010223000000000008
-0.010438999999999997
-0.01081100000000001
-0.009373
-0.00792700000000001
-0.011519999999999987
-0.010853000000000002
-0.009851999999999996
-0.009654999999999992
-0.01045899999999999
-0.01038
-0.009264
-0.011583999999999997
-0.007346999999999994
-0.014483999999999992
-0.012718999999999947
-0.013271999999999997
-0.011408000000000005
-0.009878999999999982
-0.010515999999999996
-0.009212000000000005
-0.010509
-0.01111799999999999
-0.009621000000000003
-0.011770999999999993
-0.009948000000000004
-0.009632000000000024
-0.009848999999999985
-0.011187
-0.012626999999999989
-0.012297999999999995
-0.009616
-0.010329999999999999
-0.012198999999999984
-0.011802999999999992
-0.01022699999999999
-0.009427999999999987
-0.011012999999999992
-0.009573999999999996
-0.011237999999999995
-0.010431000000000006
-0.008468000000000003
-0.012285000000000018
-0.00934900000000001
-0.010490000000000006
-0.009497000000000016
-0.006575
-0.013722000000000026
-0.012166999999999989
-0.009933000000000022
-0.01175799999999999
-0.013630999999999989
-0.013018999999999998
-0.010115999999999988
-0.01141799999999998
-0.00972599999999999
-0.008221000000000015
-0.009188000000000017
-0.01073500000000001
-0.01126099999999998
-0.010616
-0.009344000000000015
-0.013305
-0.010356000000000004
-0.008316999999999991
-0.008791000000000002
-0.013677999999999971
-0.011946999999999989
-0.009189999999999992
-0.008732000000000004
-0.01304899999999998
-0.009371000000000003
-0.009238000000000015
-0.008536999999999986
-0.007963999999999985
-0.012543999999999996
-0.009190000000000005
-0.01354099999999998
-0.011517999999999997
-0.012374999999999988
-0.010290999999999993
-0.011217000000000005
-0.009969999999999994
-0.008962000000000013
-0.012397999999999984
-0.009091999999999984
-0.011008000000000006
-0.01013
-0.009425999999999988
-0.011472000000000006
-0.010384000000000004
-0.008553999999999989
-0.011812999999999983
-0.013108999999999984
-0.008709000000000007
-0.007937000000000008
-0.008319
-0.013160000000000002
-0.009797000000000012
-0.01316400000000003
-0.011457999999999998
-0.010514999999999993
-0.009945999999999995
-0.009159000000000004
-0.007533000000000011
-0.01109099999999999
-0.009374999999999998
-0.010382
-0.009412999999999996
-0.011520999999999997
-0.013067999999999995
-0.008415000000000006
-0.010669000000000001
-0.008483999999999992
-0.011242000000000021
-0.01316699999999999
-0.011197000000000007
-0.009366999999999995
-0.010647999999999996
-0.009023999999999997
-0.010059000000000009
-0.008721000000000001
-0.009490000000000014
-0.009480000000000004
-0.00907899999999999
-0.01470699999999997
-0.009167
-0.011845
-0.008406000000000016
-0.008285999999999988
-0.012033000000000002
-0.009135000000000015
-0.008743999999999977
-0.009842
-0.00977400000000001
-0.011356000000000014
-0.012528999999999986
-0.009531000000000001
-0.010754000000000007
-0.009428000000000006
-0.010414
-0.00942300000000001
-0.009518000000000004
-0.010844999999999995
-0.008394000000000009
-0.010062000000000012
-0.009826999999999995
-0.012574999999999994
-0.01342399999999999
-0.009118000000000015
-0.010664999999999992
-0.009614999999999988
-0.014023999999999962
-0.008381000000000003
-0.010469000000000004
-0.009459000000000013
-0.01576500000000003
-0.010941999999999995
-0.011947
-0.010444000000000016
-0.009848
-0.010653999999999976
-0.00852599999999999
-0.009747999999999991
-0.011949999999999994
-0.009808000000000008
-0.00859600000000001
-0.009085999999999995
-0.00871900000000002
-0.010204999999999973
-0.011562999999999992
-0.009096999999999985
-0.012253
-0.014795999999999955
-0.008989000000000014
-0.009885000000000001
-0.008790000000000003
-0.010918999999999979
-0.009788000000000008
-0.009494000000000004
-0.011379999999999989
-0.013238000000000008
-0.009884999999999994
-0.010150000000000001
-0.011049
-0.010437999999999985
-0.010828000000000006
-0.010526000000000004
-0.008554
-0.008573000000000029
-0.010669000000000005
-0.00805000000000001
-0.007965000000000019
-0.008903000000000006
-0.013313999999999987
-0.010245000000000018
-0.011161999999999995
-0.00996099999999999
-0.009726999999999989
-0.010827000000000002
-0.009515000000000015
-0.00805400000000002
-0.011516999999999998
-0.011903999999999965
-0.010707999999999994
-0.008889999999999974
-0.011531999999999978
-0.008243
-0.011395999999999991
-0.00856299999999999
-0.007941000000000007
-0.012777999999999989
-0.009848999999999993
-0.010562999999999987
-0.011398000000000004
-0.012172000000000004
-0.011704999999999981
-0.007932000000000015
-0.007878000000000013
-0.009707999999999996
-0.00748900000000002
-0.01268499999999999
-0.006652000000000012
-0.010008000000000003
-0.011493
-0.010515000000000002
-0.010306999999999997
-0.013016999999999996
-0.011038000000000008
-0.006692000000000023
-0.009198999999999983
-0.010619999999999989
-0.0076160000000000195
-0.009523999999999994
-0.010768
-0.007458999999999982
-0.009696000000000008
-0.007049000000000005
-0.008807000000000016
-0.009631999999999984
-0.010197000000000008
-0.010954000000000002
-0.009335000000000005
-0.010188
-0.007237999999999989
-0.009509000000000004
-0.008123999999999989
-0.009605000000000015
-0.01159199999999999
-0.011133000000000007
-0.009682999999999985
-0.010487999999999978
-0.007703000000000008
-0.008285000000000023
-0.008698000000000003
-0.0069389999999999955
-0.009554999999999989
-0.0071330000000000065
-0.009586000000000008
-0.009701000000000001
-0.007232000000000019
-0.007390000000000017
-0.00865000000000001
-0.014981999999999975
-0.010186000000000011
-0.010385
-0.009480999999999991
-0.008610000000000019
-0.010556999999999997
-0.009541999999999972
-0.008918999999999996
-0.009628000000000005
-0.010139999999999977
-0.008372000000000025
-0.011797000000000004
-0.009664999999999988
-0.008734999999999975
-0.008445999999999985
-0.006457000000000017
-0.012727999999999988
-0.011048999999999993
-0.010267000000000005
-0.009062999999999998
-0.008842000000000008
-0.008185000000000029
-0.012012999999999989
-0.013986999999999986
-0.010759999999999997
-0.009242000000000016
-0.010528000000000003
-0.01269099999999998
-0.007840999999999989
-0.008751000000000007
-0.010356000000000002
-0.009137000000000025
-0.011307000000000006
-0.010311000000000008
-0.012022999999999997
-0.01179299999999999
-0.007915000000000021
-0.010432999999999998
-0.011855
-0.011001999999999993
-0.007654000000000011
-0.011500000000000003
-0.008503000000000017
-0.008960999999999995
-0.010219999999999996
-0.01140199999999999
-0.007981000000000028
-0.01089100000000001
-0.00893800000000003
-0.009596999999999998
-0.011358000000000004
-0.010393999999999994
-0.010516000000000006
-0.015310999999999984
-0.014347999999999987
-0.006452000000000012
-0.01460899999999998
-0.008475999999999996
-0.012001000000000001
-0.008600000000000024
-0.010769000000000015
-0.008617000000000024
-0.010773999999999999
-0.008865999999999988
-0.010446
-0.007411000000000013
-0.006948000000000013
-0.009359
-0.009613999999999994
-0.00841800000000001
-0.009711999999999991
-0.013190999999999982
-0.008288000000000004
-0.008043000000000007
-0.011580999999999992
-0.007952000000000002
-0.008692000000000017
-0.00939500000000001
-0.007973000000000025
-0.009648999999999993
-0.008918999999999993
-0.012493999999999988
-0.011702
-0.00879500000000001
-0.012143999999999983
-0.008969000000000005
-0.008716000000000002
-0.008426999999999992
-0.012691999999999988
-0.007533000000000002
-0.009265000000000013
-0.008749000000000009
-0.007849000000000007
-0.006833999999999995
-0.01498899999999999
-0.011267000000000001
-0.008961999999999994
-0.0073310000000000155
-0.008210000000000016
-0.009384000000000005
-0.0074660000000000195
-0.00857599999999999
-0.011531000000000005
-0.010772000000000009
-0.007416999999999993
-0.007075000000000011
-0.007950000000000025
-0.010213000000000012
-0.007360999999999992
-0.007515999999999996
-0.007481999999999998
-0.00928300000000002
-0.011629000000000006
-0.007771000000000019
-0.00848100000000001
-0.008733000000000013
-0.00867199999999999
-0.008159
-0.009112000000000012
-0.008843999999999982
-0.00545999999999999
-0.006592999999999994
-0.006541999999999993
-0.007476000000000017
-0.005475000000000001
-0.00944200000000001
-0.01032699999999998
-0.011803000000000003
-0.00819300000000002
-0.010791000000000009
-0.009215000000000003
-0.007669000000000015
-0.007351000000000002
-0.008457000000000015
-0.010506000000000005
-0.009569000000000003
-0.006662000000000003
-0.006566000000000005
-0.005973000000000012
-0.009091000000000002
-0.006203999999999997
-0.009608000000000002
-0.009026000000000006
-0.008402999999999996
-0.006276000000000012
-0.008373000000000012
-0.010817000000000005
-0.011342
-0.007259000000000019
-0.006765999999999994
-0.00772900000000001
-0.008619000000000003
-0.007974000000000004
-0.007980000000000011
-0.005857000000000002
-0.008685000000000002
-0.004841000000000006
-0.010480000000000007
-0.010573999999999997
-0.011745000000000004
-0.005917999999999994
-0.010073999999999987
-0.0066139999999999845
-0.008163000000000004
-0.006935000000000011
-0.0055070000000000075
-0.007368000000000004
-0.006734000000000013
-0.007187000000000006
-0.008449000000000019
-0.007821999999999999
-0.005863000000000003
-0.004427999999999996
-0.005149999999999985
-0.008703999999999988
-0.0062689999999999985
-0.007172999999999999
-0.006001000000000017
-0.010694000000000002
-0.008474000000000006
-0.006705000000000007
-0.0074600000000000204
-0.005805
-0.006044000000000022
-0.007606000000000004
-0.008217000000000009
-0.00564899999999999
-0.00735300000000001
-0.00502500000000001
-0.01071900000000002
-0.005431000000000016
-0.004521000000000001
-0.006194000000000017
-0.007820000000000011
-0.008757999999999997
-0.006638000000000018
-0.006471000000000004
-0.007478999999999991
-0.006174000000000017
-0.007896000000000009
-0.007431000000000007
-0.009465999999999997
-0.004417000000000015
-0.006188000000000008
-0.007445000000000016
-0.007377000000000014
-0.010834999999999994
-0.005759000000000002
-0.005653000000000001
-0.006068000000000015
-0.005707999999999996
-0.002866999999999991
-0.008101000000000011
-0.005147000000000001
-0.007258000000000006
-0.006623000000000019
-0.008423000000000005
-0.005069999999999997
-0.0073110000000000085
-0.004472999999999987
-0.00902800000000002
-0.005013000000000003
-0.007298000000000001
-0.006507000000000012
-0.004077000000000001
-0.009191999999999994
-0.005979000000000006
-0.004469999999999988
-0.008380000000000014
-0.005555000000000025
-0.00380999999999999
-0.009153000000000014
