-0.11889279999999997
-0.11482855999999991
-0.11031827999999992
-0.10691225999999998
-0.10446947999999998
-0.10131114000000002
-0.09838024000000009
-0.09597422000000011
-0.0944598200000001
-0.09327420000000007
-0.09211234000000007
-0.09146396000000007
-0.09095452000000007
-0.08992650000000006
-0.08871978000000005
-0.0880441600000001
-0.08773282000000007
-0.08656862000000007
-0.08638212000000005
-0.08535004000000004
-0.08463300000000007
-0.08397600000000008
-0.08351376000000009
-0.08271882000000012
-0.08237654000000011
-0.08177866000000013
-0.08168524000000014
-0.08187636000000012
-0.08143600000000012
-0.0811946400000001
-0.08150530000000009
-0.08080402000000009
-0.08049796000000008
-0.08043166000000007
-0.07973996000000005
-0.07971394000000005
-0.07908662000000004
-0.07845802000000003
-0.07803270000000004
-0.07682862
-0.07594288000000002
-0.07437814
-0.07361202
-0.07327307999999996
-0.07260791999999998
-0.07214559999999999
-0.07147685999999998
-0.07120079999999998
-0.07098735999999996
-0.06954897999999997
-0.07044813999999999
-0.06915991999999997
-0.06875223999999996
-0.06863929999999996
-0.06912803999999997
-0.06797321999999997
-0.06809341999999996
-0.06727119999999998
-0.06734367999999996
-0.06624319999999996
-0.06651951999999996
-0.06591817999999995
-0.06550637999999993
-0.06578359999999994
-0.06516371999999994
-0.06446967999999995
-0.06514605999999995
-0.06415999999999995
-0.06523113999999994
-0.06381207999999995
-0.06410821999999994
-0.06438043999999994
-0.06398213999999994
-0.06384939999999995
-0.06395225999999996
-0.06283407999999997
-0.06299163999999997
-0.06423977999999995
-0.06281097999999996
-0.06314633999999997
-0.06342305999999998
-0.06351569999999997
-0.06282139999999996
-0.06233015999999997
-0.06208769999999996
-0.06202899999999998
-0.06294957999999998
-0.061994579999999966
-0.06078905999999997
-0.06186437999999997
-0.06137231999999998
-0.06136815999999996
-0.06170273999999997
-0.06118375999999996
-0.06107121999999997
-0.06127977999999997
-0.06050081999999996
-0.06061937999999995
-0.06102903999999995
-0.059703459999999965
-0.05956173999999996
-0.059119079999999984
-0.059013979999999966
-0.06018533999999997
-0.059238719999999974
-0.06003747999999997
-0.059446699999999984
-0.059760959999999995
-0.05840239999999999
-0.05927761999999999
-0.0571971
-0.05791846
-0.05766096000000002
-0.05629036000000001
-0.05740280000000001
-0.056588960000000015
-0.05633790000000001
-0.05627410000000003
-0.055470800000000035
-0.05590440000000003
-0.056278320000000034
-0.05595376000000005
-0.05533578000000005
-0.055830040000000046
-0.054817820000000045
-0.05530552000000004
-0.05458108000000004
-0.054896760000000044
-0.053679720000000056
-0.05405060000000003
-0.05441996000000003
-0.054312880000000036
-0.05421456000000004
-0.05369502000000005
-0.05485554000000005
-0.05466728000000004
-0.05397060000000004
-0.05281294000000004
-0.053006640000000056
-0.05253984000000006
-0.05250250000000006
-0.05142636000000006
-0.05119572000000006
-0.050963460000000065
-0.05028066000000007
-0.050569000000000065
-0.04997572000000005
-0.04956152000000005
-0.05004196000000004
-0.04956736000000007
-0.05006530000000005
-0.049287240000000045
-0.049702180000000054
-0.04951182000000005
-0.05003204000000005
-0.04859282000000005
-0.04942012000000005
-0.04961022000000005
-0.04943726000000005
-0.049442580000000055
-0.04843858000000004
-0.048852940000000046
-0.04881400000000005
-0.04964190000000006
-0.04855774000000006
-0.049040200000000055
-0.04871348000000006
-0.04843554000000005
-0.04934510000000004
-0.048840900000000055
-0.048171620000000054
-0.04800016000000005
-0.04870848000000005
-0.047736580000000056
-0.04807806000000006
-0.04784836000000005
-0.04749050000000006
-0.04797856000000006
-0.04819828000000006
-0.04800364000000006
-0.04771962000000005
-0.048006500000000056
-0.04812750000000006
-0.04771882000000005
-0.04771220000000006
-0.04798256000000006
-0.047893780000000045
-0.04733566000000005
-0.04725552000000005
-0.04689506000000006
-0.04691774000000005
-0.04772976000000007
-0.04665902000000005
-0.047415960000000056
-0.047205180000000055
-0.04699452000000006
-0.047564560000000054
-0.04718710000000008
-0.04697026000000007
-0.046735740000000074
-0.046352000000000074
-0.04659444000000007
-0.046908400000000065
-0.045284360000000065
-0.04606586000000006
-0.04610652000000007
-0.04607874000000007
-0.046685360000000085
-0.04655432000000007
-0.045829440000000055
-0.04596310000000006
-0.04605618000000007
-0.045688880000000064
-0.04619124000000007
-0.04611278000000007
-0.04583176000000006
-0.04616770000000007
-0.04577994000000007
-0.04550630000000006
-0.04577560000000006
-0.045849300000000065
-0.04524552000000006
-0.04525802000000005
-0.04594134000000007
-0.04526394000000006
-0.045866820000000044
-0.04572666000000006
-0.045419260000000065
-0.045323580000000065
-0.04469102000000005
-0.044919680000000045
-0.04514704000000005
-0.044860220000000055
-0.04452550000000005
-0.04509252000000006
-0.04354070000000006
-0.04417924000000006
-0.043791540000000045
-0.044335540000000055
-0.044567680000000054
-0.044302940000000054
-0.04455088000000007
-0.04342506000000006
-0.04422776000000004
-0.04452878000000005
-0.04395614000000006
-0.044087540000000064
-0.04455914000000005
-0.04371228000000005
-0.043620260000000056
-0.04342226000000005
-0.04392918000000006
-0.045125640000000064
-0.04434982000000006
-0.04311488000000005
-0.04396340000000005
-0.04356754000000005
-0.04347762000000005
-0.04289752000000004
-0.04369958000000004
-0.04386120000000005
-0.043187320000000036
-0.043506680000000034
-0.04292952000000004
-0.043498260000000045
-0.04279316000000003
-0.04363736000000006
-0.043646980000000044
-0.043355200000000045
-0.042990760000000044
-0.04271746000000004
-0.04313918000000005
-0.04352376000000005
-0.04354410000000006
-0.04297332000000004
-0.04438272000000005
-0.044204460000000056
-0.04329748000000005
-0.043597820000000044
-0.04329088000000005
-0.043819760000000055
-0.04346352000000006
-0.04354308000000004
-0.04290480000000004
-0.042977980000000054
-0.043615760000000045
-0.04374072000000006
-0.04246768000000003
-0.04281706000000003
-0.042797520000000054
-0.042377620000000046
-0.042602820000000034
-0.04348646000000004
-0.043630220000000046
-0.04250876000000004
-0.04321462000000004
-0.04314576000000004
-0.04304746000000003
-0.04339374000000003
-0.04371726000000002
-0.04280460000000003
-0.04196550000000003
-0.04295694000000002
-0.042391160000000025
-0.04324680000000002
-0.04281124000000003
-0.04300924000000001
-0.04235862000000003
-0.04245936000000003
-0.04276106000000003
-0.04217992000000002
-0.042259000000000026
-0.04294802000000003
-0.04223046000000004
-0.042638780000000036
-0.04241254000000004
-0.04259364000000002
-0.04345088000000003
-0.04221742000000003
-0.041751440000000015
-0.04216416000000003
-0.04287546000000003
-0.042834560000000035
-0.041959960000000025
-0.04231388000000002
-0.04219196000000002
-0.04216714000000002
-0.04282668000000003
-0.042499680000000026
-0.041853160000000035
-0.042672140000000025
-0.04181324000000003
-0.04235776000000002
-0.04187206000000003
-0.04213280000000004
-0.04264582000000003
-0.04144078000000003
-0.04180730000000003
-0.04168814000000004
-0.04149984000000004
-0.041179480000000025
-0.04097312000000003
-0.04111678000000003
-0.04130342000000004
-0.04078858000000003
-0.04122732000000004
-0.04188980000000003
-0.04165162000000003
-0.04121832000000004
-0.04114982000000004
-0.040962200000000025
-0.041536020000000035
-0.041002360000000036
-0.04097732000000004
-0.041578700000000024
-0.04149474000000003
-0.040988340000000026
-0.04172384000000004
-0.04083800000000005
-0.04123374000000005
-0.04029272000000004
-0.04131594000000005
-0.04169016000000005
-0.04135558000000004
-0.041518940000000046
-0.04152940000000004
-0.041829360000000045
-0.041070420000000045
-0.041249060000000046
-0.04124356000000004
-0.04070814000000004
-0.04142782000000004
-0.040717380000000046
-0.039966760000000046
-0.041436880000000044
-0.04134928000000004
-0.04144276000000005
-0.04116172000000005
-0.04131464000000004
-0.04044882000000006
-0.04126242000000004
-0.04148532000000005
-0.04120016000000004
-0.04162870000000005
-0.04138168000000004
-0.040842760000000033
-0.04130116000000004
-0.04123460000000004
-0.041408020000000045
-0.04142702000000005
-0.04121166000000004
-0.04111478000000004
-0.04096054000000004
-0.04077216000000004
-0.04094418000000004
-0.041208460000000044
-0.04035526000000005
-0.04066690000000004
-0.04004432000000005
-0.040447820000000044
-0.04091756000000004
-0.04092854000000004
-0.04134736000000003
-0.04160718000000005
-0.04065440000000005
-0.04055970000000004
-0.04003218000000005
-0.03993940000000005
-0.03983086000000005
-0.04066764000000003
-0.04066678000000005
-0.04090294000000005
-0.039707320000000046
-0.04040034000000005
-0.04086440000000005
-0.04124706000000005
-0.040346700000000055
-0.039703000000000044
-0.04075114000000005
-0.03957942000000005
-0.04016810000000004
-0.041212780000000046
-0.04036104000000004
-0.04033164000000004
-0.040219160000000045
-0.04003324000000005
-0.04004808000000004
-0.03979318000000004
-0.04034584000000005
-0.039901460000000034
-0.03982818000000004
-0.03976648000000004
-0.04036582000000005
-0.03991062000000005
-0.039218460000000045
-0.04021106000000004
-0.03959466000000006
-0.03905952000000005
-0.03933194000000005
-0.03953192000000005
-0.039502800000000046
-0.03961268000000005
-0.03904394000000004
-0.03944574000000005
-0.039141620000000044
-0.03859088000000004
-0.039188160000000055
-0.039236680000000045
-0.03910204000000004
-0.039282000000000046
-0.03903230000000004
-0.03967948000000005
-0.03930244000000005
-0.03955538000000004
-0.03945050000000004
-0.039158180000000035
-0.03980822000000004
-0.03956330000000005
-0.03948508000000004
-0.03921922000000004
-0.03951422000000004
-0.03932002000000005
-0.039514480000000046
-0.03948732000000004
-0.03898808000000004
-0.03985770000000004
-0.03953162000000005
-0.03896522000000004
-0.039093120000000044
-0.03929326000000004
-0.03916034000000004
-0.03847800000000005
-0.03908634000000004
-0.03882892000000004
-0.038879560000000035
-0.03805440000000005
-0.03897548000000004
-0.038288500000000045
-0.03773194000000005
-0.037823660000000044
-0.038805680000000044
-0.03820354000000005
-0.038035900000000046
-0.03797532000000004
-0.037796840000000054
-0.038276140000000056
-0.03767522000000005
-0.038127520000000054
-0.03761040000000004
-0.037113100000000045
-0.03768666000000005
-0.037814280000000054
-0.037491820000000044
-0.03760584000000005
-0.037262780000000044
-0.038451680000000044
-0.03753360000000005
-0.03804978000000004
-0.037677320000000056
-0.03781134000000004
-0.03713134000000005
-0.03750468000000005
-0.03809224000000005
-0.03772360000000005
-0.037636120000000044
-0.037861080000000054
-0.036980640000000044
-0.037295800000000046
-0.03764318000000005
-0.03724098000000004
-0.03738370000000004
-0.03770628000000005
-0.03753614000000005
-0.037854200000000046
-0.03759402000000004
-0.037589040000000046
-0.03756976000000005
-0.03727568000000005
-0.037118860000000045
-0.036784140000000055
-0.03773210000000005
-0.037291240000000045
-0.03734764000000004
-0.03758830000000006
-0.03774124000000005
-0.037287180000000045
-0.037209900000000046
-0.03819046000000005
-0.03723874000000005
-0.03682014000000004
-0.037047460000000046
-0.03695082000000005
-0.037310700000000044
-0.037243280000000045
-0.03723368000000004
-0.03678610000000005
-0.03631414000000005
-0.036931860000000045
-0.03650258000000004
-0.03664186000000003
-0.03672366000000003
-0.03643118000000004
-0.036041580000000024
-0.036397700000000026
-0.03663138000000003
-0.036521420000000034
-0.037008340000000035
-0.036502880000000036
-0.03739982000000004
-0.03645842000000003
-0.03557390000000004
-0.03645914000000003
-0.03631710000000003
-0.03672686000000003
-0.036476700000000035
-0.03661398000000004
-0.03651552000000003
-0.03585124000000004
-0.03671796000000003
-0.03617614000000003
-0.03642140000000003
-0.03567488000000004
-0.035852660000000036
-0.03585446000000003
-0.03598108000000004
-0.03568526000000003
-0.036191320000000034
-0.03573000000000003
-0.03596100000000004
-0.03615630000000004
-0.03630970000000003
-0.03698614000000004
-0.03640626000000003
-0.03696356000000004
-0.036928540000000044
-0.036535060000000036
-0.036385160000000034
-0.03615984000000003
-0.036387560000000034
-0.03553694000000003
-0.03662164000000004
-0.036854600000000036
-0.03618864000000004
-0.03671318000000003
-0.035622280000000034
-0.035411580000000026
-0.03534312000000003
-0.035565540000000034
-0.03494182000000004
-0.03547358000000003
-0.03528966000000003
-0.035384420000000034
-0.03539330000000004
-0.034836500000000034
-0.034435820000000034
-0.03582356000000003
-0.034935460000000036
-0.034506520000000034
-0.035378740000000033
-0.03565098000000004
-0.03543096000000003
-0.03504320000000003
-0.034841780000000024
-0.03410852000000003
-0.034254820000000026
-0.03541902000000003
-0.03478174000000003
-0.03381320000000003
-0.034398960000000034
-0.034097520000000034
-0.03429974000000004
-0.034845280000000034
-0.034507560000000034
-0.03392388000000003
-0.034204060000000036
-0.034186020000000025
-0.034541120000000036
-0.034267720000000036
-0.03376764000000003
-0.034486680000000026
-0.034676880000000035
-0.03453496000000003
-0.034353240000000035
-0.03409162000000003
-0.034576380000000025
-0.03528296000000003
-0.03438944000000002
-0.03360150000000003
-0.03411742000000002
-0.03462964000000004
-0.03405148000000003
-0.03441732000000003
-0.03439874000000004
-0.03446100000000003
-0.03407764000000003
-0.03411570000000003
-0.033794120000000025
-0.03448942000000002
-0.03442672000000003
-0.03407082000000003
-0.03406026000000002
-0.033684480000000024
-0.03398990000000003
-0.03355482000000001
-0.03447866000000003
-0.03408840000000003
-0.03396826000000003
-0.03376150000000002
-0.033929180000000024
-0.03437700000000002
-0.03403014000000002
-0.034204420000000034
-0.03391974000000003
-0.03452968000000003
-0.03323676000000002
-0.03447322000000002
-0.033723880000000026
-0.03345044000000004
-0.03398044000000003
-0.033892700000000026
-0.03411160000000003
-0.03378586000000002
-0.033369580000000024
-0.03327646000000002
-0.033027680000000025
-0.032895560000000025
-0.03348578000000003
-0.03322992000000003
-0.033876300000000026
-0.03405610000000003
-0.033216460000000024
-0.03292194000000003
-0.033345780000000026
-0.033958380000000024
-0.03332554000000003
-0.03278122000000003
-0.03382122000000003
-0.03352752000000002
-0.033433780000000024
-0.03362148000000004
-0.033542480000000034
-0.03348292000000003
-0.03418302000000003
-0.033319440000000033
-0.03312392000000003
-0.03353022000000003
-0.03359492000000003
-0.03299906000000003
-0.03242208000000003
-0.032783480000000025
-0.03222564000000003
-0.03315568000000003
-0.03273464000000003
-0.03318674000000002
-0.03346116000000004
-0.03304806000000003
-0.03363424000000003
-0.03340254000000004
-0.03291226000000004
-0.03235866000000003
-0.033236480000000033
-0.032732540000000025
-0.033770040000000036
-0.033153740000000036
-0.03360728000000003
-0.032550420000000024
-0.032960720000000034
-0.032997720000000036
-0.03322694000000003
-0.033163380000000034
-0.03315644000000004
-0.03337318000000003
-0.03361066000000004
-0.03264380000000004
-0.03293490000000004
-0.03311492000000004
-0.033167940000000035
-0.03281752000000003
-0.03297892000000004
-0.033069280000000034
-0.03306968000000003
-0.03254202000000003
-0.03291136000000004
-0.03260042000000003
-0.03295836000000005
-0.03272906000000003
-0.03278128000000004
-0.03314034000000003
-0.03286568000000004
-0.03274276000000004
-0.032346840000000036
-0.03240362000000004
-0.03345972000000004
-0.03232850000000004
-0.03214508000000004
-0.03209938000000004
-0.03164100000000004
-0.03325888000000004
-0.032488600000000034
-0.03332016000000005
-0.03237314000000004
-0.032623260000000036
-0.03367874000000004
-0.03249072000000004
-0.03280592000000004
-0.03262430000000005
-0.03230738000000005
-0.032719700000000046
-0.03279370000000004
-0.03271956000000005
-0.033003660000000046
-0.03209872000000003
-0.03242074000000004
-0.033018920000000035
-0.031958400000000046
-0.03266446000000004
-0.03310356000000004
-0.03307528000000005
-0.03237698000000004
-0.03232322000000004
-0.03240542000000004
-0.032785260000000045
-0.03267986000000005
-0.033366140000000044
-0.03324516000000004
-0.031837640000000035
-0.03259046000000004
-0.03205666000000004
-0.032975820000000045
-0.03264766000000005
-0.03318752000000004
-0.032373340000000035
-0.03305076000000005
-0.03208128000000004
-0.03278452000000004
-0.03246416000000005
-0.03245994000000004
-0.03259928000000004
-0.032776720000000044
-0.03174546000000003
-0.03268044000000005
-0.03235614000000004
-0.032135420000000046
-0.032387680000000044
-0.032148080000000044
-0.03231222000000004
-0.03247940000000004
-0.033088720000000044
-0.03232810000000005
-0.03230694000000004
-0.03256954000000003
-0.032293840000000046
-0.03254208000000004
-0.032085740000000036
-0.03215862000000005
-0.032203180000000046
-0.032359880000000035
-0.03207936000000003
-0.032481620000000044
-0.03169374000000004
-0.03249586000000005
-0.032341500000000044
-0.03181782000000004
-0.032109600000000044
-0.032655200000000044
-0.031998020000000044
-0.03207366000000004
-0.03208148000000005
-0.03192728000000004
-0.03271358000000004
-0.032207480000000045
-0.032576480000000026
-0.03158086000000004
-0.03202844000000003
-0.03206518000000005
-0.03203956000000005
-0.031645260000000036
-0.03210702000000004
-0.03179900000000004
-0.03257284000000004
-0.032064040000000044
-0.03177426000000003
-0.03157838000000004
-0.03252454000000004
-0.03205570000000004
-0.03229390000000004
-0.03156864000000004
-0.03248260000000004
-0.03221900000000003
-0.03180950000000004
-0.031784140000000044
-0.03324722000000004
-0.031788520000000035
-0.03164962000000003
-0.03188410000000003
-0.03195786000000003
-0.032002580000000044
-0.031318300000000035
-0.03201938000000004
-0.03176050000000004
-0.03255132000000004
-0.03195930000000004
-0.03180322000000004
-0.03160176000000004
-0.03142584000000004
-0.03125500000000004
-0.03167492000000003
-0.031936460000000035
-0.032279520000000034
-0.03185916000000004
-0.031869400000000034
-0.031409780000000026
-0.03262464000000004
-0.031614180000000026
-0.031856900000000035
-0.03225996000000003
-0.03162834000000004
-0.031571040000000036
-0.03182920000000004
-0.031082320000000028
-0.03182100000000003
-0.032220580000000026
-0.031241860000000034
-0.03126618000000003
-0.031633660000000036
-0.03223904000000004
-0.03134624000000003
-0.030994700000000038
-0.03166264000000004
-0.03130420000000003
-0.03127654000000004
-0.03221924000000004
-0.03170952000000003
-0.031223040000000025
-0.03200284000000004
-0.03100272000000003
-0.03126200000000004
-0.03180404000000003
-0.03142332000000004
-0.031932240000000035
-0.032227720000000036
-0.031170920000000032
-0.03173134000000004
-0.03228824000000003
-0.03161192000000003
-0.03245152000000004
-0.03138550000000004
-0.031505880000000035
-0.031748460000000034
-0.030822540000000037
-0.030991840000000038
-0.03136812000000003
-0.031087760000000034
-0.031147080000000035
-0.03124090000000003
-0.03157950000000004
-0.031133500000000026
-0.031521500000000036
-0.03150264000000003
-0.03156908000000004
-0.031130840000000038
-0.03167854000000004
-0.03136266000000003
-0.03108974000000003
-0.030636860000000037
-0.032019760000000036
-0.03179858000000004
-0.031050720000000042
-0.03110706000000004
-0.03171784000000004
-0.031539180000000035
-0.031702320000000034
-0.03161034000000004
-0.03128616000000004
-0.032100440000000036
-0.03136280000000003
-0.031046400000000033
-0.03128402000000003
-0.03174994000000004
-0.031669240000000036
-0.03213736000000003
-0.031543740000000035
-0.031581800000000035
-0.03125202000000004
-0.03187366000000005
-0.03135030000000003
-0.03112528000000003
-0.031342780000000035
-0.03125652000000004
-0.03216266000000004
-0.030872200000000044
-0.031656760000000034
-0.03174378000000004
-0.031423640000000044
-0.03118814000000004
-0.031728300000000036
-0.031345660000000046
-0.03151342000000004
-0.03192950000000005
-0.031015380000000033
-0.03168614000000005
-0.031200220000000042
-0.03141854000000004
-0.03176826000000005
-0.03163850000000005
-0.03147858000000004
-0.030747620000000045
-0.031177560000000038
-0.03098198000000004
-0.03116284000000004
-0.03058436000000004
-0.030445240000000037
-0.03048276000000004
-0.030520640000000047
-0.03097786000000004
-0.030191600000000034
-0.029811220000000038
-0.030283740000000038
-0.03097524000000005
-0.029786060000000038
-0.030332960000000044
-0.030998800000000045
-0.03074370000000004
-0.03039842000000004
-0.03067046000000005
-0.02976408000000004
-0.029877420000000043
-0.030778800000000044
-0.030736460000000042
-0.030121360000000052
-0.029860500000000047
-0.03036318000000005
-0.030503260000000042
-0.030143640000000044
-0.02987240000000004
-0.03094136000000005
-0.030700020000000047
-0.030614520000000044
-0.030204380000000045
-0.031239000000000045
-0.029732360000000048
-0.029653660000000043
-0.030082320000000044
-0.03065414000000005
-0.030083420000000038
-0.029537840000000037
-0.029413880000000038
-0.03006126000000004
-0.029697320000000037
-0.030312400000000045
-0.029439040000000038
-0.03004194000000004
-0.030328460000000043
-0.030121880000000035
-0.02942876000000004
-0.030528720000000037
-0.029987220000000044
-0.02940564000000004
-0.030223680000000044
-0.030585440000000044
-0.03061470000000004
-0.028866800000000036
-0.029796880000000036
-0.029823200000000032
-0.03013052000000004
-0.02996110000000004
-0.030263640000000046
-0.02931208000000003
-0.029688140000000026
-0.028919640000000028
-0.030181680000000037
-0.029414760000000033
-0.029683800000000034
-0.029126620000000034
-0.02933652000000004
-0.029556220000000043
-0.02897370000000004
-0.02861534000000003
-0.02950240000000004
-0.029282280000000025
-0.029008600000000037
-0.028793220000000033
-0.02837314000000002
-0.028650120000000032
-0.02833242000000003
-0.028426160000000023
-0.029226040000000033
-0.029117980000000036
-0.02828276000000004
-0.02877316000000003
-0.028581520000000027
-0.029288880000000028
-0.028571000000000023
-0.029297680000000027
-0.028591120000000032
-0.029098020000000023
-0.02817656000000002
-0.029070060000000026
-0.029491300000000033
-0.028055000000000035
-0.02827066000000002
-0.028311240000000026
-0.028065180000000026
-0.028702260000000025
-0.028173860000000023
-0.028642480000000036
-0.02862490000000003
-0.028755460000000024
-0.028661320000000025
-0.028308080000000027
-0.02787370000000002
-0.02842602000000003
-0.027887140000000022
-0.02838828000000004
-0.028157480000000033
-0.02808700000000002
-0.028059800000000027
-0.027777300000000022
-0.027749480000000024
-0.02814278000000003
-0.027822300000000025
-0.02747534000000002
-0.02751808000000002
-0.027528920000000016
-0.027914960000000013
-0.027560700000000025
-0.02793144000000002
-0.027604560000000014
-0.02806634000000002
-0.02786974000000002
-0.027161100000000018
-0.028547300000000022
-0.02733496000000002
-0.027180040000000023
-0.02700270000000002
-0.026941000000000014
-0.028016760000000026
-0.02858450000000003
-0.027152200000000012
-0.02725882000000002
-0.027743560000000018
-0.027434140000000024
-0.028014640000000025
-0.027325420000000017
-0.02741316000000002
-0.027342320000000017
-0.02749360000000002
-0.027033920000000017
-0.02723150000000003
-0.028350820000000033
-0.027215440000000014
-0.027587720000000017
-0.02763386000000002
-0.02804232000000003
-0.028079360000000015
-0.026855720000000017
-0.02841908000000002
-0.02840236000000002
-0.027757460000000025
-0.027296280000000017
-0.028126100000000022
-0.027155660000000022
-0.027614580000000027
-0.02791420000000002
-0.026793380000000012
-0.027210980000000013
-0.027883280000000014
-0.02724386000000002
-0.027573780000000027
-0.02728460000000002
-0.027606980000000024
-0.027502500000000017
-0.027171920000000016
-0.027013940000000014
-0.026959360000000016
-0.02764382000000002
-0.027118020000000017
-0.026698300000000015
-0.027515820000000014
-0.02715612000000001
-0.027356980000000006
-0.02668124000000001
-0.027387680000000015
-0.026647160000000007
-0.026861400000000018
-0.027779280000000014
-0.02706198000000002
-0.02766274000000003
-0.02712814000000002
-0.02695938000000002
-0.026878500000000007
-0.026931360000000036
-0.02750334000000002
-0.027452820000000017
-0.02847276000000003
-0.028067980000000024
-0.027620160000000022
-0.026896220000000016
-0.026787720000000022
-0.026224640000000007
-0.026739280000000015
-0.027655080000000012
-0.027354360000000022
-0.028012580000000023
-0.027930700000000024
-0.02705734000000002
-0.026479120000000012
-0.02708800000000002
-0.027205160000000027
-0.026851780000000013
-0.026702100000000017
-0.027490740000000027
-0.026344240000000005
-0.026940740000000032
-0.026939180000000014
-0.02749608000000003
-0.02723028000000002
-0.02718512000000002
-0.026227200000000016
-0.026561580000000008
-0.026801420000000027
-0.026991720000000025
-0.028081300000000028
-0.026749280000000028
-0.027126940000000026
-0.027062700000000023
-0.026266200000000014
-0.027085980000000023
-0.026664040000000017
-0.026824100000000017
-0.02675772000000002
-0.02693134000000002
-0.02820434000000003
-0.026460440000000016
-0.027317020000000025
-0.027811880000000032
-0.026993180000000026
-0.027292700000000024
-0.02629206000000001
-0.026751500000000022
-0.02699410000000003
-0.02726152000000003
-0.02683428000000003
-0.02623414000000003
-0.02697782000000003
-0.02599744000000002
-0.02646044000000003
-0.02608696000000002
-0.02663582000000001
-0.02621756000000002
-0.026683080000000033
-0.02627958000000002
-0.027080780000000026
-0.026926780000000025
-0.026150360000000025
-0.02625656000000002
-0.026310080000000024
-0.02614008000000002
-0.025756580000000025
-0.026424020000000027
-0.025667060000000012
-0.026405280000000024
-0.02596516000000001
-0.02561510000000002
-0.025849100000000017
-0.02640326000000002
-0.026367280000000028
-0.025803060000000034
-0.026116400000000022
-0.026382700000000023
-0.027146520000000028
-0.025681540000000017
-0.02624106000000002
-0.026771440000000032
-0.02546970000000003
-0.026300880000000016
-0.02641024000000002
-0.02601780000000002
-0.026208960000000017
-0.02620746000000003
-0.02590714000000001
-0.02649258000000003
-0.02597122000000002
-0.025883320000000026
-0.026019060000000017
-0.026147000000000028
-0.025675460000000025
-0.025976440000000024
-0.025840580000000023
-0.025730680000000016
-0.025905500000000015
-0.026152940000000027
-0.02609262000000002
-0.02463934000000001
-0.02547610000000002
-0.024826060000000025
-0.025986980000000028
-0.02595162000000002
-0.02576094000000002
-0.02577438000000002
-0.025423480000000012
-0.025234740000000016
-0.025228580000000014
-0.02634508000000002
-0.026233200000000022
-0.026266340000000034
-0.025455540000000026
-0.025946060000000028
-0.026070440000000018
-0.025540040000000028
-0.025721260000000027
-0.025580960000000017
-0.026348180000000023
-0.02552760000000002
-0.025403260000000018
-0.026084460000000025
-0.025923860000000024
-0.025970780000000016
-0.025732960000000023
-0.025402880000000013
-0.02572726000000003
-0.025886260000000032
-0.02587928000000001
-0.026164920000000036
-0.02535626000000002
-0.025979980000000017
-0.02567324000000002
-0.025885320000000024
-0.025906300000000028
-0.025234720000000013
-0.026006800000000024
-0.025896040000000026
-0.025812200000000035
-0.025573860000000025
-0.025632120000000026
-0.02589364000000002
-0.025776200000000016
-0.02577350000000002
-0.025225660000000018
-0.025607200000000017
-0.025409660000000018
-0.02649478000000002
-0.02620642000000003
-0.026141340000000023
-0.025368440000000013
-0.02572706000000002
-0.02610466000000003
-0.02561090000000002
-0.02528630000000002
-0.025530300000000027
-0.025947900000000024
-0.025508620000000023
-0.02466890000000002
-0.02506534000000002
-0.025925500000000025
-0.02597256000000002
-0.02522744000000002
-0.025761840000000022
-0.025116000000000024
-0.025708480000000023
-0.02585090000000002
-0.02577616000000003
-0.025503140000000025
-0.02527244000000002
-0.02616158000000003
-0.025472800000000025
-0.026191480000000017
-0.025674420000000017
-0.025581920000000022
-0.024957240000000012
-0.025488320000000023
-0.025436200000000023
-0.02541544000000002
-0.02479874000000001
-0.026488940000000016
-0.025349560000000014
-0.025558340000000027
-0.025427360000000027
-0.02576592000000003
-0.025540220000000034
-0.02534564000000001
-0.02523590000000002
-0.025291160000000024
-0.025829440000000026
-0.025109760000000012
-0.025093680000000017
-0.025081240000000025
-0.025065660000000017
-0.02541570000000002
-0.02559458000000003
-0.02523940000000001
-0.025254920000000028
-0.02549064000000002
-0.02613914000000003
-0.02502076000000001
-0.024828680000000013
-0.025171020000000013
-0.02548442000000003
-0.025481640000000017
-0.02592940000000001
-0.025324780000000015
-0.02502956000000002
-0.025589060000000018
-0.02461212000000001
-0.025107620000000015
-0.02513306000000002
-0.02487528000000002
-0.025064060000000023
-0.025256860000000016
-0.025292140000000022
-0.02457378000000001
-0.025342640000000024
-0.024973480000000024
-0.025332460000000015
-0.02541772000000003
-0.02526552000000002
-0.0241134
-0.025088280000000015
-0.024921900000000018
-0.024954600000000014
-0.025509420000000015
-0.02505786000000002
-0.02511404000000001
-0.02474076000000001
-0.025365300000000014
-0.02462126000000001
-0.025052080000000015
-0.02498814000000003
-0.02459270000000002
-0.025371760000000017
-0.02505858000000002
-0.024770320000000012
-0.024791180000000024
-0.024429840000000015
-0.02487628000000002
-0.02448006000000001
-0.02480948000000002
-0.024720500000000013
-0.024623020000000023
-0.025072400000000026
-0.025160440000000027
-0.02489812000000002
-0.023976300000000013
-0.02438218000000001
-0.024290140000000005
-0.024726420000000016
-0.024478620000000017
-0.02445358000000002
-0.023906900000000012
-0.023875240000000006
-0.024664560000000023
-0.024898180000000006
-0.024794240000000016
-0.02421366000000001
-0.024325940000000018
-0.02467500000000002
-0.024597420000000023
-0.024211840000000016
-0.02428122000000002
-0.024385260000000027
-0.023822020000000017
-0.024414360000000013
-0.024638340000000026
-0.024216680000000018
-0.02457764000000002
-0.023751880000000017
-0.02430338000000002
-0.02452106000000003
-0.024176780000000012
-0.024104640000000024
-0.024263240000000023
-0.02372816
-0.023530160000000012
-0.02445270000000002
-0.024234560000000026
-0.023851900000000027
-0.024631320000000016
-0.02406006000000002
-0.024377020000000024
-0.024205640000000028
-0.02416598000000002
-0.02451240000000002
-0.024312000000000028
-0.023699640000000022
-0.023398800000000008
-0.02407752000000003
-0.023710180000000015
-0.023949180000000014
-0.02402546000000002
-0.024953900000000032
-0.02357404000000001
-0.024090960000000026
-0.023825380000000018
-0.023902000000000014
-0.023801000000000013
-0.023402860000000008
-0.023953040000000026
-0.02342212000000001
-0.023691060000000014
-0.02356992000000001
-0.02351266000000001
-0.02380200000000002
-0.024236020000000035
-0.023899920000000022
-0.023993900000000023
-0.023607220000000022
-0.02428676000000003
-0.02390116000000002
-0.02337234000000002
-0.02414934000000003
-0.023658280000000018
-0.023335100000000022
-0.023682680000000022
-0.023828500000000013
-0.023512260000000017
-0.02424648000000003
-0.023888620000000017
-0.024915280000000026
-0.024665260000000036
-0.023607380000000018
-0.023369460000000015
-0.024807440000000028
-0.024328580000000027
-0.023644360000000017
-0.023628860000000015
-0.024420120000000028
-0.02427508000000002
-0.02374698000000002
-0.024009240000000025
-0.02453992000000002
-0.02378948000000002
-0.023518340000000016
-0.023699040000000022
-0.023261360000000012
-0.023669620000000016
-0.022900780000000013
-0.02371012000000001
-0.024123880000000028
-0.02331518000000001
-0.02328584000000002
-0.023603240000000015
-0.02392614000000001
-0.024167940000000027
-0.02302008000000001
-0.023478320000000025
-0.024034200000000026
-0.023734400000000017
-0.02348434000000002
-0.02348316000000001
-0.023716980000000016
-0.023813740000000017
-0.02324568000000002
-0.023824380000000023
-0.023689380000000027
-0.02312514000000001
-0.023750280000000016
-0.02349056000000003
-0.02291266000000001
-0.022816660000000013
-0.023483000000000018
-0.023108340000000026
-0.023800520000000023
-0.023193060000000022
-0.023542220000000023
-0.02361522000000002
-0.023649540000000017
-0.023027580000000027
-0.023494440000000023
-0.02350926000000001
-0.02373308000000002
-0.023659000000000027
-0.023323100000000024
-0.023164860000000016
-0.023408140000000025
-0.02302564000000002
-0.023198100000000013
-0.023118860000000022
-0.02328134000000001
-0.02289366000000001
-0.02365872000000001
-0.022477220000000013
-0.02275062000000001
-0.02299452000000002
-0.023497980000000026
-0.02260632000000001
-0.022544820000000004
-0.02300190000000001
-0.022141780000000014
-0.02300368000000002
-0.022452500000000018
-0.02367416000000003
-0.02335402000000001
-0.02305382000000002
-0.02283852000000002
-0.022971060000000026
-0.023094500000000018
-0.023015440000000026
-0.02261218000000001
-0.022372820000000012
-0.023692860000000027
-0.02275712000000003
-0.023121460000000017
-0.022333660000000012
-0.022756860000000018
-0.02291094000000001
-0.022335520000000005
-0.02374154000000002
-0.023312680000000027
-0.023016640000000015
-0.022991760000000024
-0.02256914000000002
-0.02335192000000003
-0.022698340000000025
-0.022771980000000015
-0.022705140000000023
-0.022168760000000013
-0.022660340000000025
-0.02249812000000002
-0.022511260000000012
-0.023239840000000015
-0.023025700000000024
-0.02226498000000001
-0.021936820000000013
-0.02319002000000003
-0.022895800000000025
-0.02298184000000002
-0.022564280000000013
-0.022105620000000017
-0.022518020000000014
-0.023574900000000044
-0.023006600000000023
-0.02365838000000003
-0.02272156000000002
-0.02261712000000003
-0.02272098000000003
-0.023038560000000024
-0.02264954000000003
-0.022098800000000023
-0.021700540000000008
-0.022691160000000026
-0.022671100000000024
-0.02309854000000003
-0.02242734000000002
-0.022387060000000018
-0.022623180000000024
-0.02185358000000002
-0.022541960000000024
-0.02252316000000002
-0.022309600000000023
-0.02160746000000001
-0.022139520000000013
-0.022186360000000013
-0.022222000000000013
-0.021438640000000016
-0.021660600000000012
-0.02169038000000001
-0.02211730000000002
-0.021732100000000015
-0.02244472000000002
-0.02228168000000002
-0.022131360000000024
-0.021803700000000013
-0.02213276000000002
-0.02156920000000002
-0.021604840000000018
-0.02192058000000002
-0.02209574000000002
-0.02200262000000002
-0.021670480000000006
-0.02184368000000002
-0.021330160000000018
-0.021172700000000013
-0.02109638000000001
-0.02177210000000002
-0.02225304000000003
-0.02200760000000003
-0.021366120000000016
-0.02160732000000002
-0.021725540000000026
-0.02233954000000002
-0.02198962000000003
-0.020984580000000013
-0.02131090000000001
-0.021823560000000013
-0.022260880000000025
-0.022175440000000032
-0.021711800000000014
-0.02170290000000003
-0.021956640000000024
-0.021399480000000012
-0.020957080000000006
-0.02141836000000001
-0.02169150000000001
-0.021603720000000024
-0.02165866000000001
-0.022020900000000027
-0.02098110000000001
-0.02065222000000001
-0.021598340000000018
-0.02100266000000001
-0.020589160000000016
-0.02098184000000001
-0.020063120000000007
-0.02089904000000001
-0.02080084000000001
-0.021169780000000017
-0.021133660000000023
-0.02083064000000001
-0.020912800000000016
-0.020741420000000014
-0.020805020000000014
-0.020510200000000006
-0.020708620000000007
-0.02080444000000002
-0.021642260000000024
-0.02054292000000001
-0.020877960000000022
-0.020125920000000005
-0.02049512000000001
-0.020800740000000012
-0.020574560000000016
-0.02158578000000002
-0.020193739999999995
-0.02002972
-0.021447400000000016
-0.02081658000000002
-0.02092258000000002
-0.020287360000000008
-0.01995308
-0.02027048000000001
-0.020638800000000016
-0.02033024000000001
-0.020318740000000005
-0.020473860000000017
-0.020963960000000014
-0.02112074000000002
-0.020814860000000022
-0.01969316
-0.020480480000000006
-0.019891640000000006
-0.020314420000000007
-0.01978274
-0.02033142000000001
-0.019500379999999998
-0.021036840000000015
-0.019568819999999997
-0.02012840000000001
-0.020150760000000004
-0.019893840000000017
-0.0194941
-0.01998554000000001
-0.02001614000000001
-0.019471159999999998
-0.020031680000000014
-0.019466220000000006
-0.01994868000000001
-0.019831960000000003
-0.020001200000000004
-0.019672380000000007
-0.019537400000000007
-0.02019252
-0.02033246
-0.02021936
-0.019589920000000004
-0.020067640000000008
-0.020371720000000013
-0.019506859999999997
-0.01927574
-0.02030696
-0.01936972
-0.019587260000000002
-0.01922546
-0.01986654
-0.02022838000000001
-0.019472220000000005
-0.02018454000000001
-0.020066119999999996
-0.020025360000000002
-0.02005374000000001
-0.02013990000000001
-0.019683420000000004
-0.020110740000000012
-0.01942236
-0.019777519999999996
-0.0197764
-0.019866640000000005
-0.01952658
-0.0199174
-0.02015914000000001
-0.02006362
-0.019546899999999992
-0.020496820000000006
-0.019932720000000004
-0.019380959999999992
-0.01938438
-0.020312040000000003
-0.020051520000000003
-0.019580880000000002
-0.020010260000000005
-0.01944082
-0.01946078
-0.01880318
-0.019924839999999996
-0.019172299999999996
-0.0198676
-0.01937652
-0.019715619999999996
-0.01950066
-0.019111640000000003
-0.018454119999999997
-0.018975299999999994
-0.01972658
-0.019053559999999994
-0.019214759999999994
-0.0195258
-0.0192185
-0.01950486
-0.018949219999999996
-0.019099080000000004
-0.018976359999999998
-0.018649439999999996
-0.018807620000000004
-0.01921066
-0.01902016
-0.01873666
-0.01941098
-0.01887438
-0.019234340000000006
-0.0194135
-0.018781759999999995
-0.0192711
-0.01859548
-0.01965258000000001
-0.018724579999999994
-0.018372299999999994
-0.018676379999999996
-0.018744039999999993
-0.019086060000000005
-0.018586439999999992
-0.019551500000000003
-0.0189939
-0.018793739999999993
-0.019426320000000004
-0.01943156
-0.01948788
-0.01937252000000001
-0.019459059999999997
-0.01934992
-0.01801781999999999
-0.019300380000000006
-0.019271579999999996
-0.01921458000000001
-0.017805339999999992
-0.019268479999999998
-0.019166779999999994
-0.018549119999999992
-0.018712920000000004
-0.01839878
-0.018726339999999998
-0.019134099999999994
-0.01888652
-0.01911648000000001
-0.018362459999999997
-0.01903922
-0.019361119999999996
-0.017960739999999992
-0.018699839999999992
-0.01896165999999999
-0.019201679999999995
-0.01864029999999999
-0.018179579999999987
-0.019221900000000004
-0.018979479999999996
-0.019173140000000012
-0.019470760000000004
-0.01893914
-0.01877792
-0.019427660000000013
-0.01862921999999999
-0.01922272
-0.01942014
-0.019028859999999998
-0.01873132
-0.018280559999999987
-0.019599460000000003
-0.019034640000000002
-0.018921619999999997
-0.018574119999999993
-0.019378240000000005
-0.018983400000000004
-0.019053159999999996
-0.019188599999999993
-0.019101000000000003
-0.019194299999999997
-0.018765679999999996
-0.019328860000000007
-0.019259179999999997
-0.01997486000000001
-0.018071479999999984
-0.018642559999999996
-0.018306299999999987
-0.019146999999999997
-0.019542620000000007
-0.019328299999999996
-0.01905979999999999
-0.01943678
-0.01860293999999999
-0.019468020000000006
-0.01943766
-0.018400899999999987
-0.018707239999999997
-0.018354339999999993
-0.018843839999999994
-0.019120339999999996
-0.019312940000000004
-0.01933418
-0.018947179999999997
-0.01881354
-0.01921278
-0.01918562
-0.019907780000000007
-0.018373639999999997
-0.01928886
-0.018842099999999994
-0.01864718
-0.017939199999999992
-0.018582779999999993
-0.0186958
-0.018632439999999993
-0.018751099999999993
-0.018794939999999996
-0.018863459999999995
-0.018545259999999997
-0.01857309999999999
-0.01935224000000001
-0.019796740000000004
-0.01932804
-0.019995300000000004
-0.0191071
-0.01972756
-0.018896259999999995
-0.018759279999999996
-0.018588779999999996
-0.01827849999999999
-0.018893700000000006
-0.019427260000000002
-0.017701719999999987
-0.01876649999999999
-0.018096079999999987
-0.018862040000000004
-0.018764939999999994
-0.019524380000000004
-0.018883860000000002
-0.018614940000000003
-0.018522780000000003
-0.018536499999999997
-0.018581459999999994
-0.01918936000000001
-0.01865492
-0.019132040000000003
-0.018882079999999996
-0.019409100000000002
-0.018398679999999997
-0.018732659999999998
-0.018833759999999998
-0.019205500000000007
-0.018651179999999996
-0.01961552
-0.01806708
-0.01882566
-0.01827519999999999
-0.01893546
-0.018412599999999994
-0.018694259999999997
-0.018630979999999995
-0.018776379999999995
-0.019049959999999998
-0.018401559999999997
-0.018546979999999994
-0.01972166000000001
-0.019392600000000013
-0.018816279999999998
-0.019284540000000003
-0.018325419999999995
-0.01933276
-0.019086000000000002
-0.018624099999999998
-0.01880296
-0.018436120000000004
-0.018169599999999987
-0.018596259999999996
-0.017910119999999995
-0.018220539999999997
-0.018493000000000002
-0.01814749999999999
-0.018694599999999995
-0.01892073999999999
-0.01894860000000001
-0.01846189999999999
-0.01874666
-0.018554559999999998
-0.019322480000000003
-0.018517459999999993
-0.019263040000000006
-0.01856039999999999
-0.019281080000000003
-0.01896576000000001
-0.017894299999999988
-0.018932019999999994
-0.019474300000000003
-0.018671759999999996
-0.01921998000000001
-0.018951240000000008
-0.018103739999999993
-0.01875176
-0.018344479999999993
-0.018520919999999996
-0.018825339999999992
-0.01796333999999999
-0.01855258
-0.018553219999999995
-0.018750819999999994
-0.018929079999999997
-0.019865660000000004
-0.018673459999999992
-0.01951940000000001
-0.018811039999999998
-0.018727320000000002
-0.01812637999999999
-0.018815159999999997
-0.018793220000000003
-0.01850216
-0.018164739999999995
-0.01835018
-0.01783691999999999
-0.018473079999999996
-0.018421279999999995
-0.01875697999999999
-0.018573579999999992
-0.018160939999999997
-0.01925458
-0.019427180000000006
-0.018510699999999995
-0.019135700000000002
-0.018770839999999997
-0.01837321999999999
-0.018024259999999986
-0.018849400000000002
-0.018744260000000002
-0.01885058
-0.016906819999999986
-0.01796999999999999
-0.017979119999999994
-0.018762499999999998
-0.019010120000000002
-0.018036119999999985
-0.018469499999999993
-0.019403220000000002
-0.0185677
-0.018975320000000004
-0.01797391999999999
