-0.10742200000000007
-0.101531
-0.09306800000000014
-0.09224000000000013
-0.09224000000000013
-0.09224000000000013
-0.09032700000000007
-0.08833300000000012
-0.08618200000000004
-0.08618200000000004
-0.08618200000000004
-0.08618200000000004
-0.08358699999999994
-0.08280400000000002
-0.08280400000000002
-0.08280400000000002
-0.08259700000000007
-0.08134500000000015
-0.07822700000000005
-0.07822700000000005
-0.07822700000000005
-0.07693699999999991
-0.07693699999999991
-0.07693699999999991
-0.07693699999999991
-0.07674100000000007
-0.07674100000000007
-0.07674100000000007
-0.07674100000000007
-0.07674100000000007
-0.07674100000000007
-0.07674100000000007
-0.07351399999999998
-0.07351399999999998
-0.07351399999999998
-0.07351399999999998
-0.07351399999999998
-0.071028
-0.06975000000000006
-0.06975000000000006
-0.06935400000000001
-0.066698
-0.066698
-0.06634999999999992
-0.06634999999999992
-0.06602200000000004
-0.06595699999999996
-0.065933
-0.065933
-0.065933
-0.0649349999999999
-0.06470499999999994
-0.06379699999999985
-0.06379699999999985
-0.06350699999999994
-0.06316899999999992
-0.062061999999999874
-0.062061999999999874
-0.062061999999999874
-0.06047399999999998
-0.06047399999999998
-0.06047399999999998
-0.06047399999999998
-0.056667000000000016
-0.056667000000000016
-0.056667000000000016
-0.056667000000000016
-0.056667000000000016
-0.056667000000000016
-0.056667000000000016
-0.056667000000000016
-0.056667000000000016
-0.056667000000000016
-0.056667000000000016
-0.056667000000000016
-0.056667000000000016
-0.056667000000000016
-0.056667000000000016
-0.05420099999999995
-0.05420099999999995
-0.05420099999999995
-0.05420099999999995
-0.05420099999999995
-0.05420099999999995
-0.05420099999999995
-0.05420099999999995
-0.05420099999999995
-0.05420099999999995
-0.05420099999999995
-0.05420099999999995
-0.05420099999999995
-0.05420099999999995
-0.05420099999999995
-0.05420099999999995
-0.05420099999999995
-0.05420099999999995
-0.05420099999999995
-0.05420099999999995
-0.05420099999999995
-0.05420099999999995
-0.05319799999999998
-0.05319799999999998
-0.05319799999999998
-0.05319799999999998
-0.05319799999999998
-0.05319799999999998
-0.05319799999999998
-0.05182700000000002
-0.05182700000000002
-0.05182700000000002
-0.048585000000000086
-0.048585000000000086
-0.04830800000000005
-0.04830800000000005
-0.04830800000000005
-0.04830800000000005
-0.04830800000000005
-0.04830800000000005
-0.04830800000000005
-0.04830800000000005
-0.04830800000000005
-0.04830800000000005
-0.04830800000000005
-0.04830800000000005
-0.04830800000000005
-0.04830800000000005
-0.04830800000000005
-0.04720500000000009
-0.04720500000000009
-0.04720500000000009
-0.04720500000000009
-0.04720500000000009
-0.04720500000000009
-0.04720500000000009
-0.04720500000000009
-0.04720500000000009
-0.04720500000000009
-0.044582000000000024
-0.044582000000000024
-0.044582000000000024
-0.044582000000000024
-0.044582000000000024
-0.044582000000000024
-0.044582000000000024
-0.044582000000000024
-0.044582000000000024
-0.044582000000000024
-0.044582000000000024
-0.044582000000000024
-0.04388900000000009
-0.04388900000000009
-0.04388900000000009
-0.04388900000000009
-0.04388900000000009
-0.04388900000000009
-0.04388900000000009
-0.04388900000000009
-0.04388900000000009
-0.04388900000000009
-0.04388900000000009
-0.04388900000000009
-0.04388900000000009
-0.04261900000000008
-0.04261900000000008
-0.04261900000000008
-0.04261900000000008
-0.04261900000000008
-0.04261900000000008
-0.04261900000000008
-0.04261900000000008
-0.04261900000000008
-0.0419390000000001
-0.0419390000000001
-0.0419390000000001
-0.0419390000000001
-0.0419390000000001
-0.0419390000000001
-0.04183100000000006
-0.04183100000000006
-0.04183100000000006
-0.04183100000000006
-0.04183100000000006
-0.04183100000000006
-0.04183100000000006
-0.04183100000000006
-0.04183100000000006
-0.04183100000000006
-0.04170400000000005
-0.04170400000000005
-0.04170400000000005
-0.04170400000000005
-0.04170400000000005
-0.04030500000000007
-0.04030500000000007
-0.04030500000000007
-0.03675400000000008
-0.03675400000000008
-0.03675400000000008
-0.03675400000000008
-0.03675400000000008
-0.03675400000000008
-0.03675400000000008
-0.03675400000000008
-0.03675400000000008
-0.03675400000000008
-0.03675400000000008
-0.03675400000000008
-0.03675400000000008
-0.03675400000000008
-0.03675400000000008
-0.03675400000000008
-0.03675400000000008
-0.03675400000000008
-0.03675400000000008
-0.03675400000000008
-0.03675400000000008
-0.03675400000000008
-0.03675400000000008
-0.03675400000000008
-0.03675400000000008
-0.03675400000000008
-0.03675400000000008
-0.03675400000000008
-0.03675400000000008
-0.03675400000000008
-0.03675400000000008
-0.03675400000000008
-0.03675400000000008
-0.03675400000000008
-0.03675400000000008
-0.03675400000000008
-0.03675400000000008
-0.03675400000000008
-0.03675400000000008
-0.03675400000000008
-0.03675400000000008
-0.03654300000000005
-0.03654300000000005
-0.03654300000000005
-0.03654300000000005
-0.03654300000000005
-0.03654300000000005
-0.03654300000000005
-0.03654300000000005
-0.03654300000000005
-0.03654300000000005
-0.03654300000000005
-0.03654300000000005
-0.03654300000000005
-0.03654300000000005
-0.03654300000000005
-0.03654300000000005
-0.03654300000000005
-0.03654300000000005
-0.03635599999999998
-0.03635599999999998
-0.03635599999999998
-0.03635599999999998
-0.03468100000000009
-0.03468100000000009
-0.03468100000000009
-0.03468100000000009
-0.03468100000000009
-0.03468100000000009
-0.03468100000000009
-0.03468100000000009
-0.03468100000000009
-0.03468100000000009
-0.03468100000000009
-0.03468100000000009
-0.03468100000000009
-0.03468100000000009
-0.03468100000000009
-0.03468100000000009
-0.03468100000000009
-0.03468100000000009
-0.03468100000000009
-0.03468100000000009
-0.03468100000000009
-0.03468100000000009
-0.03468100000000009
-0.03468100000000009
-0.03468100000000009
-0.03468100000000009
-0.03468100000000009
-0.03468100000000009
-0.03468100000000009
-0.03468100000000009
-0.03468100000000009
-0.03468100000000009
-0.03468100000000009
-0.03468100000000009
-0.03468100000000009
-0.03468100000000009
-0.03468100000000009
-0.03468100000000009
-0.03468100000000009
-0.03468100000000009
-0.03468100000000009
-0.03468100000000009
-0.03468100000000009
-0.03468100000000009
-0.03468100000000009
-0.03468100000000009
-0.03468100000000009
-0.03468100000000009
-0.03468100000000009
-0.03468100000000009
-0.03468100000000009
-0.03468100000000009
-0.03468100000000009
-0.03468100000000009
-0.03468100000000009
-0.03468100000000009
-0.03468100000000009
-0.03468100000000009
-0.03468100000000009
-0.03468100000000009
-0.03468100000000009
-0.03468100000000009
-0.03468100000000009
-0.03468100000000009
-0.03468100000000009
-0.03468100000000009
-0.03468100000000009
-0.03468100000000009
-0.03468100000000009
-0.03468100000000009
-0.03468100000000009
-0.03468100000000009
-0.03468100000000009
-0.03415300000000002
-0.03415300000000002
-0.03415300000000002
-0.03415300000000002
-0.03415300000000002
-0.03415300000000002
-0.03415300000000002
-0.03415300000000002
-0.03415300000000002
-0.03415300000000002
-0.03415300000000002
-0.03415300000000002
-0.03415300000000002
-0.03415300000000002
-0.03415300000000002
-0.03415300000000002
-0.03415300000000002
-0.03415300000000002
-0.03415300000000002
-0.03415300000000002
-0.03415300000000002
-0.03415300000000002
-0.03415300000000002
-0.03415300000000002
-0.03415300000000002
-0.03415300000000002
-0.03415300000000002
-0.03415300000000002
-0.03415300000000002
-0.03415300000000002
-0.03415300000000002
-0.03415300000000002
-0.03415300000000002
-0.03415300000000002
-0.03415300000000002
-0.03415300000000002
-0.03415300000000002
-0.03415300000000002
-0.03415300000000002
-0.03415300000000002
-0.03415300000000002
-0.03415300000000002
-0.03415300000000002
-0.03415300000000002
-0.03415300000000002
-0.03415300000000002
-0.03415300000000002
-0.03415300000000002
-0.03415300000000002
-0.03415300000000002
-0.03415300000000002
-0.03415300000000002
-0.03415300000000002
-0.03415300000000002
-0.03415300000000002
-0.03415300000000002
-0.03415300000000002
-0.03415300000000002
-0.03415300000000002
-0.03415300000000002
-0.03415300000000002
-0.03415300000000002
-0.033298000000000084
-0.033298000000000084
-0.033298000000000084
-0.033298000000000084
-0.033298000000000084
-0.033298000000000084
-0.033298000000000084
-0.033298000000000084
-0.033298000000000084
-0.033298000000000084
-0.033298000000000084
-0.033298000000000084
-0.033298000000000084
-0.033113000000000004
-0.033113000000000004
-0.033113000000000004
-0.033113000000000004
-0.033113000000000004
-0.033113000000000004
-0.033113000000000004
-0.033113000000000004
-0.033113000000000004
-0.033113000000000004
-0.033113000000000004
-0.033113000000000004
-0.033113000000000004
-0.033113000000000004
-0.033113000000000004
-0.033113000000000004
-0.032024000000000025
-0.032024000000000025
-0.032024000000000025
-0.032024000000000025
-0.032024000000000025
-0.032024000000000025
-0.032024000000000025
-0.032024000000000025
-0.032024000000000025
-0.032024000000000025
-0.032024000000000025
-0.030172000000000004
-0.030172000000000004
-0.030172000000000004
-0.030172000000000004
-0.030172000000000004
-0.030172000000000004
-0.030172000000000004
-0.030172000000000004
-0.030172000000000004
-0.030172000000000004
-0.030172000000000004
-0.030172000000000004
-0.030172000000000004
-0.030172000000000004
-0.030172000000000004
-0.030172000000000004
-0.030172000000000004
-0.030172000000000004
-0.030172000000000004
-0.030172000000000004
-0.030172000000000004
-0.030172000000000004
-0.030172000000000004
-0.030172000000000004
-0.030172000000000004
-0.030172000000000004
-0.030172000000000004
-0.030172000000000004
-0.030172000000000004
-0.030172000000000004
-0.030172000000000004
-0.030172000000000004
-0.030172000000000004
-0.030172000000000004
-0.030172000000000004
-0.030172000000000004
-0.030172000000000004
-0.030172000000000004
-0.030172000000000004
-0.02975399999999996
-0.02975399999999996
-0.02975399999999996
-0.02975399999999996
-0.02975399999999996
-0.02975399999999996
-0.02975399999999996
-0.02975399999999996
-0.02975399999999996
-0.02975399999999996
-0.02975399999999996
-0.02975399999999996
-0.02975399999999996
-0.02975399999999996
-0.02975399999999996
-0.02975399999999996
-0.02975399999999996
-0.02975399999999996
-0.02975399999999996
-0.02975399999999996
-0.02975399999999996
-0.02975399999999996
-0.02975399999999996
-0.02975399999999996
-0.02975399999999996
-0.02975399999999996
-0.02975399999999996
-0.02975399999999996
-0.02975399999999996
-0.02975399999999996
-0.02975399999999996
-0.02975399999999996
-0.02975399999999996
-0.02975399999999996
-0.02975399999999996
-0.02975399999999996
-0.02975399999999996
-0.02975399999999996
-0.02975399999999996
-0.02975399999999996
-0.02975399999999996
-0.02975399999999996
-0.02975399999999996
-0.02975399999999996
-0.02975399999999996
-0.02975399999999996
-0.02975399999999996
-0.02975399999999996
-0.02975399999999996
-0.02975399999999996
-0.02975399999999996
-0.02975399999999996
-0.02975399999999996
-0.02975399999999996
-0.02975399999999996
-0.02975399999999996
-0.02975399999999996
-0.02975399999999996
-0.02975399999999996
-0.02975399999999996
-0.02975399999999996
-0.02975399999999996
-0.02975399999999996
-0.02975399999999996
-0.02975399999999996
-0.02975399999999996
-0.02975399999999996
-0.02975399999999996
-0.02975399999999996
-0.02975399999999996
-0.02975399999999996
-0.02975399999999996
-0.02975399999999996
-0.02975399999999996
-0.02975399999999996
-0.02975399999999996
-0.02975399999999996
-0.02975399999999996
-0.02975399999999996
-0.02975399999999996
-0.02975399999999996
-0.02975399999999996
-0.02975399999999996
-0.02975399999999996
-0.02975399999999996
-0.02975399999999996
-0.02975399999999996
-0.02975399999999996
-0.02975399999999996
-0.02975399999999996
-0.02975399999999996
-0.029462000000000047
-0.029462000000000047
-0.029462000000000047
-0.029462000000000047
-0.029462000000000047
-0.029462000000000047
-0.029462000000000047
-0.029462000000000047
-0.029462000000000047
-0.029462000000000047
-0.029462000000000047
-0.029462000000000047
-0.029462000000000047
-0.029462000000000047
-0.029462000000000047
-0.029462000000000047
-0.029462000000000047
-0.029462000000000047
-0.029462000000000047
-0.029462000000000047
-0.029462000000000047
-0.029462000000000047
-0.029462000000000047
-0.029462000000000047
-0.029462000000000047
-0.029462000000000047
-0.029462000000000047
-0.029462000000000047
-0.028191000000000032
-0.028191000000000032
-0.028191000000000032
-0.028191000000000032
-0.028191000000000032
-0.028191000000000032
-0.028191000000000032
-0.028191000000000032
-0.028191000000000032
-0.028191000000000032
-0.026666999999999996
-0.026666999999999996
-0.026666999999999996
-0.026666999999999996
-0.026666999999999996
-0.026666999999999996
-0.026666999999999996
-0.026666999999999996
-0.026666999999999996
-0.026666999999999996
-0.026666999999999996
-0.026666999999999996
-0.026666999999999996
-0.026666999999999996
-0.026666999999999996
-0.026666999999999996
-0.026666999999999996
-0.026666999999999996
-0.026666999999999996
-0.026666999999999996
-0.026666999999999996
-0.026666999999999996
-0.026666999999999996
-0.026666999999999996
-0.026666999999999996
-0.026666999999999996
-0.026666999999999996
-0.026666999999999996
-0.026666999999999996
-0.026666999999999996
-0.026666999999999996
-0.026666999999999996
-0.026666999999999996
-0.026666999999999996
-0.026666999999999996
-0.026666999999999996
-0.026666999999999996
-0.026666999999999996
-0.026666999999999996
-0.026666999999999996
-0.026666999999999996
-0.026666999999999996
-0.026666999999999996
-0.026666999999999996
-0.026666999999999996
-0.026666999999999996
-0.026666999999999996
-0.026666999999999996
-0.026666999999999996
-0.026666999999999996
-0.026666999999999996
-0.026666999999999996
-0.026666999999999996
-0.026666999999999996
-0.026666999999999996
-0.026666999999999996
-0.026666999999999996
-0.026666999999999996
-0.026666999999999996
-0.026666999999999996
-0.026666999999999996
-0.026666999999999996
-0.026666999999999996
-0.026666999999999996
-0.026666999999999996
-0.026666999999999996
-0.026666999999999996
-0.026666999999999996
-0.026666999999999996
-0.026666999999999996
-0.026666999999999996
-0.026666999999999996
-0.026666999999999996
-0.026666999999999996
-0.026666999999999996
-0.026666999999999996
-0.026666999999999996
-0.026666999999999996
-0.026666999999999996
-0.026666999999999996
-0.026666999999999996
-0.026666999999999996
-0.026666999999999996
-0.026666999999999996
-0.026666999999999996
-0.026666999999999996
-0.026666999999999996
-0.026666999999999996
-0.026666999999999996
-0.026666999999999996
-0.026666999999999996
-0.026666999999999996
-0.026666999999999996
-0.026666999999999996
-0.026666999999999996
-0.026666999999999996
-0.026666999999999996
-0.026666999999999996
-0.026666999999999996
-0.026666999999999996
-0.026666999999999996
-0.026666999999999996
-0.026666999999999996
-0.026666999999999996
-0.026666999999999996
-0.026666999999999996
-0.026666999999999996
-0.026666999999999996
-0.026666999999999996
-0.026666999999999996
-0.026666999999999996
-0.026666999999999996
-0.026666999999999996
-0.026666999999999996
-0.026666999999999996
-0.026666999999999996
-0.02650899999999997
-0.02650899999999997
-0.02650899999999997
-0.02650899999999997
-0.02650899999999997
-0.02650899999999997
-0.02650899999999997
-0.02650899999999997
-0.02650899999999997
-0.02650899999999997
-0.02650899999999997
-0.02650899999999997
-0.02650899999999997
-0.02650899999999997
-0.02650899999999997
-0.02650899999999997
-0.02650899999999997
-0.02650899999999997
-0.02650899999999997
-0.02650899999999997
-0.02650899999999997
-0.02650899999999997
-0.02650899999999997
-0.02650899999999997
-0.02650899999999997
-0.02650899999999997
-0.02650899999999997
-0.02650899999999997
-0.02650899999999997
-0.02650899999999997
-0.02650899999999997
-0.02650899999999997
-0.02650899999999997
-0.02650899999999997
-0.02650899999999997
-0.02650899999999997
-0.02650899999999997
-0.02650899999999997
-0.02650899999999997
-0.02650899999999997
-0.02650899999999997
-0.02650899999999997
-0.02650899999999997
-0.02650899999999997
-0.02650899999999997
-0.02650899999999997
-0.02650899999999997
-0.02650899999999997
-0.02650899999999997
-0.02650899999999997
-0.02650899999999997
-0.02650899999999997
-0.02650899999999997
-0.02650899999999997
-0.02650899999999997
-0.02650899999999997
-0.02650899999999997
-0.02650899999999997
-0.02650899999999997
-0.02650899999999997
-0.02650899999999997
-0.02650899999999997
-0.02650899999999997
-0.02650899999999997
-0.02650899999999997
-0.02650899999999997
-0.02650899999999997
-0.02650899999999997
-0.02650899999999997
-0.02650899999999997
-0.02650899999999997
-0.02650899999999997
-0.02650899999999997
-0.02650899999999997
-0.02650899999999997
-0.02650899999999997
-0.02650899999999997
-0.02650899999999997
-0.02650899999999997
-0.02650899999999997
-0.02650899999999997
-0.02650899999999997
-0.02428199999999998
-0.02428199999999998
-0.02428199999999998
-0.02428199999999998
-0.02428199999999998
-0.02428199999999998
-0.02428199999999998
-0.02428199999999998
-0.02428199999999998
-0.02428199999999998
-0.02428199999999998
-0.02428199999999998
-0.02428199999999998
-0.02428199999999998
-0.02428199999999998
-0.02428199999999998
-0.02428199999999998
-0.02428199999999998
-0.02428199999999998
-0.02428199999999998
-0.02428199999999998
-0.02428199999999998
-0.02428199999999998
-0.02428199999999998
-0.02428199999999998
-0.02428199999999998
-0.02428199999999998
-0.02428199999999998
-0.02428199999999998
-0.02428199999999998
-0.02428199999999998
-0.02428199999999998
-0.02428199999999998
-0.02428199999999998
-0.02428199999999998
-0.02428199999999998
-0.02428199999999998
-0.02428199999999998
-0.02428199999999998
-0.02428199999999998
-0.02428199999999998
-0.02428199999999998
-0.02428199999999998
-0.02428199999999998
-0.02428199999999998
-0.02428199999999998
-0.02428199999999998
-0.02428199999999998
-0.02428199999999998
-0.02428199999999998
-0.02428199999999998
-0.02428199999999998
-0.02428199999999998
-0.02428199999999998
-0.02428199999999998
-0.02428199999999998
-0.02428199999999998
-0.02428199999999998
-0.02428199999999998
-0.02428199999999998
-0.02428199999999998
-0.02428199999999998
-0.02428199999999998
-0.02428199999999998
-0.02428199999999998
-0.02428199999999998
-0.02428199999999998
-0.02428199999999998
-0.02428199999999998
-0.02428199999999998
-0.02428199999999998
-0.02428199999999998
-0.02428199999999998
-0.02428199999999998
-0.02428199999999998
-0.02428199999999998
-0.02428199999999998
-0.02428199999999998
-0.02428199999999998
-0.02428199999999998
-0.02428199999999998
-0.02428199999999998
-0.02428199999999998
-0.02428199999999998
-0.02428199999999998
-0.02428199999999998
-0.02428199999999998
-0.02428199999999998
-0.02428199999999998
-0.02428199999999998
-0.02428199999999998
-0.02428199999999998
-0.02428199999999998
-0.02428199999999998
-0.02428199999999998
-0.02428199999999998
-0.02428199999999998
-0.02428199999999998
-0.02428199999999998
-0.02428199999999998
-0.02428199999999998
-0.02428199999999998
-0.02428199999999998
-0.02428199999999998
-0.02428199999999998
-0.02428199999999998
-0.02428199999999998
-0.02428199999999998
-0.02428199999999998
-0.02428199999999998
-0.02428199999999998
-0.02428199999999998
-0.02428199999999998
-0.02428199999999998
-0.02428199999999998
-0.02428199999999998
-0.02428199999999998
-0.02428199999999998
-0.02428199999999998
-0.02428199999999998
-0.02428199999999998
-0.02428199999999998
-0.02428199999999998
-0.02428199999999998
-0.02428199999999998
-0.02428199999999998
-0.02428199999999998
-0.02428199999999998
-0.02428199999999998
-0.02428199999999998
-0.02428199999999998
-0.02428199999999998
-0.02428199999999998
-0.02428199999999998
-0.02428199999999998
-0.02428199999999998
-0.02428199999999998
-0.02428199999999998
-0.02428199999999998
-0.02428199999999998
-0.02428199999999998
-0.02428199999999998
-0.02428199999999998
-0.02428199999999998
-0.02428199999999998
-0.02428199999999998
-0.02428199999999998
-0.02428199999999998
-0.02428199999999998
-0.02428199999999998
-0.023896999999999953
-0.023896999999999953
-0.023896999999999953
-0.023896999999999953
-0.023896999999999953
-0.023896999999999953
-0.023896999999999953
-0.023896999999999953
-0.023896999999999953
-0.023896999999999953
-0.02296399999999998
-0.02296399999999998
-0.02296399999999998
-0.02296399999999998
-0.02296399999999998
-0.02296399999999998
-0.02296399999999998
-0.02296399999999998
-0.02296399999999998
-0.02296399999999998
-0.02296399999999998
-0.02296399999999998
-0.02296399999999998
-0.02296399999999998
-0.02296399999999998
-0.02296399999999998
-0.02296399999999998
-0.02296399999999998
-0.02296399999999998
-0.02296399999999998
-0.02296399999999998
-0.02296399999999998
-0.02296399999999998
-0.02296399999999998
-0.02296399999999998
-0.02296399999999998
-0.02296399999999998
-0.02296399999999998
-0.022407999999999994
-0.022407999999999994
-0.022407999999999994
-0.022407999999999994
-0.022407999999999994
-0.022407999999999994
-0.022407999999999994
-0.022407999999999994
-0.022407999999999994
-0.022407999999999994
-0.022407999999999994
-0.022407999999999994
-0.022407999999999994
-0.022407999999999994
-0.022407999999999994
-0.022407999999999994
-0.022407999999999994
-0.022407999999999994
-0.022407999999999994
-0.022407999999999994
-0.022407999999999994
-0.022407999999999994
-0.022407999999999994
-0.022407999999999994
-0.022407999999999994
-0.018951999999999972
-0.018951999999999972
-0.018951999999999972
-0.018951999999999972
-0.018951999999999972
-0.018951999999999972
-0.018951999999999972
-0.018951999999999972
-0.018951999999999972
-0.018951999999999972
-0.018951999999999972
-0.018951999999999972
-0.018951999999999972
-0.018951999999999972
-0.018951999999999972
-0.018951999999999972
-0.018951999999999972
-0.018951999999999972
-0.018951999999999972
-0.018951999999999972
-0.018951999999999972
-0.018951999999999972
-0.018951999999999972
-0.018951999999999972
-0.018951999999999972
-0.018951999999999972
-0.018951999999999972
-0.018951999999999972
-0.018951999999999972
-0.018951999999999972
-0.018951999999999972
-0.018951999999999972
-0.018951999999999972
-0.018951999999999972
-0.018951999999999972
-0.018951999999999972
-0.018951999999999972
-0.018951999999999972
-0.018951999999999972
-0.018951999999999972
-0.018951999999999972
-0.018951999999999972
-0.018951999999999972
-0.018951999999999972
-0.018951999999999972
-0.018951999999999972
-0.018951999999999972
-0.018951999999999972
-0.018951999999999972
-0.018951999999999972
-0.018951999999999972
-0.018951999999999972
-0.018951999999999972
-0.018951999999999972
-0.018951999999999972
-0.018951999999999972
-0.018951999999999972
-0.018951999999999972
-0.018951999999999972
-0.018951999999999972
-0.018951999999999972
-0.018951999999999972
-0.018951999999999972
-0.018951999999999972
-0.018951999999999972
-0.018951999999999972
-0.018951999999999972
-0.018951999999999972
-0.018951999999999972
-0.018951999999999972
-0.018951999999999972
-0.018951999999999972
-0.018951999999999972
-0.018951999999999972
-0.018951999999999972
-0.018951999999999972
-0.018951999999999972
-0.018951999999999972
-0.018951999999999972
-0.018951999999999972
-0.018951999999999972
-0.018951999999999972
-0.018951999999999972
-0.018951999999999972
-0.018951999999999972
-0.018951999999999972
-0.018951999999999972
-0.018951999999999972
-0.018951999999999972
-0.018951999999999972
-0.018951999999999972
-0.018951999999999972
-0.018951999999999972
-0.018951999999999972
-0.018951999999999972
-0.018951999999999972
-0.018951999999999972
-0.018951999999999972
-0.018951999999999972
-0.018951999999999972
-0.018951999999999972
-0.018951999999999972
-0.018951999999999972
-0.018951999999999972
-0.018951999999999972
-0.018951999999999972
-0.018951999999999972
-0.018951999999999972
-0.018951999999999972
-0.018951999999999972
-0.018951999999999972
-0.018951999999999972
-0.018951999999999972
-0.018951999999999972
-0.018951999999999972
-0.018951999999999972
-0.018951999999999972
-0.018951999999999972
-0.018951999999999972
-0.018951999999999972
-0.018951999999999972
-0.018951999999999972
-0.018951999999999972
-0.018951999999999972
-0.018951999999999972
-0.018951999999999972
-0.018951999999999972
-0.018951999999999972
-0.018951999999999972
-0.018951999999999972
-0.018951999999999972
-0.018951999999999972
-0.018951999999999972
-0.018951999999999972
-0.018951999999999972
-0.018951999999999972
-0.018951999999999972
-0.018951999999999972
-0.018951999999999972
-0.018951999999999972
-0.018951999999999972
-0.018951999999999972
-0.018951999999999972
-0.018951999999999972
-0.018951999999999972
-0.018951999999999972
-0.018951999999999972
-0.018951999999999972
-0.018951999999999972
-0.018951999999999972
-0.018951999999999972
-0.018951999999999972
-0.018951999999999972
-0.018951999999999972
-0.018951999999999972
-0.018951999999999972
-0.018951999999999972
-0.018951999999999972
-0.018951999999999972
-0.018951999999999972
-0.018951999999999972
-0.018951999999999972
-0.018951999999999972
-0.018951999999999972
-0.018951999999999972
-0.018951999999999972
-0.018951999999999972
-0.018491999999999974
-0.018491999999999974
-0.018491999999999974
-0.018491999999999974
-0.018491999999999974
-0.018491999999999974
-0.018491999999999974
-0.018491999999999974
-0.018491999999999974
-0.018491999999999974
-0.018491999999999974
-0.018491999999999974
-0.018491999999999974
-0.018491999999999974
-0.018491999999999974
-0.018491999999999974
-0.018491999999999974
-0.018491999999999974
-0.018491999999999974
-0.018491999999999974
-0.018491999999999974
-0.018491999999999974
-0.018491999999999974
-0.018491999999999974
-0.018491999999999974
-0.018491999999999974
-0.018491999999999974
-0.018491999999999974
-0.018491999999999974
-0.018491999999999974
-0.018491999999999974
-0.018491999999999974
-0.018491999999999974
-0.018491999999999974
-0.018491999999999974
-0.018491999999999974
-0.018491999999999974
-0.018491999999999974
-0.018491999999999974
-0.018491999999999974
-0.018491999999999974
-0.018491999999999974
-0.018491999999999974
-0.018491999999999974
-0.018491999999999974
-0.018491999999999974
-0.018491999999999974
-0.018491999999999974
-0.018491999999999974
-0.018491999999999974
-0.018491999999999974
-0.018491999999999974
-0.018491999999999974
-0.018491999999999974
-0.018491999999999974
-0.018491999999999974
-0.018491999999999974
-0.018491999999999974
-0.018491999999999974
-0.018491999999999974
-0.018491999999999974
-0.018491999999999974
-0.018491999999999974
-0.018491999999999974
-0.018491999999999974
-0.018491999999999974
-0.018491999999999974
-0.018491999999999974
-0.018491999999999974
-0.018491999999999974
-0.018491999999999974
-0.018491999999999974
-0.018491999999999974
-0.018491999999999974
-0.018491999999999974
-0.018491999999999974
-0.018491999999999974
-0.018491999999999974
-0.018491999999999974
-0.018491999999999974
-0.018491999999999974
-0.018491999999999974
-0.018491999999999974
-0.018491999999999974
-0.018491999999999974
-0.018491999999999974
-0.018491999999999974
-0.018491999999999974
-0.018491999999999974
-0.018491999999999974
-0.017794999999999978
-0.017794999999999978
-0.017794999999999978
-0.017794999999999978
-0.017794999999999978
-0.017794999999999978
-0.017794999999999978
-0.017794999999999978
-0.017794999999999978
-0.017794999999999978
-0.017794999999999978
-0.017794999999999978
-0.017794999999999978
-0.017794999999999978
-0.017794999999999978
-0.017794999999999978
-0.017794999999999978
-0.017794999999999978
-0.017794999999999978
-0.017794999999999978
-0.017794999999999978
-0.017794999999999978
-0.017794999999999978
-0.017794999999999978
-0.017794999999999978
-0.017794999999999978
-0.017794999999999978
-0.017794999999999978
-0.017794999999999978
-0.017794999999999978
-0.017794999999999978
-0.017794999999999978
-0.017794999999999978
-0.017794999999999978
-0.017794999999999978
-0.017794999999999978
-0.017794999999999978
-0.017794999999999978
-0.017794999999999978
-0.017794999999999978
-0.017794999999999978
-0.017794999999999978
-0.017794999999999978
-0.017794999999999978
-0.017794999999999978
-0.017794999999999978
-0.017794999999999978
-0.017794999999999978
-0.017794999999999978
-0.017794999999999978
-0.017794999999999978
-0.017794999999999978
-0.017794999999999978
-0.017794999999999978
-0.017794999999999978
-0.017794999999999978
-0.017794999999999978
-0.017794999999999978
-0.017794999999999978
-0.017794999999999978
-0.017794999999999978
-0.017794999999999978
-0.017794999999999978
-0.017794999999999978
-0.017794999999999978
-0.017794999999999978
-0.017794999999999978
-0.017794999999999978
-0.017794999999999978
-0.017794999999999978
-0.017794999999999978
-0.017794999999999978
-0.017794999999999978
-0.017794999999999978
-0.017794999999999978
-0.017794999999999978
-0.017794999999999978
-0.017794999999999978
-0.017794999999999978
-0.017794999999999978
-0.017794999999999978
-0.017794999999999978
-0.017794999999999978
-0.017794999999999978
-0.017794999999999978
-0.017794999999999978
-0.017794999999999978
-0.016787999999999994
-0.016787999999999994
-0.016787999999999994
-0.016787999999999994
-0.016787999999999994
-0.016787999999999994
-0.016787999999999994
-0.016787999999999994
-0.016787999999999994
-0.016787999999999994
-0.016787999999999994
-0.016787999999999994
-0.016787999999999994
-0.016787999999999994
-0.016787999999999994
-0.016787999999999994
-0.016787999999999994
-0.016787999999999994
-0.016787999999999994
-0.01643399999999996
-0.01643399999999996
-0.01643399999999996
-0.01643399999999996
-0.01643399999999996
-0.01643399999999996
-0.01643399999999996
-0.01643399999999996
-0.01643399999999996
-0.01643399999999996
-0.01643399999999996
-0.01643399999999996
-0.01643399999999996
-0.01643399999999996
-0.01643399999999996
-0.01643399999999996
-0.01643399999999996
-0.01643399999999996
-0.01643399999999996
-0.01643399999999996
-0.01643399999999996
-0.01643399999999996
-0.01643399999999996
-0.01643399999999996
-0.01643399999999996
-0.01643399999999996
-0.01643399999999996
-0.01643399999999996
-0.01643399999999996
-0.01643399999999996
-0.01643399999999996
-0.01643399999999996
-0.01643399999999996
-0.01643399999999996
-0.01643399999999996
-0.01643399999999996
-0.01643399999999996
-0.01643399999999996
-0.01643399999999996
-0.01643399999999996
-0.01643399999999996
-0.01643399999999996
-0.01643399999999996
-0.01643399999999996
-0.01643399999999996
-0.01643399999999996
-0.01643399999999996
-0.01643399999999996
-0.01643399999999996
-0.01643399999999996
-0.01643399999999996
-0.01643399999999996
-0.01643399999999996
-0.01643399999999996
-0.01643399999999996
-0.01643399999999996
-0.01643399999999996
-0.01643399999999996
-0.01643399999999996
-0.01643399999999996
-0.01643399999999996
-0.01643399999999996
-0.01643399999999996
-0.01643399999999996
-0.01643399999999996
-0.01643399999999996
-0.01643399999999996
-0.01643399999999996
-0.01643399999999996
-0.01643399999999996
-0.01643399999999996
-0.01643399999999996
-0.01643399999999996
-0.01643399999999996
-0.01643399999999996
-0.01643399999999996
-0.01643399999999996
-0.01643399999999996
-0.01643399999999996
-0.01643399999999996
-0.01643399999999996
-0.01643399999999996
-0.01643399999999996
-0.01643399999999996
-0.01643399999999996
-0.01643399999999996
-0.01643399999999996
-0.01643399999999996
-0.01643399999999996
-0.01643399999999996
-0.01643399999999996
-0.01643399999999996
-0.01643399999999996
-0.01643399999999996
-0.01643399999999996
-0.01643399999999996
-0.01643399999999996
-0.01643399999999996
-0.01643399999999996
-0.015996999999999966
-0.015996999999999966
-0.015996999999999966
-0.015996999999999966
-0.015996999999999966
-0.015996999999999966
-0.015996999999999966
-0.015996999999999966
-0.015996999999999966
-0.015996999999999966
-0.015996999999999966
-0.015996999999999966
-0.015996999999999966
-0.015996999999999966
-0.015996999999999966
-0.015996999999999966
-0.015996999999999966
-0.015996999999999966
-0.015996999999999966
-0.015996999999999966
-0.015996999999999966
-0.015996999999999966
-0.015996999999999966
-0.015996999999999966
-0.015996999999999966
-0.015996999999999966
-0.015996999999999966
-0.015996999999999966
-0.015996999999999966
-0.015996999999999966
-0.015996999999999966
-0.015996999999999966
-0.015996999999999966
-0.015996999999999966
-0.015996999999999966
-0.015996999999999966
-0.015996999999999966
-0.015996999999999966
-0.015996999999999966
-0.015996999999999966
-0.015996999999999966
-0.015996999999999966
-0.015996999999999966
-0.015996999999999966
-0.015996999999999966
-0.015996999999999966
-0.015996999999999966
-0.015996999999999966
-0.015996999999999966
-0.015996999999999966
-0.015996999999999966
-0.015996999999999966
-0.015996999999999966
-0.012558999999999968
-0.012558999999999968
-0.012558999999999968
-0.012558999999999968
-0.012558999999999968
-0.012558999999999968
-0.012558999999999968
-0.012558999999999968
-0.012558999999999968
-0.012558999999999968
-0.012558999999999968
-0.012558999999999968
-0.012558999999999968
-0.012558999999999968
-0.012558999999999968
-0.012558999999999968
-0.012558999999999968
-0.012558999999999968
-0.012558999999999968
-0.012558999999999968
-0.012558999999999968
-0.012558999999999968
-0.012558999999999968
-0.012558999999999968
-0.012558999999999968
-0.012558999999999968
-0.012558999999999968
-0.012558999999999968
-0.012558999999999968
-0.012558999999999968
-0.012558999999999968
-0.012558999999999968
-0.012558999999999968
-0.012558999999999968
-0.012558999999999968
-0.012558999999999968
-0.012558999999999968
-0.012558999999999968
-0.012558999999999968
-0.012558999999999968
-0.012558999999999968
-0.012558999999999968
-0.012558999999999968
-0.012558999999999968
-0.012558999999999968
-0.012558999999999968
-0.012558999999999968
-0.012558999999999968
-0.012558999999999968
-0.012558999999999968
-0.012558999999999968
-0.012558999999999968
-0.012558999999999968
-0.012558999999999968
-0.012558999999999968
-0.012558999999999968
-0.012558999999999968
-0.012558999999999968
-0.012558999999999968
-0.012558999999999968
-0.012558999999999968
-0.012558999999999968
-0.012558999999999968
-0.012558999999999968
-0.012558999999999968
-0.012558999999999968
-0.012558999999999968
-0.012558999999999968
-0.012558999999999968
-0.012558999999999968
-0.012558999999999968
-0.012558999999999968
-0.012558999999999968
-0.012558999999999968
-0.012558999999999968
-0.012558999999999968
-0.012558999999999968
-0.012558999999999968
-0.012558999999999968
-0.012558999999999968
-0.012558999999999968
-0.012558999999999968
-0.012558999999999968
-0.012558999999999968
-0.012558999999999968
-0.012558999999999968
-0.012558999999999968
-0.012558999999999968
-0.012558999999999968
-0.012558999999999968
-0.012558999999999968
-0.012558999999999968
-0.012558999999999968
-0.012558999999999968
-0.012558999999999968
-0.012558999999999968
-0.012558999999999968
-0.012558999999999968
-0.012558999999999968
-0.012558999999999968
-0.012558999999999968
-0.012558999999999968
-0.012558999999999968
-0.012558999999999968
-0.012558999999999968
-0.012558999999999968
-0.012558999999999968
-0.012558999999999968
-0.012558999999999968
-0.012558999999999968
-0.012558999999999968
-0.012558999999999968
-0.012558999999999968
-0.012558999999999968
-0.012558999999999968
-0.012558999999999968
-0.012558999999999968
-0.012558999999999968
-0.012558999999999968
-0.012558999999999968
-0.012558999999999968
-0.012558999999999968
-0.012558999999999968
-0.012558999999999968
-0.012558999999999968
-0.012558999999999968
-0.012558999999999968
-0.012558999999999968
-0.012558999999999968
-0.012558999999999968
-0.012558999999999968
-0.012558999999999968
-0.012558999999999968
-0.012558999999999968
-0.012558999999999968
-0.012558999999999968
-0.012558999999999968
-0.012558999999999968
-0.012558999999999968
-0.012558999999999968
-0.012558999999999968
-0.012558999999999968
-0.012558999999999968
-0.012558999999999968
-0.012558999999999968
-0.012558999999999968
-0.012558999999999968
-0.012558999999999968
-0.012558999999999968
-0.012558999999999968
-0.012558999999999968
-0.012558999999999968
-0.012558999999999968
-0.012558999999999968
-0.012558999999999968
-0.012558999999999968
-0.012558999999999968
-0.012558999999999968
-0.012558999999999968
-0.012558999999999968
-0.012558999999999968
-0.012558999999999968
-0.012558999999999968
-0.012558999999999968
-0.012558999999999968
-0.012558999999999968
-0.012558999999999968
-0.012558999999999968
-0.012558999999999968
-0.012558999999999968
-0.012558999999999968
-0.012558999999999968
-0.012558999999999968
-0.012558999999999968
-0.012558999999999968
-0.012558999999999968
-0.012558999999999968
-0.012558999999999968
-0.012558999999999968
-0.012558999999999968
-0.012558999999999968
-0.012558999999999968
-0.012558999999999968
-0.012558999999999968
-0.012558999999999968
-0.012558999999999968
-0.012558999999999968
-0.012558999999999968
-0.012558999999999968
-0.012558999999999968
-0.012558999999999968
-0.012558999999999968
-0.012558999999999968
-0.012558999999999968
-0.012558999999999968
-0.012558999999999968
-0.012558999999999968
-0.012558999999999968
-0.012558999999999968
-0.012558999999999968
-0.012558999999999968
-0.012558999999999968
-0.012558999999999968
-0.012558999999999968
-0.012558999999999968
-0.012558999999999968
-0.012558999999999968
-0.012558999999999968
-0.012558999999999968
-0.012558999999999968
-0.012558999999999968
-0.012558999999999968
-0.012558999999999968
-0.012558999999999968
-0.012558999999999968
-0.012558999999999968
-0.012558999999999968
-0.012558999999999968
-0.012558999999999968
-0.012558999999999968
-0.012558999999999968
-0.011018999999999975
-0.011018999999999975
-0.011018999999999975
-0.011018999999999975
-0.011018999999999975
-0.011018999999999975
-0.011018999999999975
-0.011018999999999975
-0.011018999999999975
-0.011018999999999975
-0.011018999999999975
-0.011018999999999975
-0.011018999999999975
-0.011018999999999975
-0.011018999999999975
-0.011018999999999975
-0.011018999999999975
-0.011018999999999975
-0.011018999999999975
-0.011018999999999975
-0.011018999999999975
-0.011018999999999975
-0.011018999999999975
-0.011018999999999975
-0.011018999999999975
-0.011018999999999975
-0.011018999999999975
-0.011018999999999975
-0.011018999999999975
-0.011018999999999975
-0.011018999999999975
-0.011018999999999975
-0.011018999999999975
-0.011018999999999975
-0.011018999999999975
-0.011018999999999975
-0.011018999999999975
-0.011018999999999975
-0.011018999999999975
-0.011018999999999975
-0.011018999999999975
-0.011018999999999975
-0.011018999999999975
-0.011018999999999975
-0.011018999999999975
-0.011018999999999975
-0.011018999999999975
-0.011018999999999975
-0.011018999999999975
-0.011018999999999975
-0.011018999999999975
-0.011018999999999975
-0.011018999999999975
-0.011018999999999975
-0.011018999999999975
-0.011018999999999975
-0.011018999999999975
-0.011018999999999975
-0.011018999999999975
-0.011018999999999975
-0.011018999999999975
-0.011018999999999975
-0.011018999999999975
-0.011018999999999975
-0.011018999999999975
-0.011018999999999975
-0.011018999999999975
-0.011018999999999975
-0.011018999999999975
-0.011018999999999975
-0.011018999999999975
-0.011018999999999975
-0.011018999999999975
-0.011018999999999975
-0.011018999999999975
-0.011018999999999975
-0.011018999999999975
-0.011018999999999975
-0.011018999999999975
-0.011018999999999975
-0.011018999999999975
-0.011018999999999975
-0.011018999999999975
-0.011018999999999975
-0.011018999999999975
-0.011018999999999975
-0.011018999999999975
-0.011018999999999975
-0.011018999999999975
-0.011018999999999975
-0.011018999999999975
-0.011018999999999975
-0.011018999999999975
-0.011018999999999975
-0.011018999999999975
-0.011018999999999975
-0.011018999999999975
-0.011018999999999975
-0.011018999999999975
-0.011018999999999975
-0.011018999999999975
-0.011018999999999975
-0.011018999999999975
-0.011018999999999975
-0.011018999999999975
-0.011018999999999975
-0.011018999999999975
-0.011018999999999975
-0.011018999999999975
-0.011018999999999975
-0.011018999999999975
-0.011018999999999975
-0.011018999999999975
-0.011018999999999975
-0.011018999999999975
-0.011018999999999975
-0.011018999999999975
-0.011018999999999975
-0.011018999999999975
-0.011018999999999975
-0.011018999999999975
-0.011018999999999975
-0.011018999999999975
-0.011018999999999975
-0.011018999999999975
-0.011018999999999975
-0.011018999999999975
-0.011018999999999975
-0.011018999999999975
-0.011018999999999975
-0.011018999999999975
-0.011018999999999975
-0.011018999999999975
-0.011018999999999975
-0.011018999999999975
-0.011018999999999975
-0.011018999999999975
-0.011018999999999975
-0.011018999999999975
-0.011018999999999975
-0.011018999999999975
-0.011018999999999975
-0.011018999999999975
-0.011018999999999975
-0.011018999999999975
-0.011018999999999975
-0.011018999999999975
-0.011018999999999975
-0.011018999999999975
-0.011018999999999975
-0.011018999999999975
-0.011018999999999975
-0.011018999999999975
-0.011018999999999975
-0.011018999999999975
-0.011018999999999975
-0.011018999999999975
-0.011018999999999975
-0.011018999999999975
-0.011018999999999975
-0.011018999999999975
-0.011018999999999975
-0.011018999999999975
-0.011018999999999975
-0.011018999999999975
-0.011018999999999975
-0.011018999999999975
-0.011018999999999975
-0.011018999999999975
-0.011018999999999975
-0.011018999999999975
-0.011018999999999975
-0.011018999999999975
-0.011018999999999975
-0.011018999999999975
-0.011018999999999975
-0.011018999999999975
-0.011018999999999975
-0.011018999999999975
-0.011018999999999975
-0.011018999999999975
-0.011018999999999975
-0.011018999999999975
-0.011018999999999975
-0.011018999999999975
-0.011018999999999975
-0.011018999999999975
-0.011018999999999975
-0.011018999999999975
-0.011018999999999975
-0.011018999999999975
-0.011018999999999975
-0.011018999999999975
-0.011018999999999975
-0.011018999999999975
-0.011018999999999975
-0.011018999999999975
-0.011018999999999975
-0.011018999999999975
-0.011018999999999975
-0.011018999999999975
-0.011018999999999975
-0.011018999999999975
-0.011018999999999975
-0.011018999999999975
-0.011018999999999975
-0.011018999999999975
-0.011018999999999975
-0.011018999999999975
-0.011018999999999975
-0.011018999999999975
-0.011018999999999975
-0.011018999999999975
-0.011018999999999975
-0.011018999999999975
-0.011018999999999975
-0.011018999999999975
-0.011018999999999975
-0.011018999999999975
-0.011018999999999975
-0.011018999999999975
-0.011018999999999975
-0.011018999999999975
-0.011018999999999975
-0.011018999999999975
-0.011018999999999975
-0.011018999999999975
-0.011018999999999975
-0.011018999999999975
-0.011018999999999975
-0.011018999999999975
-0.011018999999999975
-0.011018999999999975
-0.011018999999999975
-0.011018999999999975
-0.011018999999999975
-0.011018999999999975
-0.011018999999999975
-0.011018999999999975
-0.011018999999999975
-0.011018999999999975
-0.011018999999999975
-0.011018999999999975
-0.011018999999999975
-0.011018999999999975
-0.011018999999999975
-0.011018999999999975
-0.011018999999999975
-0.011018999999999975
-0.011018999999999975
-0.011018999999999975
-0.011018999999999975
-0.011018999999999975
