-0.13354300000000002
-0.1272739999999998
-0.12303200000000011
-0.11788599999999974
-0.11728899999999981
-0.11359899999999998
-0.10610099999999989
-0.10545999999999997
-0.10454400000000003
-0.10005800000000009
-0.10484800000000018
-0.10037399999999996
-0.1004440000000001
-0.09751000000000004
-0.09994000000000007
-0.09933600000000013
-0.09704199999999993
-0.09522599999999994
-0.09619800000000009
-0.09387600000000008
-0.0911250000000001
-0.09462200000000014
-0.09221600000000012
-0.0893810000000003
-0.08997200000000012
-0.091623
-0.0921680000000001
-0.08981100000000015
-0.08948900000000022
-0.09058000000000002
-0.096055
-0.08762800000000016
-0.09018600000000009
-0.08962400000000012
-0.08984900000000011
-0.08829699999999993
-0.08944800000000004
-0.08461600000000015
-0.08930500000000005
-0.08406800000000009
-0.08867300000000011
-0.08335800000000004
-0.08212100000000004
-0.08525000000000013
-0.08395000000000015
-0.08373300000000021
-0.08142300000000004
-0.08313800000000007
-0.0815649999999999
-0.07678099999999995
-0.08156999999999999
-0.07644399999999989
-0.07808000000000002
-0.07809300000000005
-0.0830210000000001
-0.07941199999999986
-0.077457
-0.07660100000000004
-0.07735400000000003
-0.07514900000000006
-0.07611299999999989
-0.0752569999999999
-0.07585899999999997
-0.07670099999999991
-0.07845799999999994
-0.07830799999999992
-0.07607599999999994
-0.0721999999999999
-0.07643499999999996
-0.0744369999999998
-0.07354799999999986
-0.07447299999999996
-0.07720500000000002
-0.076392
-0.076216
-0.07055699999999998
-0.0734309999999999
-0.07371799999999998
-0.07109399999999992
-0.07220199999999999
-0.078328
-0.07540900000000002
-0.07410099999999994
-0.0732279999999999
-0.0732369999999999
-0.07754799999999999
-0.07775199999999999
-0.0749749999999999
-0.07040899999999999
-0.07363600000000002
-0.07404800000000002
-0.07474300000000003
-0.07551199999999997
-0.07040099999999996
-0.07138899999999992
-0.07225499999999994
-0.06812999999999987
-0.07392099999999997
-0.07847899999999985
-0.0708989999999999
-0.07197599999999987
-0.06761599999999997
-0.06866799999999991
-0.07352599999999992
-0.07465599999999996
-0.07198499999999994
-0.07471999999999995
-0.07241899999999997
-0.068781
-0.07181699999999992
-0.06809299999999999
-0.06900799999999986
-0.0695779999999999
-0.06497899999999994
-0.06801500000000009
-0.07125999999999984
-0.06988100000000008
-0.06555799999999992
-0.06514900000000004
-0.06883599999999986
-0.06741200000000004
-0.06476599999999993
-0.06608599999999998
-0.06816500000000002
-0.06521499999999991
-0.06693900000000011
-0.06475099999999996
-0.07055300000000005
-0.06588800000000002
-0.065792
-0.06753900000000013
-0.06733799999999986
-0.06465299999999992
-0.06547700000000002
-0.06481100000000008
-0.06739499999999995
-0.06314899999999998
-0.063516
-0.06575100000000018
-0.06521999999999999
-0.06318900000000016
-0.0596410000000001
-0.06046700000000009
-0.0603920000000001
-0.061600000000000134
-0.060009000000000104
-0.062340000000000055
-0.05943600000000006
-0.06270100000000006
-0.06315000000000003
-0.06198500000000003
-0.059233000000000174
-0.06124200000000009
-0.06346800000000007
-0.059853000000000066
-0.05775200000000012
-0.06213200000000013
-0.06612400000000014
-0.05940900000000002
-0.0645590000000001
-0.05841900000000011
-0.059971000000000094
-0.056812000000000126
-0.06165800000000008
-0.05893500000000007
-0.05960400000000012
-0.06159800000000021
-0.05831099999999999
-0.05963700000000009
-0.05851000000000003
-0.059803000000000134
-0.0629340000000001
-0.05886300000000017
-0.05791200000000015
-0.05797500000000014
-0.058986000000000115
-0.05610300000000009
-0.06038200000000006
-0.059920000000000063
-0.05744300000000006
-0.05934400000000003
-0.058395000000000086
-0.05776300000000013
-0.06024100000000008
-0.06058600000000005
-0.06144200000000016
-0.05976700000000003
-0.05789200000000011
-0.05651800000000003
-0.055922000000000124
-0.05682000000000012
-0.05973200000000013
-0.05954900000000007
-0.05900900000000005
-0.05924800000000009
-0.058617000000000176
-0.06285800000000011
-0.05856700000000022
-0.05792400000000008
-0.057079000000000144
-0.05792900000000021
-0.05607000000000013
-0.06129100000000003
-0.05587000000000012
-0.05922100000000015
-0.05836700000000003
-0.05959800000000016
-0.05815700000000017
-0.05852900000000019
-0.05646900000000002
-0.058807000000000186
-0.060874000000000136
-0.056469000000000116
-0.06116500000000021
-0.06013600000000009
-0.05707100000000013
-0.05667900000000011
-0.055698000000000095
-0.0580260000000001
-0.058446000000000164
-0.055627000000000086
-0.059447999999999994
-0.05754300000000014
-0.058697000000000096
-0.05960700000000019
-0.06156800000000002
-0.058006000000000155
-0.058401000000000196
-0.056160000000000106
-0.05906400000000014
-0.05696000000000011
-0.0597590000000001
-0.05421900000000007
-0.05695200000000003
-0.06090400000000003
-0.05787800000000016
-0.05616400000000009
-0.055032000000000074
-0.055231000000000176
-0.055039000000000116
-0.05557900000000018
-0.05527800000000013
-0.05514200000000007
-0.05623000000000012
-0.05525500000000025
-0.058767000000000236
-0.057854000000000086
-0.05961800000000011
-0.054803000000000136
-0.05808800000000016
-0.05638900000000022
-0.061072000000000154
-0.059146000000000205
-0.05869800000000008
-0.05356100000000007
-0.0552210000000001
-0.057408000000000105
-0.05539400000000018
-0.05568700000000014
-0.058508000000000164
-0.05780600000000013
-0.0551160000000001
-0.05788000000000005
-0.05243500000000006
-0.05297200000000017
-0.0548550000000002
-0.05595800000000019
-0.055923000000000105
-0.056795000000000165
-0.05792600000000011
-0.059429000000000065
-0.05386200000000002
-0.05727400000000006
-0.058766000000000096
-0.05924500000000004
-0.058744000000000074
-0.05645000000000005
-0.057414000000000145
-0.05858900000000008
-0.05708600000000017
-0.05487300000000006
-0.05842500000000012
-0.05675300000000009
-0.05347900000000011
-0.05601700000000002
-0.05693100000000012
-0.0566070000000002
-0.05505100000000018
-0.055853000000000125
-0.05452100000000005
-0.0523470000000001
-0.057263
-0.05941400000000011
-0.05616400000000007
-0.056073000000000095
-0.053335000000000084
-0.05551400000000017
-0.054934000000000184
-0.05494200000000004
-0.05671600000000012
-0.054755000000000095
-0.05478600000000015
-0.054824000000000137
-0.057281000000000054
-0.057048000000000085
-0.05630500000000006
-0.05386700000000009
-0.05381100000000006
-0.05896100000000008
-0.0565100000000001
-0.053237000000000055
-0.055475000000000156
-0.05422800000000007
-0.05525200000000018
-0.0536010000000001
-0.05683400000000014
-0.05715100000000013
-0.05548300000000008
-0.053884000000000036
-0.05241100000000005
-0.05515300000000008
-0.05390500000000004
-0.05369900000000006
-0.05425900000000012
-0.06185700000000012
-0.055000000000000174
-0.05837500000000013
-0.055890000000000085
-0.061027000000000046
-0.05234300000000006
-0.053403000000000124
-0.054564000000000126
-0.057734000000000035
-0.05551000000000004
-0.06099600000000012
-0.060862000000000215
-0.05744800000000017
-0.055261000000000116
-0.054858000000000094
-0.05407800000000003
-0.05162300000000007
-0.056523000000000136
-0.052908000000000004
-0.053469000000000017
-0.05282400000000008
-0.05621200000000016
-0.05713800000000009
-0.05631900000000004
-0.054945000000000084
-0.05641600000000008
-0.057331000000000014
-0.054073000000000135
-0.05162000000000011
-0.05183900000000006
-0.05604699999999998
-0.053270000000000095
-0.05412900000000005
-0.05307900000000005
-0.056222000000000154
-0.05319799999999993
-0.05483800000000012
-0.05531100000000012
-0.057028000000000155
-0.053428000000000156
-0.057042000000000086
-0.05470700000000008
-0.05798200000000005
-0.05704300000000004
-0.05452300000000006
-0.05473300000000011
-0.054308
-0.059201000000000246
-0.053547000000000136
-0.05192000000000006
-0.053502
-0.05318099999999996
-0.05429900000000007
-0.053938000000000076
-0.05318400000000006
-0.05246599999999997
-0.054331
-0.05702700000000011
-0.05499299999999999
-0.05946100000000008
-0.052273
-0.05237000000000006
-0.05320100000000009
-0.05814200000000009
-0.05414200000000005
-0.06035700000000006
-0.05594100000000007
-0.05197600000000004
-0.053490000000000114
-0.05776500000000021
-0.05661900000000013
-0.05436300000000009
-0.05439000000000011
-0.05028100000000001
-0.054030000000000154
-0.05395300000000002
-0.05229400000000001
-0.05271500000000007
-0.05499900000000017
-0.058373000000000015
-0.05292700000000006
-0.05299400000000002
-0.05186200000000003
-0.05155600000000015
-0.04987000000000001
-0.05172300000000003
-0.0513150000000001
-0.05516700000000005
-0.05060499999999997
-0.054300000000000126
-0.05297600000000009
-0.05680600000000016
-0.054658000000000095
-0.052700000000000156
-0.056651000000000125
-0.05133100000000004
-0.050222000000000044
-0.054763000000000214
-0.05168500000000006
-0.04949300000000002
-0.0552270000000001
-0.05217200000000004
-0.05110500000000009
-0.04890500000000003
-0.05137200000000003
-0.05305000000000007
-0.05125500000000005
-0.05243100000000009
-0.05314100000000013
-0.05381600000000002
-0.05259700000000008
-0.050824000000000015
-0.050419000000000075
-0.04955400000000007
-0.05170600000000007
-0.05217100000000007
-0.05468300000000014
-0.05760500000000011
-0.05150800000000005
-0.050829000000000034
-0.051875000000000025
-0.04738600000000007
-0.05067200000000013
-0.05097300000000008
-0.05352700000000009
-0.051099000000000006
-0.05093800000000001
-0.05424100000000009
-0.049984000000000084
-0.05173000000000004
-0.053349000000000105
-0.05017199999999999
-0.05282300000000008
-0.05447200000000005
-0.0514760000000001
-0.050927000000000076
-0.05525300000000018
-0.05311600000000008
-0.05225800000000005
-0.05067900000000006
-0.052188000000000054
-0.05380000000000009
-0.0547930000000002
-0.05090800000000009
-0.049772000000000045
-0.05119400000000003
-0.05234000000000009
-0.05012200000000004
-0.050936000000000134
-0.04968600000000002
-0.05053999999999999
-0.05006100000000002
-0.05209800000000007
-0.05252400000000008
-0.05116900000000005
-0.050547000000000016
-0.05001600000000005
-0.048006000000000076
-0.04805000000000005
-0.04763100000000008
-0.05342400000000017
-0.04998900000000008
-0.050419000000000096
-0.048913000000000005
-0.049919000000000074
-0.04806700000000008
-0.05090900000000007
-0.051180000000000066
-0.04856800000000002
-0.05468300000000016
-0.046671000000000046
-0.04845100000000008
-0.05139200000000006
-0.05086300000000004
-0.051844000000000105
-0.053741000000000136
-0.04995600000000013
-0.04843600000000001
-0.04918800000000007
-0.05212600000000002
-0.04936200000000009
-0.04679900000000007
-0.05006300000000007
-0.052717000000000167
-0.0480200000000001
-0.04786500000000002
-0.04855300000000004
-0.049275000000000034
-0.04796500000000006
-0.05173200000000003
-0.04899300000000003
-0.048325000000000076
-0.05262800000000011
-0.049032000000000076
-0.051565000000000194
-0.04670900000000007
-0.04907100000000005
-0.04740500000000012
-0.04724200000000003
-0.050169000000000144
-0.051401000000000155
-0.047168000000000015
-0.05123900000000016
-0.051614000000000104
-0.049764000000000044
-0.04659200000000013
-0.04948500000000003
-0.0461790000000001
-0.04987000000000009
-0.05049100000000008
-0.0485300000000001
-0.05147800000000014
-0.046809000000000045
-0.04944200000000005
-0.04813000000000003
-0.045345000000000066
-0.047628000000000045
-0.0521900000000001
-0.048277000000000035
-0.05134800000000001
-0.05261800000000006
-0.04792700000000004
-0.050616000000000175
-0.04936300000000009
-0.0524630000000001
-0.05145800000000006
-0.04580900000000006
-0.049745000000000025
-0.0481880000000001
-0.04839800000000002
-0.047271000000000014
-0.048569000000000036
-0.05254899999999998
-0.04837800000000004
-0.04836900000000002
-0.04986100000000006
-0.04656200000000012
-0.050776000000000064
-0.04769500000000007
-0.04934300000000006
-0.05003100000000008
-0.04548000000000009
-0.04759600000000006
-0.046086000000000106
-0.05057700000000006
-0.05338800000000005
-0.049822000000000054
-0.05425400000000021
-0.04601800000000004
-0.051904000000000054
-0.05133100000000012
-0.048178000000000026
-0.04817500000000001
-0.0521370000000001
-0.048330000000000053
-0.046539000000000004
-0.04799800000000006
-0.049578000000000046
-0.04672200000000007
-0.050675000000000026
-0.049152000000000064
-0.04756100000000004
-0.046764
-0.05048300000000004
-0.05120200000000012
-0.05045700000000014
-0.04653600000000007
-0.045033000000000045
-0.04848200000000005
-0.0468660000000001
-0.046627000000000085
-0.05003500000000008
-0.05404900000000014
-0.04384000000000007
-0.04986500000000006
-0.048890000000000086
-0.05298600000000003
-0.04641700000000012
-0.046277000000000075
-0.04512300000000004
-0.046702000000000035
-0.04464800000000005
-0.049377000000000094
-0.043422000000000086
-0.04526700000000006
-0.045792000000000076
-0.04446700000000004
-0.04812100000000004
-0.04503900000000002
-0.045114000000000036
-0.04422500000000004
-0.046441000000000045
-0.047542000000000084
-0.044335000000000076
-0.04329200000000013
-0.04774500000000003
-0.04907700000000007
-0.05111700000000006
-0.04610400000000001
-0.04705699999999999
-0.04799800000000007
-0.04904900000000005
-0.05068700000000004
-0.043907000000000106
-0.04415500000000005
-0.04758900000000001
-0.046552000000000024
-0.04762800000000002
-0.04646500000000007
-0.04658800000000005
-0.046834999999999995
-0.04492200000000008
-0.04536699999999997
-0.046488000000000036
-0.04659800000000001
-0.04763799999999995
-0.04905000000000003
-0.04385600000000006
-0.04801900000000004
-0.045345
-0.04584899999999997
-0.04471100000000005
-0.047622000000000074
-0.044793000000000055
-0.04417100000000005
-0.04857
-0.04674300000000005
-0.04434800000000007
-0.04717199999999997
-0.04774200000000006
-0.042205000000000034
-0.05009000000000005
-0.04352400000000008
-0.04257000000000004
-0.046396000000000014
-0.045483000000000086
-0.04406900000000006
-0.04440600000000003
-0.04233500000000002
-0.04305100000000005
-0.04167900000000008
-0.04375300000000006
-0.046983000000000025
-0.046239000000000065
-0.049846
-0.04542700000000001
-0.04552100000000007
-0.045256999999999985
-0.048071000000000065
-0.048680999999999995
-0.044664000000000065
-0.04349000000000003
-0.04625600000000008
-0.04580400000000003
-0.04237200000000005
-0.04397500000000007
-0.04537600000000006
-0.044130000000000086
-0.050947000000000034
-0.042544000000000054
-0.04606500000000008
-0.04984399999999999
-0.046654000000000063
-0.04411000000000012
-0.04387600000000002
-0.04477800000000002
-0.044176000000000035
-0.04629000000000011
-0.04622800000000006
-0.049353999999999995
-0.04639800000000006
-0.04611700000000003
-0.042862000000000094
-0.04597499999999998
-0.04280900000000002
-0.04255200000000003
-0.04293400000000004
-0.044313000000000026
-0.04655600000000004
-0.042503000000000075
-0.04521500000000006
-0.04652900000000004
-0.04403400000000009
-0.04373700000000007
-0.04731200000000003
-0.04717300000000004
-0.047279999999999954
-0.04677200000000008
-0.04750900000000006
-0.047944
-0.041986000000000065
-0.0448700000000001
-0.04449800000000008
-0.04820100000000005
-0.045796000000000066
-0.04456000000000008
-0.044342000000000034
-0.04638900000000001
-0.045375000000000054
-0.04588900000000007
-0.046668000000000036
-0.045389000000000033
-0.04261400000000008
-0.04573899999999997
-0.045038000000000016
-0.044611000000000095
-0.04387800000000009
-0.04420400000000008
-0.046060999999999984
-0.0454850000000001
-0.041141000000000136
-0.04367300000000007
-0.04205700000000005
-0.04661500000000005
-0.0439790000000001
-0.04699100000000007
-0.04153300000000012
-0.04409200000000006
-0.04884800000000003
-0.04411500000000008
-0.0445870000000001
-0.04315500000000012
-0.0441170000000001
-0.044170000000000015
-0.045948000000000024
-0.04653800000000003
-0.04839399999999994
-0.045888000000000054
-0.0449090000000001
-0.044862000000000075
-0.04235900000000007
-0.04399500000000001
-0.04800000000000004
-0.04603100000000009
-0.047418000000000106
-0.04452600000000003
-0.044166000000000046
-0.043972000000000046
-0.0443700000000001
-0.04580000000000008
-0.04811900000000004
-0.04460500000000006
-0.042032000000000076
-0.04667200000000009
-0.04774900000000004
-0.044148000000000104
-0.04521500000000007
-0.04766100000000007
-0.044148000000000104
-0.044863000000000076
-0.043888000000000024
-0.04398900000000007
-0.04658900000000006
-0.04581900000000009
-0.04859500000000003
-0.045012000000000066
-0.04311100000000008
-0.04299300000000007
-0.04411700000000011
-0.042924000000000025
-0.044226000000000106
-0.046839
-0.04602300000000002
-0.04338300000000011
-0.042184000000000006
-0.052098
-0.046030000000000036
-0.04342900000000003
-0.04547400000000009
-0.046351000000000045
-0.04557000000000009
-0.04705300000000009
-0.045988000000000084
-0.045779000000000056
-0.048003000000000066
-0.046580000000000066
-0.047054000000000096
-0.04797800000000008
-0.044149000000000084
-0.04586000000000004
-0.04530600000000012
-0.04443300000000005
-0.04476000000000006
-0.044690000000000014
-0.04475500000000004
-0.04748200000000007
-0.0438370000000001
-0.04853200000000008
-0.04474800000000002
-0.04388400000000007
-0.043980000000000095
-0.04441200000000012
-0.042962000000000077
-0.044592000000000055
-0.042079000000000095
-0.04506700000000007
-0.04225200000000008
-0.04338300000000009
-0.04063800000000008
-0.04373800000000005
-0.044550000000000055
-0.04519200000000007
-0.0457230000000001
-0.04528800000000013
-0.04624000000000006
-0.04295400000000005
-0.04298700000000009
-0.04641600000000005
-0.044564000000000124
-0.04317500000000008
-0.04518800000000004
-0.04765100000000005
-0.04431600000000003
-0.047992000000000035
-0.04690900000000002
-0.04741400000000004
-0.04844600000000008
-0.04372300000000008
-0.04321000000000006
-0.042130000000000056
-0.04457800000000006
-0.043167000000000094
-0.04128700000000012
-0.042762000000000064
-0.048907000000000124
-0.04378500000000005
-0.046827000000000125
-0.042920000000000055
-0.043273000000000054
-0.042899000000000076
-0.04403200000000008
-0.04575800000000004
-0.04236000000000006
-0.045039000000000086
-0.04251300000000006
-0.03921600000000009
-0.04318500000000002
-0.04386000000000002
-0.042636000000000174
-0.041435000000000034
-0.04406200000000007
-0.04840900000000009
-0.049046000000000006
-0.043026000000000064
-0.03996000000000006
-0.04439800000000011
-0.041222000000000134
-0.04240000000000014
-0.054224000000000015
-0.043237000000000095
-0.043455000000000035
-0.04373800000000005
-0.04192300000000014
-0.05368900000000007
-0.04711100000000009
-0.04637500000000004
-0.04547600000000007
-0.041662000000000136
-0.04783400000000001
-0.042677000000000014
-0.045074000000000086
-0.04533400000000005
-0.04153200000000009
-0.04382900000000012
-0.04222200000000012
-0.0420300000000001
-0.04190900000000005
-0.04404300000000008
-0.04251200000000006
-0.04277000000000004
-0.0425450000000001
-0.044917
-0.04225200000000007
-0.044197000000000056
-0.04407000000000006
-0.044954000000000056
-0.04570700000000009
-0.04441900000000008
-0.04493100000000009
-0.04048200000000007
-0.03988800000000014
-0.04410700000000008
-0.04785100000000011
-0.04828400000000007
-0.04297200000000011
-0.04334200000000006
-0.044311000000000066
-0.04203800000000012
-0.04350700000000007
-0.042044000000000026
-0.04915300000000007
-0.044878
-0.04271700000000004
-0.041717000000000067
-0.042814000000000116
-0.04504299999999999
-0.045790000000000095
-0.04451899999999998
-0.05059200000000011
-0.045118000000000075
-0.04254100000000005
-0.0421540000000001
-0.04223300000000007
-0.04293000000000009
-0.04371900000000007
-0.04453300000000009
-0.047209000000000174
-0.04338700000000007
-0.04297400000000008
-0.044290000000000086
-0.04308200000000004
-0.04497400000000011
-0.047580000000000004
-0.045649000000000106
-0.050081000000000056
-0.04468000000000011
-0.048196000000000135
-0.045063000000000124
-0.04553200000000006
-0.04271300000000012
-0.04724099999999994
-0.044207000000000024
-0.041032000000000034
-0.04196600000000011
-0.04284800000000005
-0.04480800000000004
-0.04137600000000014
-0.039767000000000115
-0.047105000000000063
-0.040511000000000096
-0.044674000000000054
-0.04384200000000009
-0.043667000000000046
-0.0432790000000001
-0.04451900000000011
-0.04309500000000009
-0.04762100000000005
-0.04567900000000004
-0.045765000000000035
-0.04188500000000005
-0.04228400000000009
-0.040565000000000115
-0.038715000000000076
-0.044793000000000076
-0.0448770000000001
-0.04223700000000009
-0.04420200000000006
-0.04217600000000002
-0.043242000000000044
-0.045304000000000025
-0.04173700000000004
-0.04476500000000007
-0.04170600000000008
-0.04386600000000008
-0.04343700000000007
-0.04520800000000005
-0.04187100000000014
-0.04252500000000004
-0.0447010000000001
-0.044348000000000116
-0.04196800000000008
-0.04855900000000002
-0.04140100000000014
-0.04466300000000008
-0.04046999999999999
-0.04710700000000009
-0.04246400000000007
-0.046075000000000095
-0.041775000000000145
-0.04405500000000008
-0.03951500000000009
-0.04601600000000004
-0.05096400000000011
-0.040076000000000105
-0.046071000000000056
-0.04187500000000006
-0.04847200000000005
-0.044956000000000086
-0.0502370000000001
-0.04185800000000009
-0.04428800000000004
-0.043501000000000074
-0.04594300000000004
-0.04332100000000008
-0.04576900000000006
-0.03845100000000005
-0.0481400000000001
-0.04183000000000011
-0.041748000000000125
-0.04196200000000011
-0.04276000000000016
-0.040703000000000086
-0.04090900000000015
-0.03964300000000006
-0.04266600000000008
-0.041037000000000066
-0.041969000000000097
-0.04449000000000004
-0.04471300000000005
-0.041734000000000035
-0.04000600000000003
-0.0407170000000001
-0.04205800000000009
-0.04477100000000004
-0.03847700000000005
-0.04063200000000008
-0.044154000000000054
-0.04835200000000005
-0.04160100000000014
-0.04265600000000009
-0.04221600000000008
-0.0460150000000001
-0.039990000000000116
-0.04746400000000004
-0.0454330000000001
-0.04086400000000012
-0.040096000000000104
-0.04179600000000012
-0.04294800000000011
-0.042161000000000094
-0.04301200000000002
-0.0426690000000001
-0.040195000000000106
-0.04235400000000011
-0.04271400000000011
-0.04039400000000002
-0.03781400000000007
-0.0434350000000001
-0.03994300000000008
-0.04160800000000009
-0.04062700000000013
-0.04753900000000008
-0.041217000000000156
-0.03918600000000006
-0.04131700000000009
-0.044170000000000084
-0.04051800000000009
-0.04059600000000006
-0.04051400000000012
-0.04261200000000005
-0.04066900000000007
-0.040702000000000085
-0.043746000000000125
-0.040619000000000086
-0.046755000000000095
-0.038402000000000096
-0.03843100000000008
-0.045259000000000084
-0.044253000000000105
-0.039921000000000074
-0.03710600000000008
-0.037579000000000085
-0.04243200000000011
-0.04229300000000007
-0.04105200000000006
-0.03834200000000011
-0.03958500000000014
-0.037805000000000095
-0.0438710000000001
-0.037782000000000114
-0.043657000000000105
-0.038695000000000146
-0.040071000000000065
-0.04238500000000009
-0.037513000000000074
-0.04355600000000012
-0.03894500000000005
-0.043449000000000106
-0.04552800000000004
-0.04049500000000004
-0.044742000000000136
-0.03509300000000009
-0.0464200000000001
-0.047619000000000085
-0.04130600000000006
-0.04063700000000009
-0.042788000000000076
-0.040861000000000085
-0.03850000000000008
-0.0414340000000001
-0.039416000000000076
-0.04326100000000012
-0.04206200000000009
-0.04000000000000004
-0.04146200000000013
-0.03983000000000007
-0.037892000000000155
-0.03844700000000007
-0.039021000000000076
-0.03730800000000006
-0.03901300000000017
-0.040498000000000034
-0.038040000000000095
-0.0374010000000001
-0.04286900000000008
-0.039413000000000066
-0.04283000000000002
-0.037406000000000106
-0.0407360000000001
-0.04067300000000013
-0.037620000000000105
-0.04488300000000012
-0.03727300000000007
-0.040623000000000124
-0.03810600000000008
-0.03623300000000007
-0.04051200000000009
-0.03963600000000013
-0.04174700000000011
-0.0484790000000001
-0.04596300000000014
-0.046065000000000175
-0.04311200000000012
-0.03712700000000007
-0.038814000000000126
-0.039912000000000065
-0.04002600000000008
-0.042434000000000034
-0.04303700000000012
-0.04173700000000009
-0.040942000000000096
-0.03981700000000009
-0.03746300000000017
-0.040907000000000096
-0.04667700000000011
-0.042226
-0.04088000000000006
-0.03905100000000009
-0.037056000000000124
-0.038986000000000146
-0.03965400000000012
-0.039487000000000085
-0.0401410000000001
-0.03754100000000004
-0.03667000000000013
-0.04478000000000005
-0.040209000000000134
-0.03986900000000012
-0.04724900000000004
-0.03938900000000013
-0.038953000000000064
-0.041249000000000195
-0.03774100000000015
-0.03870900000000014
-0.03759100000000003
-0.04108500000000012
-0.04324200000000006
-0.03689600000000017
-0.042516000000000075
-0.03854200000000011
-0.03998700000000002
-0.04107900000000013
-0.038764000000000104
-0.041686000000000056
-0.036924000000000116
-0.03742000000000008
-0.044175000000000096
-0.039290000000000116
-0.04353900000000009
-0.041458000000000134
-0.03745200000000009
-0.03890500000000013
-0.03966500000000013
-0.03872300000000012
-0.03997200000000009
-0.03674800000000016
-0.04042900000000011
-0.03908100000000012
-0.038591000000000125
-0.043112000000000164
-0.03691100000000011
-0.0388090000000001
-0.036974000000000055
-0.03870100000000013
-0.03659200000000007
-0.03774500000000007
-0.03390600000000009
-0.04382900000000009
-0.03792600000000007
-0.03588900000000002
-0.0371920000000001
-0.03786800000000006
-0.04213000000000005
-0.03598700000000009
-0.038538000000000086
-0.037447000000000126
-0.04360700000000011
-0.03786800000000009
-0.03783900000000009
-0.03952100000000013
-0.03819800000000011
-0.03697500000000008
-0.04067800000000014
-0.03886400000000014
-0.04326600000000013
-0.03830000000000009
-0.04318100000000005
-0.04236100000000007
-0.03775000000000004
-0.03845200000000007
-0.04140700000000012
-0.04106400000000017
-0.03580700000000013
-0.04067100000000009
-0.03518500000000012
-0.03907300000000006
-0.04057700000000006
-0.03781900000000007
-0.03855200000000006
-0.035288000000000125
-0.0395800000000001
-0.038141000000000064
-0.03947200000000012
-0.039959000000000106
-0.03525700000000008
-0.038903000000000056
-0.04388900000000011
-0.037007000000000144
-0.04011600000000007
-0.03700300000000008
-0.039236000000000104
-0.03702100000000015
-0.03724800000000011
-0.03829200000000004
-0.03904200000000012
-0.04224800000000012
-0.039670000000000115
-0.03725800000000005
-0.040175000000000134
-0.03867300000000009
-0.03608700000000002
-0.03944000000000013
-0.039349000000000085
-0.03772500000000013
-0.03737000000000013
-0.036364000000000125
-0.035744000000000116
-0.04159400000000004
-0.038196000000000035
-0.04029700000000007
-0.03541800000000012
-0.03743400000000013
-0.04125400000000011
-0.03912500000000014
-0.036033000000000086
-0.03699000000000012
-0.03985300000000007
-0.0393500000000001
-0.03896100000000014
-0.03527800000000009
-0.039623000000000075
-0.03915100000000008
-0.04065600000000008
-0.036831000000000114
-0.0371530000000001
-0.03731700000000001
-0.0378680000000001
-0.043095000000000064
-0.038189000000000035
-0.038723000000000056
-0.04169900000000006
-0.03748900000000011
-0.03614700000000006
-0.0382250000000001
-0.035857000000000104
-0.04017100000000012
-0.0389030000000001
-0.036561000000000045
-0.0354040000000001
-0.040837000000000116
-0.03743100000000012
-0.03726500000000007
-0.04007700000000008
-0.037835000000000084
-0.034658000000000105
-0.035700000000000065
-0.038501000000000125
-0.0377730000000001
-0.03455400000000012
-0.038849000000000064
-0.04145700000000012
-0.03652500000000016
-0.03711900000000006
-0.03448500000000007
-0.036941000000000015
-0.03667700000000004
-0.036977000000000114
-0.03563600000000012
-0.037164000000000044
-0.03449300000000011
-0.04292500000000005
-0.03940200000000009
-0.039975000000000156
-0.03767100000000009
-0.0399680000000001
-0.03807900000000016
-0.03830900000000012
-0.03769300000000007
-0.036634000000000166
-0.03842400000000011
-0.03695000000000012
-0.038083000000000075
-0.03450800000000018
-0.03630600000000015
-0.03712300000000007
-0.037569000000000075
-0.036376000000000165
-0.038218000000000106
-0.04116300000000009
-0.03940100000000008
-0.03819700000000007
-0.036294000000000104
-0.035660000000000094
-0.03428400000000007
-0.0398920000000001
-0.039185000000000074
-0.03892500000000009
-0.04028500000000012
-0.03720900000000016
-0.03769400000000002
-0.040995000000000115
-0.03805800000000017
-0.03269400000000014
-0.0363700000000001
-0.03686200000000012
-0.037022000000000124
-0.03520100000000003
-0.03501800000000014
-0.03309400000000012
-0.037589000000000115
-0.03775200000000009
-0.037086000000000084
-0.0344180000000001
-0.03965900000000009
-0.036059000000000084
-0.039760000000000115
-0.03957800000000013
-0.036602000000000114
-0.03539600000000008
-0.0376630000000001
-0.04049100000000009
-0.038959000000000084
-0.03695900000000011
-0.03907900000000009
-0.04047100000000004
-0.03839200000000011
-0.03725700000000008
-0.040855000000000107
-0.039026000000000116
-0.03679400000000006
-0.03707300000000011
-0.03556200000000009
-0.037226000000000106
-0.03986600000000011
-0.036356000000000034
-0.036372000000000106
-0.036532000000000155
-0.03519000000000013
-0.03557700000000012
-0.03742700000000012
-0.03486400000000008
-0.03757800000000009
-0.03864800000000002
-0.036109000000000085
-0.035824000000000106
-0.033939000000000094
-0.03907600000000014
-0.041254000000000034
-0.04061100000000006
-0.035767000000000077
-0.0367410000000001
-0.03891100000000009
-0.038797000000000095
-0.03723800000000009
-0.03730300000000008
-0.03905300000000013
-0.03648200000000008
-0.0373050000000001
-0.03636400000000014
-0.034529000000000074
-0.034951000000000114
-0.036697000000000105
-0.0382320000000001
-0.03756400000000007
-0.038847000000000104
-0.03536800000000009
-0.03540300000000013
-0.035225000000000145
-0.03379600000000002
-0.03554100000000008
-0.03708100000000011
-0.037119000000000124
-0.03555100000000009
-0.03611200000000011
-0.03454400000000013
-0.0339390000000001
-0.0355590000000001
-0.0369710000000001
-0.034674000000000135
-0.03674600000000012
-0.037344000000000155
-0.03458400000000015
-0.033230000000000065
-0.03501300000000008
-0.03429600000000018
-0.03899500000000012
-0.035380000000000134
-0.034847000000000114
-0.03806900000000018
-0.041576000000000106
-0.0366490000000001
-0.03754100000000011
-0.0361980000000001
-0.04087100000000011
-0.03399400000000003
-0.035078000000000054
-0.0381360000000001
-0.039278000000000174
-0.036177000000000105
-0.04416900000000014
-0.037201000000000164
-0.03502500000000014
-0.03760800000000009
-0.03686200000000006
-0.03441300000000011
-0.03663000000000011
-0.03467100000000014
-0.03316100000000013
-0.03451500000000013
-0.04007200000000012
-0.03561100000000011
-0.03768200000000013
-0.036583000000000115
-0.04062200000000005
-0.03627200000000014
-0.036164000000000064
-0.03656200000000009
-0.041035000000000106
-0.03672800000000018
-0.036670000000000126
-0.03442300000000014
-0.03822300000000006
-0.03891700000000008
-0.037072000000000126
-0.03604300000000008
-0.03784600000000008
-0.0349340000000001
-0.03826100000000007
-0.03409600000000008
-0.03358600000000013
-0.039034000000000096
-0.038433000000000155
-0.04283000000000009
-0.03949900000000012
-0.03654800000000012
-0.035907000000000126
-0.03885000000000013
-0.03999000000000008
-0.041507000000000065
-0.034785000000000094
-0.03836800000000012
-0.04134400000000017
-0.03911200000000014
-0.04523300000000013
-0.03594700000000012
-0.04281700000000011
-0.040669000000000045
-0.03798400000000013
-0.037957000000000095
-0.04075000000000009
-0.04108200000000018
-0.0463340000000001
-0.035756000000000135
-0.0328790000000001
-0.033878000000000116
-0.03792900000000013
-0.03529500000000004
-0.035460000000000096
-0.03527200000000012
-0.03907500000000004
-0.039104000000000104
-0.039413000000000045
-0.03559700000000012
-0.03461100000000014
-0.04282000000000017
-0.03799800000000006
-0.03572900000000011
-0.040666000000000195
-0.03798200000000009
-0.03828900000000014
-0.03530900000000014
-0.04057800000000007
-0.035905000000000124
-0.03936400000000014
-0.036259000000000034
-0.035229000000000094
-0.033657000000000076
-0.03406000000000018
-0.03631000000000005
-0.03856900000000009
-0.03790400000000011
-0.03619900000000014
-0.03495700000000012
-0.033251000000000135
-0.03673400000000017
-0.035359000000000085
-0.03863300000000008
-0.03847300000000004
-0.038518000000000184
-0.03809600000000014
-0.035056000000000115
-0.035550000000000095
-0.03489100000000014
-0.035908000000000065
-0.03401500000000014
-0.04195900000000005
-0.03473400000000012
-0.03487200000000015
-0.03472300000000007
-0.036241000000000134
-0.03552300000000012
-0.03372900000000011
-0.04343500000000015
-0.03716400000000013
-0.03907400000000013
-0.042103000000000154
-0.034404000000000115
-0.037366000000000114
-0.03469800000000005
-0.03626000000000009
-0.03718700000000007
-0.03271800000000001
-0.03578100000000012
-0.03237700000000005
-0.034815000000000096
-0.03985500000000011
-0.03754400000000013
-0.034431000000000093
-0.03437200000000012
-0.037474000000000035
-0.03500800000000008
-0.03554500000000016
-0.03812500000000009
-0.03388400000000015
-0.03648500000000015
-0.0381130000000001
-0.036394000000000155
-0.037036000000000145
-0.03802400000000011
-0.03554100000000007
-0.03639900000000015
-0.037775000000000135
-0.03432700000000008
-0.04109500000000007
-0.0358740000000001
-0.036925000000000166
-0.03480300000000007
-0.03834500000000017
-0.03592900000000017
-0.03773300000000006
-0.0356010000000001
-0.035392000000000125
-0.039419000000000114
-0.03556200000000008
-0.03375600000000015
-0.034541000000000106
-0.03507200000000007
-0.036652000000000066
-0.034702000000000115
-0.03317700000000014
-0.03356300000000011
-0.034376000000000156
-0.031977000000000096
-0.036816000000000036
-0.03592200000000018
-0.040824000000000034
-0.033232000000000164
-0.037052000000000154
-0.0331420000000001
-0.039211000000000135
-0.03668300000000016
-0.03632000000000017
-0.04025900000000015
-0.033908000000000146
-0.035182000000000074
-0.03520200000000017
-0.035271000000000115
-0.032322000000000094
-0.03475900000000015
-0.03656700000000009
-0.040102000000000144
-0.0341320000000001
-0.033768000000000145
-0.03459400000000006
-0.03712000000000015
-0.033937000000000155
-0.0374290000000001
-0.03405100000000012
-0.03315500000000013
-0.036645000000000115
-0.03512800000000016
-0.03691200000000011
-0.03610500000000015
-0.034900000000000105
-0.035797000000000086
-0.03762400000000017
-0.031354000000000125
-0.03505400000000005
-0.035408000000000155
-0.0411650000000001
-0.040763000000000105
-0.0391050000000001
-0.0363390000000001
-0.03108700000000016
-0.03523100000000007
-0.03327500000000009
-0.03339400000000016
-0.034182000000000136
-0.031217000000000047
-0.03473000000000004
-0.033920000000000144
-0.035387000000000134
-0.03490600000000017
-0.031693000000000054
-0.03375300000000016
-0.03245800000000019
-0.03302900000000007
-0.03427800000000005
-0.031438000000000105
-0.03245600000000009
-0.04186700000000014
-0.033602000000000104
-0.03058600000000013
-0.03204700000000011
-0.03267500000000015
-0.033159000000000126
-0.031008000000000136
-0.033890000000000094
-0.0330050000000001
-0.035192000000000105
-0.03593500000000011
-0.03583300000000011
-0.034659000000000086
-0.03470500000000012
-0.03191400000000012
-0.03128600000000011
-0.030838000000000153
-0.03191600000000014
-0.03371000000000007
-0.031921000000000116
-0.03197200000000009
-0.038710000000000015
-0.0362720000000001
-0.03110900000000007
-0.03241300000000012
-0.031679000000000096
-0.03588500000000011
-0.03297600000000008
-0.03371600000000005
-0.034882000000000093
-0.04106500000000008
-0.03154300000000008
-0.031012000000000085
-0.031021000000000118
-0.03244800000000017
-0.032777000000000105
-0.033415000000000146
-0.03214800000000007
-0.031142000000000034
-0.031678000000000095
-0.03295500000000012
-0.033717000000000164
-0.03410600000000006
-0.03199100000000014
-0.03263500000000009
-0.029728000000000088
-0.03176300000000011
-0.037187000000000095
-0.034234000000000014
-0.0306760000000002
-0.036646000000000116
-0.03543800000000012
-0.03234400000000014
-0.030987000000000126
-0.037525000000000044
-0.03251500000000002
-0.03425500000000009
-0.03375600000000002
-0.03545199999999999
-0.03212700000000011
-0.029467000000000076
-0.03393200000000013
-0.03229300000000009
-0.030083000000000068
-0.03378000000000007
-0.034602000000000105
-0.03642600000000007
-0.03129200000000011
-0.03725800000000009
-0.034452000000000094
-0.03583700000000011
-0.034957000000000044
-0.03695500000000017
-0.03809100000000007
-0.031340000000000104
-0.03238500000000011
-0.03234900000000012
-0.035470000000000036
-0.03253700000000007
-0.028606000000000107
-0.030211000000000075
-0.03304600000000007
-0.032171000000000005
-0.03475800000000008
-0.03202200000000012
-0.028976000000000113
-0.03390400000000005
-0.03548000000000007
-0.031151000000000068
-0.0312780000000001
-0.03584700000000006
-0.028653000000000126
-0.036410000000000026
-0.03617400000000013
-0.03629600000000006
-0.028526000000000086
-0.033330000000000026
-0.03975800000000009
-0.03075100000000009
-0.03205800000000009
-0.0338100000000001
-0.030319
-0.0367400000000001
-0.03126900000000002
-0.031132000000000066
-0.03093300000000009
-0.02932000000000014
-0.03015100000000004
-0.030008000000000125
-0.03375600000000012
-0.0292510000000001
-0.034385000000000054
-0.03774000000000011
-0.03551600000000007
-0.03189900000000006
-0.029557000000000066
-0.029679000000000077
-0.031531000000000094
-0.03056000000000007
-0.034396000000000086
-0.029477000000000107
-0.029218000000000053
-0.029362000000000086
-0.03317000000000016
-0.029041000000000098
-0.03215600000000009
-0.029918000000000108
-0.03484800000000008
-0.03254000000000013
-0.03832900000000005
-0.03409300000000006
-0.03200400000000017
-0.037161000000000104
-0.03438000000000013
-0.028635000000000098
-0.03338300000000004
-0.03459400000000007
-0.03711000000000011
-0.0309380000000001
-0.03192700000000007
-0.03399400000000011
-0.031930000000000104
-0.030721999999999975
-0.02954100000000014
-0.03005600000000015
-0.03972500000000006
-0.03585400000000009
-0.033669000000000136
-0.03162700000000009
-0.03391300000000008
-0.03859100000000014
-0.03063300000000012
-0.031193999999999972
-0.03292900000000008
-0.03324700000000013
-0.03647600000000012
-0.032717000000000024
-0.03725200000000014
-0.029683000000000105
-0.0319230000000001
-0.035715000000000136
-0.03155800000000015
-0.03565800000000008
-0.03337900000000013
-0.030962000000000132
-0.03261000000000007
-0.0326360000000001
-0.030845000000000077
-0.035803000000000154
-0.028708000000000084
-0.03943400000000008
-0.03155800000000012
-0.03377400000000011
-0.034719000000000146
-0.034052000000000054
-0.03273200000000009
-0.03514300000000008
-0.03250100000000009
-0.033038000000000116
-0.033912000000000074
-0.03225300000000014
-0.03260100000000013
-0.03617900000000005
-0.03736800000000011
-0.030682000000000032
-0.03383800000000009
-0.031633000000000064
-0.032685000000000096
-0.04064100000000011
-0.032905000000000094
-0.03231300000000009
-0.030477000000000164
-0.030426000000000095
-0.03219100000000011
-0.034369000000000066
-0.03100700000000013
-0.0311270000000001
-0.030670000000000062
-0.02923900000000014
-0.03671800000000009
-0.03386200000000007
-0.032817000000000124
-0.030922000000000106
-0.039155000000000155
-0.03492800000000011
-0.03201100000000006
-0.03384800000000016
-0.02968600000000007
-0.03346500000000011
-0.030450000000000074
-0.03183300000000004
-0.030713000000000136
-0.03414500000000011
-0.029579000000000116
-0.03874600000000002
-0.03211600000000007
-0.032188000000000154
-0.032490000000000165
-0.03240100000000007
-0.03166300000000004
-0.03268700000000012
-0.03561600000000007
-0.03162900000000013
-0.03533600000000014
-0.03240400000000011
-0.03289000000000002
-0.03456300000000008
-0.030709000000000024
-0.030887000000000102
-0.029330000000000054
-0.0347590000000001
-0.03281000000000007
-0.029484000000000152
-0.03408300000000014
-0.029275000000000124
-0.0314680000000001
-0.0331710000000001
-0.03828000000000003
-0.03322300000000011
-0.03436400000000016
-0.03335200000000012
-0.03568500000000006
-0.02859400000000004
-0.03292300000000009
-0.033286000000000086
-0.033884000000000136
-0.03342700000000011
-0.035345000000000085
-0.034480000000000156
-0.02994400000000012
-0.03596500000000014
-0.03563800000000014
-0.03208200000000009
-0.03553700000000014
-0.03121300000000003
-0.034534000000000085
-0.0329310000000001
-0.035683000000000104
-0.03912300000000005
-0.031471000000000124
-0.030613000000000095
-0.032160000000000015
-0.03175800000000005
-0.031235000000000093
-0.03296500000000008
-0.03402100000000014
-0.038288000000000114
-0.03372900000000011
-0.03221400000000003
-0.035185000000000057
-0.03712600000000012
-0.036568000000000114
-0.032947000000000046
-0.03343800000000006
-0.03309100000000006
-0.03757500000000012
-0.030779000000000018
-0.030551000000000158
-0.02945900000000006
-0.03222700000000008
-0.035867000000000086
-0.03699800000000007
-0.032677000000000074
-0.03651200000000009
-0.038035000000000124
-0.03293800000000014
-0.03301000000000016
-0.03402500000000013
-0.03139100000000002
-0.03585200000000011
-0.03362800000000013
-0.03551000000000012
-0.031680000000000076
-0.03354500000000008
-0.03427500000000004
-0.03676500000000005
-0.03810700000000005
-0.03298900000000008
-0.03222500000000013
-0.03510800000000009
-0.03553800000000011
-0.035857000000000146
-0.035326000000000066
-0.03593000000000012
-0.034961000000000124
-0.035456000000000105
-0.0324380000000001
-0.03820000000000007
-0.03306500000000015
-0.0374850000000001
-0.03130000000000001
-0.03776800000000004
-0.035094000000000077
-0.03200900000000009
-0.03041000000000006
-0.03277400000000011
-0.03339800000000008
-0.03406900000000015
-0.03176600000000012
-0.03127200000000006
-0.038578000000000105
-0.03045300000000013
-0.03039900000000011
-0.03692700000000009
-0.031882000000000105
-0.03148000000000014
-0.034039000000000055
-0.03648000000000009
-0.03846200000000009
-0.038794000000000065
-0.03294000000000011
-0.033499000000000126
-0.036688000000000054
-0.0410000000000001
-0.032416000000000104
-0.03579900000000008
-0.026535000000000038
-0.031128000000000013
-0.031393000000000074
-0.03022200000000009
-0.0337500000000001
-0.03072400000000008
-0.03225700000000008
-0.03530900000000008
-0.03272400000000002
-0.035820000000000116
-0.03135400000000003
