-8.867386591229135
-8.32258450846027
-7.8937128649732236
-7.573797431581913
-7.3244595757635444
-7.164494882791308
-7.024848540296882
-6.936035281665437
-6.91552040968492
-6.791492719248563
-6.735861287435277
-6.70468477897615
-6.617790909976443
-6.618511217408729
-6.574411420959198
-6.534284661413238
-6.501599797488924
-6.462364561234202
-6.473462796938559
-6.475015615339045
-6.451197477022718
-6.452241494815315
-6.441213541836081
-6.450768166684626
-6.426006790820522
-6.428644834438346
-6.392034440620754
-6.4019069664717145
-6.366253269483604
-6.3472478954867135
-6.329178197721322
-6.278158951094634
-6.1789511833272615
-6.163670109056514
-6.104129200010863
-6.089096539465666
-6.061227451645494
-6.009768557988898
-6.014267538856448
-5.977183558169068
-5.969284679781238
-5.963021814323567
-5.9262942762390995
-5.904512022674404
-5.8645639668758704
-5.857712972824268
-5.8141682307058185
-5.799901369605275
-5.8040481491980005
-5.805672345224962
-5.756697275558414
-5.713674242204757
-5.711596040645617
-5.67700067665168
-5.681192767303442
-5.66024352804389
-5.650982104094568
-5.637612600665525
-5.625487922567575
-5.614938914243714
-5.619333326418009
-5.613256653080672
-5.567716343432432
-5.583906407581635
-5.564159556847054
-5.566241583253648
-5.547095164768483
-5.552053744894199
-5.549953815756783
-5.5311129062117
-5.5210074540178145
-5.483741290821561
-5.439954440451276
-5.424003411950515
-5.383480754454285
-5.341760536951048
-5.288702753367199
-5.287379464451212
-5.2639033244507
-5.292919280703743
-5.274905330862363
-5.270325646170754
-5.2728016219791325
-5.262806187851741
-5.247215095755029
-5.246722463631267
-5.250253201488837
-5.263747748687653
-5.224992015197817
-5.2177128012802925
-5.212665380642071
-5.172482529560399
-5.172469533063902
-5.124643134642031
-5.147311315002908
-5.128329103412585
-5.059119150518627
-5.050985673560358
-4.999867439030842
-4.998676167963657
-4.97615390682241
-4.952628876691786
-4.964188574824258
-4.934890454048158
-4.906440587081546
-4.914054793657881
-4.882109130284238
-4.857897064603971
-4.851529986805877
-4.852737945424736
-4.820256093254291
-4.832548833436971
-4.826939821902275
-4.804025768058577
-4.824225437917615
-4.818360856272081
-4.781743118138178
-4.810920585524306
-4.764717063371305
-4.794351591091609
-4.7891304856500065
-4.784751066940505
-4.772800201656951
-4.762254087310766
-4.751043014021562
-4.740816669624136
-4.738268628911002
-4.730556734831986
-4.7375766646024795
-4.7045120827393
-4.7329300846080065
-4.727300489179282
-4.723316684869626
-4.733644482364163
-4.734165550213795
-4.710376004746491
-4.713797801629704
-4.7338152196322305
-4.705776068153002
-4.703320733069675
-4.726019932237369
-4.686901743443098
-4.694334536274453
-4.690923798532038
-4.6875049244331395
-4.693358801335434
-4.683986867898943
-4.684479513297013
-4.662398146517813
-4.689387084451069
-4.676585145908549
-4.683723585795307
-4.657970464776547
-4.670487948190807
-4.648347202659321
-4.656954840957173
-4.667584674937751
-4.6594658034644825
-4.637866136344541
-4.622653579350769
-4.627321101193312
-4.588976729120531
-4.6063041114371375
-4.575874099337745
-4.553743235098574
-4.574512972516637
-4.583860912824898
-4.570843475409872
-4.560160385282484
-4.567511885606845
-4.564973373732574
-4.565953464564734
-4.572899776828911
-4.553407462367287
-4.541807004250248
-4.532480982749794
-4.51644559744706
-4.515211892964074
-4.491885497282803
-4.505567227831374
-4.497019475289579
-4.4559318519404
-4.441637118718649
-4.427253125022163
-4.378962268891654
-4.360760879507446
-4.346948505079508
-4.3536384649055195
-4.305919800439715
-4.323065455775672
-4.304856495585975
-4.280405793466212
-4.278250093794354
-4.261783456893264
-4.266466398244197
-4.273847646855165
-4.243129562026312
-4.23693638191896
-4.247101142712358
-4.225222052703799
-4.215133110465423
-4.192576121206563
-4.1820721285392715
-4.16712490189739
-4.186052711841478
-4.132339725827804
-4.135275696188906
-4.115289269651964
-4.108882442406715
-4.105450533031486
-4.110831488228089
-4.093613938850592
-4.074350994738797
-4.084856391385061
-4.104368046216269
-4.0785329363801575
-4.067361395742645
-4.084437473243738
-4.073188560191327
-4.06960065024495
-4.07014416794992
-4.074491425657131
-4.0753378998759455
-4.097179878219603
-4.073552010137726
-4.081887791671319
-4.070301973560127
-4.086470586795626
-4.078375971288935
-4.087965618123537
-4.06977095863079
-4.067300025410062
-4.0501396501593385
-4.07041566732705
-4.03229992077842
-4.061722263968255
-4.071021033650516
-4.0483142313674145
-4.052844458644307
-4.054377687526506
-4.033814312188708
-4.053185891597749
-4.025865118885279
-4.036408182571377
-4.038078672763643
-4.036250749034087
-4.024967514199628
-4.015631196978604
-4.030135252673053
-4.013657540172406
-4.021382644129121
-4.0272806656412685
-4.034717579576848
-4.0233377111446975
-4.022393545597087
-4.012840291076897
-4.006214367465829
-3.997914035532454
-4.027239955386058
-4.007056333236382
-4.025813726769503
-4.013694765125997
-4.028315587126308
-4.013574792841612
-4.028505245557376
-4.018424046864533
-4.012088797377363
-4.009505960976583
-3.9972213144942983
-3.9872877925163497
-4.005158135836767
-3.9988155111384605
-3.996916060330095
-4.002184235897103
-4.0019807515763075
-3.999491685306533
-3.997112739947513
-3.992551890872039
-3.995914545000697
-4.005343009226158
-3.985296126460329
-3.975835638272171
-3.9850377474447334
-3.9914551629012265
-3.9897494613633717
-3.9594944932016385
-3.984324636977184
-4.006385012234147
-3.9699930916817867
-3.978210400878297
-3.9712331528852536
-3.9559184973579544
-3.9612663697078205
-3.9599360586362247
-3.98022052309005
-3.9730101986442943
-3.9909260734709586
-3.9845348754757692
-3.9802634057602932
-3.967222947367982
-3.963381822744785
-3.9746121888652515
-3.95293283891719
-3.953311604917393
-3.95223044279043
-3.9351584632176237
-3.953114892073389
-3.944873665850121
-3.946958422991575
-3.9603707571642337
-3.946444111166308
-3.9575692906263633
-3.9407416076265003
-3.9390887130209995
-3.9407122194328905
-3.931797378043392
-3.9392386975636704
-3.9408322861550404
-3.934808265594064
-3.901234556727709
-3.9228813276916865
-3.9353665985573207
-3.913877002517201
-3.939038719303271
-3.9240394815068793
-3.9271448617344027
-3.940603311116122
-3.9148516086910825
-3.9305834884202215
-3.9248587916661717
-3.920007751262322
-3.938158414385358
-3.9144945312799893
-3.926260220090898
-3.923206166014219
-3.9074795465957823
-3.8953764776328232
-3.923063135348548
-3.9015360134132164
-3.9109843839969702
-3.921674847334292
-3.9056727211859856
-3.9103962635229137
-3.9020450660870085
-3.898112489940645
-3.899854450025888
-3.8897173303974637
-3.8863806555589457
-3.9027383400911413
-3.8817706350245174
-3.8971268413472155
-3.8914271396090485
-3.895621206574406
-3.883126091942573
-3.8874903977492705
-3.881784651313039
-3.882563083361646
-3.888671388422502
-3.8893487646796423
-3.876049727581657
-3.8700732986283133
-3.881047362613363
-3.8788786183930144
-3.868229053744056
-3.864371676631233
-3.878318611756609
-3.8687346871257207
-3.8644572283145715
-3.849573952580795
-3.8707739099701524
-3.859525434744912
-3.85300881542869
-3.859119284105446
-3.855406448323192
-3.859620002451361
-3.857674953609378
-3.84364529040614
-3.8737582015486565
-3.873108359710195
-3.855740810474399
-3.862246597691487
-3.8527827573915294
-3.8630122472005284
-3.850671863033528
-3.8589574764442114
-3.868687282249724
-3.8627651317350686
-3.8583902579448757
-3.8631149194355356
-3.8681137088578543
-3.846433495130396
-3.871987630472997
-3.8558022370666287
-3.8719351277285172
-3.8558271649603437
-3.8649327920647814
-3.864925453722602
-3.88444248533475
-3.8680116695958073
-3.8777615495684272
-3.858988235812626
-3.870036038685344
-3.8592499563292426
-3.861995904247359
-3.861932963897841
-3.8747928921883736
-3.855477019715858
-3.8661159213718266
-3.8715399566955995
-3.868888652159594
-3.8569329740871057
-3.8704828312653716
-3.852137475980091
-3.8485622606975967
-3.850518756036568
-3.8767033795906416
-3.867441283256408
-3.873994650313953
-3.8472883391498645
-3.863456644114498
-3.8535485327778205
-3.8509450261896996
-3.8572812325397776
-3.8502518355124193
-3.84824949750281
-3.8539725633088677
-3.863229361980558
-3.8320175207749885
-3.85775387279441
-3.8591888154473803
-3.8544318626043097
-3.8292857616623923
-3.85167796221626
-3.846215036193265
-3.853152362919754
-3.848537481730553
-3.8667461238807896
-3.835139641752708
-3.859548827638903
-3.848195284657152
-3.853954193200244
-3.849633276147991
-3.8447450919854513
-3.8594696819498164
-3.849870160411243
-3.8475167431434727
-3.8496442627923795
-3.8468321096977807
-3.846804527963728
-3.8330499517481025
-3.859917028028136
-3.8482797384494405
-3.8386266151241997
-3.8425232834575187
-3.8447145876939492
-3.8552999686954674
-3.8538138992365907
-3.8405068471277195
-3.8327067333477616
-3.843954710818333
-3.837110757553802
-3.837407376955495
-3.830760484059669
-3.8386523152066236
-3.839048661516843
-3.832061194716409
-3.8358995053400275
-3.8314182158244363
-3.839372802882499
-3.8197314185137885
-3.8146214085217354
-3.827499019174614
-3.803717163511539
-3.801216058098892
-3.8177315453396976
-3.789472312382789
-3.80300036773319
-3.784833101639255
-3.7765222578587867
-3.776339653423365
-3.7673050861709036
-3.759626422622382
-3.75375544830141
-3.755129316243841
-3.7826056951787876
-3.7740718489649647
-3.762262890200717
-3.737081549821752
-3.755121433157584
-3.7598397059622477
-3.738093429685608
-3.741942278767505
-3.7445773999309573
-3.7344233157940767
-3.731326677173827
-3.724523344787169
-3.7278144345989586
-3.727478056583986
-3.728063308638137
-3.7306229174845402
-3.7155808830345682
-3.726986873941521
-3.7055521868705
-3.7247618729930387
-3.710274200088088
-3.681919731882951
-3.6835025454568795
-3.6534386728185795
-3.6635708438835697
-3.6435907571215536
-3.663846128781036
-3.6661686336472026
-3.6591362484948693
-3.6378431015258412
-3.653635820327781
-3.656361898722273
-3.651040093307185
-3.6443294307035945
-3.652693449252677
-3.647377930226988
-3.6618334597623714
-3.649820495636402
-3.6464120438642937
-3.641264262235424
-3.645563874222711
-3.641434472324802
-3.6690732962620554
-3.634660233789161
-3.6377260726780776
-3.6382869590349958
-3.6396019266622095
-3.638653115293553
-3.6477035036909573
-3.6420513935936687
-3.6387108060996667
-3.6360047503426345
-3.6432121072124204
-3.6483449180777
-3.6209834537449272
-3.633257227161743
-3.621898102756441
-3.62807515532034
-3.616284367599909
-3.630537282055747
-3.6256513848792173
-3.629524858100234
-3.6299219486976857
-3.632446160041236
-3.619523015712779
-3.6082443212064828
-3.610902215724958
-3.6165377078829795
-3.607371487867409
-3.5997899396215662
-3.6212154268704535
-3.6018654625576887
-3.61580654095408
-3.620499407094493
-3.6115982164261116
-3.603612874497222
-3.590353826040403
-3.607176735022493
-3.6064433041715263
-3.604711134549841
-3.6112388830485354
-3.601724426448267
-3.6000659207413754
-3.595879736641003
-3.5942337941589266
-3.6049724955735267
-3.5907942441766063
-3.5949289208368502
-3.5936048476301763
-3.6112975878005797
-3.581298309692067
-3.604306817047923
-3.5832398493158433
-3.587484628793245
-3.5939422502086233
-3.5883053027984606
-3.5853397107669314
-3.593058191716165
-3.5812106572130857
-3.591877084940313
-3.6058471354184856
-3.5770107852980293
-3.5913972102315834
-3.572327200121289
-3.576296914175832
-3.575303258406132
-3.5989322358577307
-3.5650535641553223
-3.5731922272137564
-3.5600223040733554
-3.5589025759659125
-3.559654468416872
-3.524411223178465
-3.5444769675109065
-3.558095189306977
-3.536567343872104
-3.5396775517811405
-3.5422313270081793
-3.5323254328738836
-3.55042095276314
-3.5286730590963566
-3.4998944105693095
-3.5072534122294554
-3.508717423671186
-3.514626122780034
-3.513832151254306
-3.516207009287298
-3.508646068955086
-3.5040362548702415
-3.5011231396528397
-3.513582488035178
-3.5105672658004723
-3.5074642486536205
-3.500908523332658
-3.512022675456576
-3.496502915406587
-3.491139214419832
-3.488437154807266
-3.4855839975428826
-3.4806461570243514
-3.4708168601150544
-3.4632820957235997
-3.4665065744621897
-3.4488467116882577
-3.4249626496302192
-3.4362223837449126
-3.4172599170863607
-3.419998866236225
-3.429001087483755
-3.404495430427933
-3.4323402699449055
-3.4322985380849076
-3.427681747495272
-3.4211256072276575
-3.4290254329402283
-3.4270960278935565
-3.422496195457286
-3.418584996154189
-3.4171065220534826
-3.4158545728583056
-3.414938782504101
-3.41109318049676
-3.4073573405196003
-3.404803919775158
-3.4331257481806676
-3.4028914396165026
-3.3991201988963575
-3.400474666412226
-3.4038577305766946
-3.405757013496218
-3.3952146643548486
-3.38707616884522
-3.404800624546234
-3.415938906300921
-3.4245578119551876
-3.396870155437425
-3.407603481873391
-3.3976029684463334
-3.390222025542954
-3.4148026231489736
-3.394398277802545
-3.404699834290511
-3.377879883021724
-3.3878264984443276
-3.3809027949899826
-3.3942012809222195
-3.3819399449636567
-3.3844504032975284
-3.382456233790859
-3.39459244188465
-3.389189403287166
-3.3871462065620004
-3.37112616106009
-3.3931635594502065
-3.3860977373908514
-3.3951373808621357
-3.3889256315492355
-3.388508046009578
-3.374458660653107
-3.3761889377135015
-3.3736093675322807
-3.3774317404847483
-3.3757275689496673
-3.3914190890385556
-3.3747865603875624
-3.374343215626147
-3.380666797072536
-3.3709583367964258
-3.3802199948410454
-3.3849316280747024
-3.372145055545413
-3.3749288503907007
-3.3784271952641247
-3.3620546809374297
-3.382805408543805
-3.3703238540619465
-3.3800528427181713
-3.380352380689322
-3.381885103324083
-3.375451629132885
-3.3743263712127645
-3.3667294974841564
-3.35579500488795
-3.37591892790222
-3.374683856540254
-3.360206452179511
-3.3732104871403368
-3.386557484735627
-3.3736710717006293
-3.3726104889004187
-3.3487871098116546
-3.3523726571951493
-3.354221516337979
-3.3677625082775067
-3.354626102538717
-3.3684379266373674
-3.3610514992102467
-3.3654955361965393
-3.3571214492109345
-3.3763653867210373
-3.365655785878238
-3.368445708842027
-3.3605720452955983
-3.3608789745890935
-3.3762024739599132
-3.369318344475474
-3.3545210329827317
-3.346844237432994
-3.3631630701153843
-3.3677898983142907
-3.36307475704115
-3.360071375572519
-3.36085299147016
-3.3714175949567196
-3.371630645442628
-3.3759259411854594
-3.3691863070449375
-3.3485439341645837
-3.365543852260325
-3.3490459422273995
-3.339553804924749
-3.349889215523459
-3.3451441752554034
-3.3546012575057125
-3.3429996151473427
-3.3576345600479702
-3.3246511691246794
-3.334586946211001
-3.3508192437787763
-3.335859145803726
-3.3292066980657915
-3.3283999744106314
-3.3448197783630285
-3.339980003385414
-3.3380433680942905
-3.345469517921432
-3.3300265284184984
-3.325719057127301
-3.3258296442689566
-3.3257875684718567
-3.3205344609833385
-3.3292717948809356
-3.327218604262728
-3.34967702711847
-3.333072123132739
-3.3530254184209447
-3.328002536362864
-3.335189193037449
-3.318545606923316
-3.348097730702687
-3.33513465481244
-3.3248328233301576
-3.3398689440444955
-3.340460197268041
-3.3342246849370185
-3.328381380549759
-3.3130533674855145
-3.3341682772483883
-3.3110278035429404
-3.302955242470389
-3.2973979487987077
-3.3233419610266477
-3.3056280395335707
-3.313308412667425
-3.3024125164471387
-3.2913995015396647
-3.294670877843347
-3.319504822384939
-3.3064566273844465
-3.301079506334733
-3.3086333799153222
-3.3040922305200797
-3.302153330365661
-3.299874303221778
-3.3105791479497686
-3.319685773371571
-3.3141111240875576
-3.3055974445577068
-3.2854354619368995
-3.2887930633531477
-3.290137280487894
-3.2843092173879014
-3.2717982205565947
-3.270499315921867
-3.2700209577863824
-3.2716352303570058
-3.2783603225555997
-3.2742554559335026
-3.2782100589708794
-3.2706604569457802
-3.276463213472125
-3.2759486708821304
-3.272185532085936
-3.2741227704935447
-3.279128774471658
-3.2821406173019456
-3.282922706093722
-3.2714336628196174
-3.2855267027372514
-3.2674389612686863
-3.2649969344480336
-3.248381065864714
-3.2649306365438675
-3.2571545328178235
-3.2563270464172085
-3.246081529714665
-3.2491544098382574
-3.2466508079264127
-3.2567952277076864
-3.2416550016023535
-3.2469727020130894
-3.252619012488103
-3.2415712312325513
-3.251264479121045
-3.247754761347323
-3.2627736811860126
-3.242933053278553
-3.251089093669235
-3.251867484197536
-3.2521351310222038
-3.259606727247765
-3.2472859489516828
-3.2332254455974225
-3.2449792792884553
-3.2442861028198475
-3.236462413473033
-3.2597541632514218
-3.243789766801457
-3.251273479632949
-3.249833237125871
-3.246991469971986
-3.239475169412657
-3.2431542151203274
-3.2440909304288454
-3.2338441301534986
-3.2305530816942882
-3.2277676089971106
-3.2471609010968643
-3.2470650594853496
-3.2283717707283093
-3.2293214201555855
-3.2278630335856304
-3.2259105530467376
-3.2296024098191976
-3.2328548280729574
-3.2245136915934562
-3.243731878803892
-3.2329613835391013
-3.22103235676677
-3.227512894121746
-3.230251086783926
-3.2319470289068044
-3.2282966557447055
-3.226380367263539
-3.240485214096203
-3.2085272799303897
-3.2166182260067506
-3.2279585452020556
-3.2098157465779296
-3.240640125845195
-3.2342176585030473
-3.2217103115753223
-3.210486121050896
-3.2256051092102376
-3.221484292927983
-3.215045604811181
-3.2130320239764263
-3.2117910251386967
-3.218859347363058
-3.2266072287729433
-3.2204434648513343
-3.2280794217217084
-3.2135551608553174
-3.199788923083561
-3.2213893868960355
-3.2117678026118583
-3.2090976317256366
-3.210087872143474
-3.2151880029113364
-3.2121501909753785
-3.2103270246176425
-3.2192484739855716
-3.203795988739834
-3.2164573887705608
-3.200881432753779
-3.2206435125942012
-3.220247074606242
-3.197356217085929
-3.2031670877485716
-3.206856338006476
-3.2172398409099356
-3.204412295683864
-3.2088118062982365
-3.199724562686886
-3.2172617984728276
-3.1911237193883086
-3.2105707732347737
-3.207769875585726
-3.208243874909149
-3.200401071484217
-3.2031298665393586
-3.2123524190299793
-3.1861301409228173
-3.200577009245683
-3.191572537235452
-3.2083784794984744
-3.202847536051529
-3.21404659901267
-3.184691583071097
-3.202031950899928
-3.211712121204401
-3.1929597869697015
-3.182938982615021
-3.1698229146003585
-3.1770856038837474
-3.169748016279263
-3.1789583330661513
-3.1780644127920525
-3.1691761394853626
-3.1678832095831275
-3.1543314665631694
-3.1578928884361632
-3.154748554938266
-3.162419077889124
-3.1648274655132758
-3.1352612862642424
-3.140397732084723
-3.1149579783930452
-3.1436594321827602
-3.139091732317829
-3.118865055418612
-3.1176161256378196
-3.1265224112856282
-3.1223786627698313
-3.125728794262528
-3.1137350749783796
-3.1261199591930477
-3.1271581231024
-3.118882274286716
-3.127075283303759
-3.116627271830885
-3.1182358818985296
-3.114390433528819
-3.1269368177907695
-3.1120561335909223
-3.1168776762308603
-3.123450427091112
-3.1110962664831736
-3.114255563493931
-3.1117258846879388
-3.1008773806666357
-3.1069583617900385
-3.0883695401958198
-3.1050003056117945
-3.103478242400011
-3.112041245373191
-3.1062664233533526
-3.0960487936762244
-3.0758636980000653
-3.089733339117721
-3.1042306813662552
-3.104886821942237
-3.0787823848885356
-3.0956617977505463
-3.0963595747675625
-3.0609602873633492
-3.062536632534976
-3.0831557152978486
-3.088590578508433
-3.0846813428125497
-3.077052957143771
-3.0838874286952493
-3.0774796253828716
-3.0812395565917274
-3.0786816595809974
-3.0710442688081936
-3.0749031403906297
-3.069261832071935
-3.0810898540974914
-3.064528359867201
-3.100258595513119
-3.0837191933466515
-3.082333115148641
-3.074864773674155
-3.050318028414913
-3.050131199494947
-3.050995236163045
-3.057725396245266
-3.0513282384105587
-3.0671477234224755
-3.0504285443546646
-3.0651519422221245
-3.0633923175489035
-3.041884023016477
-3.036751228215668
-3.038303626391176
-3.042809998789751
-3.0252875702117348
-3.0335218796940406
-3.015454027403257
-3.0256494275771844
-3.0395333266221782
-3.0226897097992933
-3.0341101156085135
-3.0284451366251
-3.0281749252535706
-3.03311869466825
-3.0289663438463914
-3.02709572860563
-3.018986169465241
-3.0362881437501175
-3.004569136490399
-3.0304218316081357
-3.028272115014957
-3.0167379149330777
-3.035549276005534
-3.020371737876565
-3.0167680249005535
-3.0060857773418674
-3.013014521193193
-3.0131711938318646
-3.0132005154798134
-3.0188892816138746
-3.0081222871927564
-3.0045041289397285
-2.989982879040811
-3.0018981675241845
-2.9992816433270146
-2.9991217772947465
-3.017619554822815
-3.0018226302009356
-2.994745329416134
-3.015373611803493
-3.0132713676150296
-3.0186129805678212
-3.0104420575206943
-3.0100673084678338
-3.013118173545186
-3.0091225870209177
-3.023447304965292
-3.0161462069883296
-3.0144625389163027
-3.019453936219445
-3.009330417415201
-2.99990475108017
-3.0103146544508395
-2.9995693042441487
-2.998922284304171
-2.9963468047864437
-2.996882668563144
-2.9903541891904344
-2.994776472236188
-3.0040037644060673
-3.0041680008014016
-2.9925899905341193
-3.001670863391778
-2.9946178170806395
-3.0040584935638255
-2.9891471463661214
-2.987836020719862
-2.9806660802112845
-3.0122105975919005
-2.9853347939955244
-2.9913098708147676
-2.9891854161771363
-2.998451168969379
-2.992680712369057
-2.9837392675144803
-2.998054847824031
-2.9848945957880892
-2.9983678130269533
-2.9866416153326485
-2.9944769311431765
-2.9925243266842316
-2.99130208175728
-3.000944275613948
-2.978070937516897
-2.9849314642045837
-2.9940073382828336
-2.976181561893377
-2.9932147892220184
-2.9790476392677494
-2.9996223179677752
-2.977648621727893
-2.996712680650036
-2.9846591645600835
-2.987554168346102
-2.98079088546907
-2.9828309732762937
-2.9764125930340217
-2.9901668697558232
-2.99598680005449
-2.9794852962740284
-2.9876745032711254
-2.9928911146717176
-2.985476844438445
-2.9884509699372694
-2.9988211836203074
-2.9966349628309232
-2.9770296944990577
-2.985252712832568
-2.9926586585495643
-2.9947288267579317
-2.954453022354001
-2.982526449159285
-2.9931325925348777
-2.9866070118994408
-2.9900492983323135
-2.9780445274436835
-2.9774291242800435
-2.9815793433646576
-2.9761885983390006
-2.978053320350835
-2.984442809194761
-2.988925782227726
-2.999154984994919
-2.9905246449006557
-2.9830399527385465
-2.9791709408301816
-2.989822737046647
-2.97771790584812
-2.9809662832945194
-2.990955282949187
-2.9911277268417957
-2.9720230186762744
-2.9960144667283823
-2.9861987864934805
-3.0026174260412106
-2.9927187874095944
-2.988826152176389
-2.9915960748374437
-2.995714020164452
-2.975240158927505
-2.996912686521219
-2.971779153887792
-3.005791221250118
-2.9848319831343626
-3.000520261032664
-2.9809242634753073
-3.003029446075699
-2.986924180834147
-2.995473372917149
-3.0031379456735605
-2.9763179447882337
-2.9826529322451836
-3.0012931086354
-2.9807980280424458
-2.971727538787249
-2.996895704345685
-2.99490668520883
-3.0033233236320593
-2.988441602685971
-2.993622699385783
-2.9911074973717358
-2.985298417378148
-2.971976571642437
-2.98970188898663
-2.9603592859683516
-2.9873211033402605
-2.9880675043799085
-2.9746060746972387
-2.9787737799848837
-2.9933873331831107
-2.9823062608989455
-2.99552742048881
-2.986074801153836
-2.9907169887936162
-2.9933753240239853
-2.9899407259861066
-2.9875084669088237
-2.9936210032328834
-2.987054885565934
-2.9765633453593705
-2.9877338228540675
-2.977608685591876
-2.9767691973258628
-2.981291207104765
-2.9837909658630917
-2.974062609842538
-2.979722396852776
-2.987212218166273
-2.9766346576392406
-2.982734822389136
-2.9854598995249146
-2.995190454542374
-2.965869919386727
-2.9811920660998408
-2.977251654659454
-2.9660144523897167
-2.9638168437467725
-2.9570322327248584
-2.9671716843394966
-2.973868770877477
-2.967548511836846
-2.9755915037432765
-2.9759697710033506
-2.959272695333132
-2.9824498439285922
-2.9766472702027498
-2.956593267553609
-2.9596189768133145
-2.975256065870121
-2.9738109512347948
-2.9730589016333173
-2.967075798052311
-2.960575254741284
-2.9756313362857862
-2.9802988078944925
-2.9740328117063033
-2.9568934899134187
-2.970414287218657
-2.969992616745923
-2.977472755392065
-2.9573858389529515
-2.9649589675104226
-2.9619176503509514
-2.9594563491966874
-2.9698875171268724
-2.971705130099485
-2.9783753016908157
-2.962577578071982
-2.971510490449432
-2.9666887735491834
-2.962716530260611
-2.9619807770152624
-2.9528194376996915
-2.9641909901165007
-2.9770499055569166
-2.9676424846416207
-2.9694323546077097
-2.975004063849715
-2.9617609545870716
-2.9726689499049415
-2.968584190077522
-2.9756735204605356
-2.9676494928805908
-2.9550263115998865
-2.9490778110929097
-2.965792942786136
-2.979525826927041
-2.959881346075577
-2.9619737357926397
-2.961241285475385
-2.963042711327848
-2.9588577353323386
-2.96341150947981
-2.9544015188219803
-2.9556632260171876
-2.9452356265361344
-2.9594465336095346
-2.9620578825171204
-2.952391368687638
-2.9717551183995186
-2.939627196381157
-2.9631267500418788
-2.957068782208775
-2.960228230930255
-2.9576647706738814
-2.959301545237706
-2.968157156558503
-2.94266613585798
-2.9603864610690582
-2.9671683629842915
-2.970949235253777
-2.95220967108248
-2.9560023802229476
-2.9556217214670495
-2.9602943988476222
-2.9499434503944935
-2.9543074725099574
-2.948358115286867
-2.955822166341194
-2.957728753806791
-2.953842991452319
-2.960629248001692
-2.9452338071503164
-2.9621911116132553
-2.9578472029816574
-2.9585815574914367
-2.966344168802684
-2.948228799462294
-2.9551437276970973
-2.9564590439547698
-2.949597953077393
-2.9570350827871272
-2.9485970308284233
-2.9473694270950666
-2.9556738340861575
-2.945517135464658
-2.9465029931431643
-2.9580352711997437
-2.952493886812086
-2.967778010137847
-2.9656965197957073
-2.963886314352556
-2.958190922427725
-2.948431764282442
-2.948572421593844
-2.9549898870329336
-2.9333934722683366
-2.958006000514851
-2.9530068490460852
-2.964902550739514
-2.9501657804481223
-2.9479614227497937
-2.9396217902744435
-2.944227117255206
-2.9450173043981858
-2.94695402518876
-2.9468655030056126
-2.9387828048003177
-2.949349443624373
-2.952612622114665
-2.9507774419541817
-2.945837565212335
-2.946421208558404
-2.9441593735811393
-2.9404507420295034
-2.9418255773563198
-2.967887480872854
-2.9563131569890486
-2.9528732855316866
-2.9470330496691286
-2.949420241705357
-2.9597978930061233
-2.9519625587014637
-2.9513608469544232
-2.9607171280979996
-2.9491910152909675
-2.9626288350577443
-2.9464618100378743
-2.9546045354184955
-2.949805697475662
-2.94599274040508
-2.9532749485310728
-2.953487919558569
-2.9442666263060295
-2.9500269674009956
-2.9472606319489403
-2.941614317690971
-2.9466112265453326
-2.9625232915251725
-2.9391444326074048
-2.9548505750290968
-2.9461710248589332
-2.942330882989556
-2.9567733897207957
-2.945931472970978
-2.9468935747617997
-2.9511546894044245
-2.946933763413058
-2.94140741846606
-2.944068631158363
-2.9324660551601935
-2.9439900765782325
-2.9436183320811127
-2.9459414696444512
-2.9346371621023906
-2.931368644201634
-2.9349496132329995
-2.9461497360608604
-2.9352269565960425
-2.937979242252816
-2.939086978671098
-2.9300830627892327
-2.939355368572015
-2.9331247439084986
-2.940249054298485
-2.9344260631567867
-2.940062110073391
-2.9425749826600582
-2.946087525572723
-2.9411990533593815
-2.9449436523783383
-2.9348063918033644
-2.943634598003529
-2.9455593215240707
-2.9389001413920055
-2.9308145031263226
-2.942167540377489
-2.946728839154378
-2.9463486194887873
-2.931045719031461
-2.935755506343796
-2.941875235818342
-2.9418790978101517
-2.9525296500243288
-2.9494535062872598
-2.959801617345176
-2.9404077423396227
-2.944049680899854
-2.9415042731216072
-2.932741436306912
-2.9451454210198857
-2.9354603335671343
-2.9443832515027513
-2.9426920182353826
-2.9390729332426173
-2.954947087833057
-2.9449253784741027
-2.9263170592501986
-2.9329814520110506
-2.9455529356987826
-2.9454268266896797
-2.944891713839956
-2.9451778702112295
-2.9504625429585003
-2.9525670532280155
-2.9485417408250396
-2.9506946760044586
-2.925630768390347
-2.9335681294532243
-2.944274600167263
-2.9380635882335504
-2.946410152314925
-2.946313408949641
-2.9425627471510065
-2.9368736940433497
-2.9432152329977286
-2.9333734308131842
-2.956883282911752
-2.941960720479339
-2.942996537252029
-2.9373789718920125
-2.9423293635115524
-2.9499764149335927
-2.9432722117031758
-2.9513299261837647
-2.9458001529009645
-2.9440108385413573
-2.956901930504269
-2.945670386693277
-2.9449874889009493
-2.9420598598706174
-2.9427334953952933
-2.939587719782957
-2.947640637780276
-2.9260127070784923
-2.9337270149353447
-2.931739829743633
-2.9351552265464322
-2.9389746467431177
-2.947483381843913
-2.9384187424336825
-2.9481599483828957
-2.954559238841085
-2.9509211390602035
-2.9415029595233735
-2.9447475982192577
-2.943982282188817
-2.942109294964583
-2.934908761986696
-2.935285750391286
-2.946584347809788
-2.9373519736037235
-2.946691586447209
-2.9168121329284515
-2.945398223421869
-2.938713321351806
-2.932278049501243
-2.9424031063802367
-2.9409774028442404
-2.9573115527923464
-2.9471858445777657
-2.933183595160438
-2.9408532844677597
-2.94452456982603
-2.9414327693791837
-2.944666372932512
-2.929325567850562
-2.9334601218513034
-2.944507725160496
-2.942762421172225
-2.934763843380469
-2.943172899104474
-2.9332609599587336
-2.9349639086098107
-2.952078420278235
-2.932711700555629
-2.9376702795245664
-2.9276430536780977
-2.9475590987358897
-2.936193150447491
-2.939224160880122
-2.9430355340400287
-2.933539767480021
-2.9456698259891967
-2.9584707663321383
-2.9429805598864336
-2.942106097981179
-2.9376116163628994
-2.939230895049899
-2.939625235651945
-2.935258546821777
-2.9354361354335357
-2.9312171043838258
-2.935529897537506
-2.95333235468872
-2.9439524044929346
-2.9267715084419446
-2.9343235780823447
-2.946142569821613
-2.9207277340732993
-2.9386196678674734
-2.9403523186421903
-2.950271883905377
-2.9262003941461625
-2.925530960492249
-2.9393842436483384
-2.953187573767611
-2.92047194980947
-2.932222713741117
-2.9373472239135143
-2.950585811723663
-2.925007618790179
-2.940026480079946
-2.925704617171397
-2.9281923036950515
-2.932157484109102
-2.9360633334967146
-2.922982585852166
-2.924250119739148
-2.9286683572290517
-2.9199463099821514
-2.9294538453891494
-2.9442885687354834
-2.9274391244471167
-2.923071982663364
-2.924577710823357
-2.9215879321084293
-2.925785184784738
-2.9240879833188216
-2.947209082086732
-2.9271833217677865
-2.9302107133847755
-2.936841342366117
-2.9268670997427795
-2.9289352107726203
-2.9333741994454523
-2.919067328270582
-2.918639907336738
-2.9219905639654797
-2.921988624459295
-2.930502621612991
-2.9239400215205054
-2.9172971715340172
-2.9346217472630953
-2.923144037874061
-2.919612246230535
-2.9215319910177873
-2.9192335260490476
-2.927156711477315
-2.9106221862421284
-2.919535865700697
-2.9331439832228936
-2.92981727027976
-2.9423124403565795
-2.933530238404625
-2.920370909911828
-2.923153046144878
-2.9225629278179897
-2.9419951945452745
-2.9276441638273085
-2.9226968950703904
-2.943497089403619
-2.9254131654028805
-2.9263757171250417
-2.932940516108759
-2.922914690261056
-2.911232615232836
-2.93243349880274
-2.9352227966965576
-2.9284127663169617
-2.929880051515085
-2.940406986417133
-2.9342660684628483
-2.925028401684072
-2.92627454347911
-2.9445418061253306
-2.9388073239187222
-2.9312533620154544
-2.9074079147882417
-2.923526707381057
-2.930167977800226
-2.92473562010762
-2.9330998151258916
-2.941820372809899
-2.923400781051917
-2.9235452784845957
-2.9431722083607315
-2.918363322086967
-2.934086503110391
-2.930166561192061
-2.9329680111135987
-2.926787905794876
-2.920497441014855
-2.920335013200646
-2.9238837241612656
-2.928905026767367
-2.9131493134200137
-2.9186663980299876
-2.9076259340442765
-2.921207718934614
-2.9403740300620598
-2.9232371633815193
-2.9288222728634965
-2.913146246000817
-2.899062609843664
-2.920265824895485
-2.920953995311629
-2.9143588804514127
-2.915421670529058
-2.900974788758231
-2.9106324393708123
-2.9310367460949607
-2.9166757590136076
-2.9113922227502274
-2.9079421861624297
-2.9142036062058287
-2.9117133178702095
-2.9105044487426732
-2.9140870388363247
-2.90492903233239
-2.9013017319482977
-2.9075680120558296
-2.909671324365135
-2.901872805800881
-2.9154583406914303
-2.902418632649465
-2.9122825525332696
-2.913491726312419
-2.9087379055014098
-2.897598498343869
-2.920692439501299
-2.8977731705126875
-2.904445882019954
-2.8967923829297435
-2.9106165129766186
-2.9107548953684925
-2.902818423140287
-2.9099949375855956
-2.892186163082135
-2.9072516311461993
-2.9131424357978286
-2.9058444977676796
-2.9028441833058993
-2.894769378270805
-2.9068390825683683
-2.891757072647107
-2.8871616188296696
-2.89163029988074
-2.8881114456023913
-2.891865589432315
-2.890060784984733
-2.890570486885746
-2.896817391739695
-2.8835769585831015
-2.889397903948583
-2.90112554641038
-2.8853027123194117
-2.8849570885381444
-2.901984499803943
-2.892990919520452
-2.8979435330428975
-2.896157522108151
-2.8835460445721752
-2.8829485350677952
-2.8838251417407696
-2.8866413572022736
-2.8858990431822713
-2.883200798049373
-2.886413202317689
-2.870072799955447
-2.8790087294384428
-2.873219942382404
-2.8888798577988557
-2.892781414783729
-2.8670984588591386
-2.8824947693074985
-2.8844649488215826
-2.88821076607817
-2.86935192744514
-2.882071556345354
-2.8859376007042847
-2.8804354776333816
-2.891990519228857
-2.882668739914804
-2.881061666430321
-2.896145789632408
-2.88632745409849
-2.8862022982974525
-2.882056646808408
-2.879393680220784
-2.8881845683209275
-2.892295486211471
-2.883470265848499
-2.8776371557455547
-2.8914208996830384
-2.8918340086023107
-2.8866372440070065
-2.8862937605628503
-2.8834820419318214
-2.8859262593510393
-2.8762505593699945
-2.8842804447437924
-2.8758330449945437
-2.8879228399494825
-2.8874160574575245
-2.882926762670992
-2.874482370846114
-2.8832532062833867
-2.8882225771714536
-2.890259211467228
-2.880251512911544
-2.8839261320239955
-2.8760615304939976
-2.8889668392812546
-2.873308887070642
-2.8814069847709836
-2.88831911387913
-2.878910078120596
-2.8704152765240236
-2.8774599237171348
-2.8772651842954464
-2.8815979234089646
-2.8770791141512237
-2.8804032045768055
-2.879759426294971
-2.883009649253928
-2.8777910276910563
-2.8713566358512894
-2.880405245479656
-2.8867354579540048
-2.877943127531123
-2.87318094910252
-2.8776096360555465
-2.882176396658353
-2.8843082513370963
-2.8723004832829573
-2.8874470603215756
-2.881568198092253
-2.8873249369143905
-2.8825337119399945
-2.865239924461109
-2.886883120041735
-2.883298708740861
-2.8874392293619393
-2.8830742041983086
-2.8695407969106324
-2.8846956485217357
-2.8941911528589834
-2.8785731329133553
-2.8842587934206985
-2.9051941408205813
-2.883362802959336
-2.8833952679263133
-2.88883859544781
-2.881235167754507
-2.8868054751027863
-2.889121197966184
-2.883044425521234
-2.883645102797038
-2.8877047217332183
-2.880813414924786
-2.8733184332988473
-2.8665702413827985
-2.8736263999587566
-2.8832980261479473
-2.8752210695070115
-2.885389999285559
-2.877012644281424
-2.8810160282022848
-2.8874012731294116
-2.8699258638917367
-2.8714042324760776
-2.881326599148266
-2.881610786198524
-2.8924415541322865
-2.8595347120825276
-2.87027395166109
-2.8640103677017508
-2.861266380772754
-2.8721462156428417
-2.8750048239039017
-2.8668909188389393
-2.8742327911580383
-2.8794008799262034
-2.8819371325598246
-2.8693126312999095
-2.8678598612556807
-2.8716193546378754
-2.866654128000064
-2.8808904422550268
-2.8720734264539076
-2.8736169782077474
-2.8634447045378515
-2.8739134892055667
-2.8749159326962954
-2.860841086922034
-2.8861024487993956
-2.873480846137925
-2.900485620089798
-2.863854433390909
-2.8451435070969264
-2.889400845659379
-2.8676680596492963
-2.8632219211506342
-2.874498436848049
-2.872938011461932
-2.8674789934402996
-2.86797302589499
-2.871592787667357
-2.876455504202946
-2.879579578771695
-2.859077939768706
-2.883158795957562
-2.8945761574813873
-2.8708657319452366
-2.8580013082719278
-2.8679267687476018
-2.864174905799044
-2.865421056828674
-2.8794323668597355
-2.862156822459303
-2.8578966154371637
-2.8685200577969066
-2.8720447235646254
-2.8636792620492133
-2.8680763329814742
-2.8649332697600296
-2.862352250641637
-2.857462013629943
-2.8681165684488126
-2.8709824671451947
-2.8671941033661947
-2.8658078196545795
-2.8753448860407276
-2.8746831031859053
-2.87614505313333
-2.8675951230939067
-2.864305748315993
-2.866622210548204
-2.867325412960719
-2.8640220229903393
-2.8624397312646233
-2.872080941170962
-2.849138604250049
-2.8491246796130993
-2.85421845012622
-2.8537577360199773
-2.852501414711006
-2.8439888130993496
-2.8606114336421644
-2.8534385464426
-2.854256246585608
-2.8423743135247213
-2.8465057497984128
-2.8526231148435475
-2.84556056048688
-2.8471385187292086
-2.847085277315667
-2.835762802012926
-2.85075844239004
-2.8486960294463746
-2.854188354167945
-2.856935380829002
-2.853352691694445
-2.841057359623407
-2.8444041800535347
-2.8436782555682174
-2.8337405885754934
-2.8476545276611382
-2.8628885357153377
-2.8435733221275723
-2.834378663803959
-2.8267913353654865
-2.835638648947173
-2.834069703084852
-2.8415928959239447
-2.8263167340381106
-2.8429887334103814
-2.8272297777476836
-2.8384377638744387
-2.8197015538431214
-2.819561653733664
-2.8412615194733553
-2.8256719016472083
-2.8259481971233584
-2.812954807611628
-2.8186887114374275
-2.816751873525853
-2.825813172080949
-2.8216216834047843
-2.8341469805817576
-2.8411923502014362
-2.8505599588004706
-2.8336877098208872
-2.8374997914690816
-2.8382640050504464
-2.8349812354049235
-2.848340709367011
-2.839269193524313
-2.8279337069167703
-2.8397990132317754
-2.8316302758384926
-2.837857229997304
-2.8288722403482676
-2.8222120377337667
-2.8235354127063106
-2.8373353120074842
-2.830318713269543
-2.843185826750623
-2.827954408101746
-2.8191776628177907
-2.8220471351069873
-2.8278445433292654
-2.825886946271743
-2.8205650806752245
-2.8228077967318455
-2.835324360621613
-2.8310388469731516
-2.8119174713412303
-2.8232883478872512
-2.831735086126512
-2.82321801669612
-2.8166031958584874
-2.819121368613724
-2.8344391213690785
-2.8359659987838097
-2.837395457529862
-2.8199688111949057
-2.829480651042313
-2.814687964503201
-2.8238745905346065
-2.8321510777228736
-2.836524941547686
-2.8242105831622215
-2.817399579489816
-2.8358725378003338
-2.838464183270751
-2.8280772415125934
-2.8424495324763877
-2.8199261660653883
-2.8244846217610506
-2.831337080150281
-2.845240581201019
-2.819131234525784
-2.821675587050419
-2.822756718390964
-2.839249728754334
-2.8217566465797113
-2.8281409311387433
-2.826917099572094
-2.803561379962643
-2.8083336205460427
-2.8167010869453883
-2.8180455616065014
-2.8245050556210463
-2.8122705172100613
-2.818711267481634
-2.8125192045491354
-2.798636915817432
-2.805126785039687
-2.797670674779291
-2.8110369817146608
-2.798942933301553
-2.803742028217205
-2.7999861493972817
-2.798180610722656
-2.8069437460122426
-2.793924746813168
-2.782551428732781
-2.8060249312889205
-2.802418580111486
-2.7963052888981226
-2.795969777533867
-2.7865815054430088
