-7.701394234801686
-7.475785965540589
-7.250693151751117
-6.8565635293212965
-6.725048064861013
-6.606573520911824
-6.606573520911824
-6.568357913048546
-6.4603175618325865
-6.351153290171922
-6.2804261181721435
-6.2804261181721435
-6.2804261181721435
-6.2804261181721435
-6.230773681357311
-6.0751438317712605
-6.038261952106379
-6.038261952106379
-6.038261952106379
-6.038261952106379
-6.038261952106379
-6.038261952106379
-6.038261952106379
-6.038261952106379
-6.038261952106379
-6.038261952106379
-6.038261952106379
-6.038261952106379
-6.038261952106379
-6.012434456689308
-5.842698530442582
-5.842698530442582
-5.841725381386901
-5.841725381386901
-5.833944206786634
-5.833944206786634
-5.695061983492744
-5.695061983492744
-5.695061983492744
-5.695061983492744
-5.542178979972365
-5.542178979972365
-5.542178979972365
-5.542178979972365
-5.542178979972365
-5.44922087244789
-5.44922087244789
-5.44922087244789
-5.44922087244789
-5.423250524497535
-5.423250524497535
-5.423250524497535
-5.315395844515433
-5.315395844515433
-5.315395844515433
-5.315395844515433
-5.283252320452314
-5.283252320452314
-5.283252320452314
-5.283252320452314
-5.283252320452314
-5.283252320452314
-5.283252320452314
-5.283252320452314
-5.283252320452314
-5.283252320452314
-5.283252320452314
-5.283252320452314
-5.283252320452314
-5.176594741405528
-5.176594741405528
-5.1539598709750605
-5.143002401185782
-5.126929841200449
-4.974814445547866
-4.974814445547866
-4.974814445547866
-4.974814445547866
-4.974814445547866
-4.974814445547866
-4.974814445547866
-4.974814445547866
-4.974814445547866
-4.974814445547866
-4.974814445547866
-4.947108376965478
-4.931012216295313
-4.931012216295313
-4.931012216295313
-4.931012216295313
-4.931012216295313
-4.931012216295313
-4.90411860578454
-4.90411860578454
-4.860948157641465
-4.826808990759623
-4.81952960527137
-4.7452314582927455
-4.7452314582927455
-4.694373556592066
-4.694373556592066
-4.661438309619898
-4.661438309619898
-4.661438309619898
-4.635326406922227
-4.6105586518644435
-4.592092648660567
-4.592092648660567
-4.592092648660567
-4.57801706517314
-4.57801706517314
-4.560256820442719
-4.560256820442719
-4.560256820442719
-4.560256820442719
-4.560256820442719
-4.550364136686945
-4.550364136686945
-4.501728644857159
-4.501728644857159
-4.501728644857159
-4.485594158266633
-4.485594158266633
-4.485594158266633
-4.485594158266633
-4.485594158266633
-4.485594158266633
-4.4562837434582505
-4.4562837434582505
-4.4562837434582505
-4.4562837434582505
-4.4562837434582505
-4.4562837434582505
-4.4562837434582505
-4.4562837434582505
-4.4562837434582505
-4.4562837434582505
-4.4562837434582505
-4.4562837434582505
-4.4562837434582505
-4.4562837434582505
-4.43539716539089
-4.43539716539089
-4.43539716539089
-4.43539716539089
-4.40691082498589
-4.40691082498589
-4.40691082498589
-4.40691082498589
-4.40691082498589
-4.40691082498589
-4.395832283451891
-4.395832283451891
-4.395832283451891
-4.395832283451891
-4.395832283451891
-4.395832283451891
-4.395832283451891
-4.238354011413545
-4.238354011413545
-4.238354011413545
-4.238354011413545
-4.238354011413545
-4.238354011413545
-4.238354011413545
-4.238354011413545
-4.238354011413545
-4.238354011413545
-4.238354011413545
-4.238354011413545
-4.238354011413545
-4.238354011413545
-4.238354011413545
-4.238354011413545
-4.230305767530327
-4.230305767530327
-4.230305767530327
-4.155614897164619
-4.155614897164619
-4.155614897164619
-4.106184428002161
-4.106184428002161
-4.054095717559121
-4.054095717559121
-4.054095717559121
-4.016835553337332
-4.016835553337332
-4.016835553337332
-4.016835553337332
-4.016835553337332
-4.016835553337332
-4.016835553337332
-4.0073670971666955
-4.0073670971666955
-4.0073670971666955
-4.0073670971666955
-4.0073670971666955
-3.964379541912613
-3.964379541912613
-3.896760722588023
-3.896760722588023
-3.8700778682554744
-3.8700778682554744
-3.8700778682554744
-3.819093475362244
-3.819093475362244
-3.819093475362244
-3.819093475362244
-3.819093475362244
-3.819093475362244
-3.819093475362244
-3.8070119871872885
-3.8070119871872885
-3.8070119871872885
-3.8070119871872885
-3.8070119871872885
-3.8070119871872885
-3.8070119871872885
-3.8070119871872885
-3.8070119871872885
-3.8070119871872885
-3.8070119871872885
-3.8070119871872885
-3.8070119871872885
-3.8070119871872885
-3.8070119871872885
-3.8046353223589184
-3.8046353223589184
-3.8046353223589184
-3.8046353223589184
-3.8046353223589184
-3.8046353223589184
-3.8046353223589184
-3.7836539222445986
-3.7836539222445986
-3.7836539222445986
-3.7654720523685463
-3.7654720523685463
-3.7654720523685463
-3.7654720523685463
-3.7654720523685463
-3.7654720523685463
-3.7654720523685463
-3.731628432512202
-3.731628432512202
-3.731628432512202
-3.731628432512202
-3.731628432512202
-3.731628432512202
-3.731628432512202
-3.731628432512202
-3.731628432512202
-3.731628432512202
-3.731628432512202
-3.731628432512202
-3.731628432512202
-3.731628432512202
-3.731628432512202
-3.731628432512202
-3.731628432512202
-3.731628432512202
-3.731628432512202
-3.731628432512202
-3.731628432512202
-3.731628432512202
-3.731628432512202
-3.731628432512202
-3.7202724110495096
-3.7202724110495096
-3.7202724110495096
-3.7202724110495096
-3.7202724110495096
-3.7202724110495096
-3.7202724110495096
-3.6917144663169434
-3.6917144663169434
-3.6917144663169434
-3.6917144663169434
-3.6917144663169434
-3.6917144663169434
-3.6917144663169434
-3.6917144663169434
-3.6917144663169434
-3.6917144663169434
-3.6917144663169434
-3.6917144663169434
-3.6917144663169434
-3.6917144663169434
-3.6917144663169434
-3.6917144663169434
-3.6917144663169434
-3.6917144663169434
-3.684195335811858
-3.684195335811858
-3.684195335811858
-3.684195335811858
-3.684195335811858
-3.684195335811858
-3.684195335811858
-3.684195335811858
-3.684195335811858
-3.684195335811858
-3.684195335811858
-3.684195335811858
-3.684195335811858
-3.684195335811858
-3.684195335811858
-3.6697230013600985
-3.6697230013600985
-3.6697230013600985
-3.6697230013600985
-3.6697230013600985
-3.6697230013600985
-3.6697230013600985
-3.6697230013600985
-3.6697230013600985
-3.6697230013600985
-3.6697230013600985
-3.6697230013600985
-3.6697230013600985
-3.6697230013600985
-3.6697230013600985
-3.6697230013600985
-3.6697230013600985
-3.645686762169198
-3.645686762169198
-3.645686762169198
-3.645686762169198
-3.645686762169198
-3.645686762169198
-3.645686762169198
-3.645686762169198
-3.645686762169198
-3.645686762169198
-3.645686762169198
-3.645686762169198
-3.645686762169198
-3.645686762169198
-3.6166286596790673
-3.6166286596790673
-3.6166286596790673
-3.6166286596790673
-3.6166286596790673
-3.6166286596790673
-3.6166286596790673
-3.6166286596790673
-3.6166286596790673
-3.6166286596790673
-3.6166286596790673
-3.6166286596790673
-3.6166286596790673
-3.6166286596790673
-3.6166286596790673
-3.6166286596790673
-3.6166286596790673
-3.6166286596790673
-3.6166286596790673
-3.6166286596790673
-3.6166286596790673
-3.6166286596790673
-3.6166286596790673
-3.6166286596790673
-3.6166286596790673
-3.6166286596790673
-3.6166286596790673
-3.6166286596790673
-3.6166286596790673
-3.6069182496928662
-3.6069182496928662
-3.6069182496928662
-3.6069182496928662
-3.6069182496928662
-3.6069182496928662
-3.6069182496928662
-3.6069182496928662
-3.6069182496928662
-3.6069182496928662
-3.5542582238550087
-3.5542582238550087
-3.5542582238550087
-3.5542582238550087
-3.5542582238550087
-3.5542582238550087
-3.5542582238550087
-3.5542582238550087
-3.5542582238550087
-3.5542582238550087
-3.5542582238550087
-3.5542582238550087
-3.5542582238550087
-3.5542582238550087
-3.5542582238550087
-3.5542582238550087
-3.5542582238550087
-3.5542582238550087
-3.5542582238550087
-3.5542582238550087
-3.5542582238550087
-3.5542582238550087
-3.5542582238550087
-3.5542582238550087
-3.5542582238550087
-3.5542582238550087
-3.5542582238550087
-3.5542582238550087
-3.5542582238550087
-3.5542582238550087
-3.5542582238550087
-3.5542582238550087
-3.5542582238550087
-3.5542582238550087
-3.5542582238550087
-3.5542582238550087
-3.5542582238550087
-3.5542582238550087
-3.5542582238550087
-3.5542582238550087
-3.5542582238550087
-3.5542582238550087
-3.5542582238550087
-3.5542582238550087
-3.5542582238550087
-3.5542582238550087
-3.5542582238550087
-3.5542582238550087
-3.5542582238550087
-3.5542582238550087
-3.5542582238550087
-3.5542582238550087
-3.5542582238550087
-3.5542582238550087
-3.5542582238550087
-3.5542582238550087
-3.5542582238550087
-3.5542582238550087
-3.5542582238550087
-3.5542582238550087
-3.5542582238550087
-3.5542582238550087
-3.5542582238550087
-3.5542582238550087
-3.5542582238550087
-3.5542582238550087
-3.5542582238550087
-3.5542582238550087
-3.5542582238550087
-3.5542582238550087
-3.5542582238550087
-3.5542582238550087
-3.5542582238550087
-3.5542582238550087
-3.5542582238550087
-3.5542582238550087
-3.5542582238550087
-3.5542582238550087
-3.5542582238550087
-3.5542582238550087
-3.5542582238550087
-3.5542582238550087
-3.5542582238550087
-3.5542582238550087
-3.5542582238550087
-3.5542582238550087
-3.5542582238550087
-3.5542582238550087
-3.5542582238550087
-3.5542582238550087
-3.5542582238550087
-3.5542582238550087
-3.5542582238550087
-3.5542582238550087
-3.5276000892635677
-3.5276000892635677
-3.5276000892635677
-3.5276000892635677
-3.5276000892635677
-3.5276000892635677
-3.5276000892635677
-3.5276000892635677
-3.5276000892635677
-3.5276000892635677
-3.5276000892635677
-3.5276000892635677
-3.5276000892635677
-3.5276000892635677
-3.5276000892635677
-3.5276000892635677
-3.5276000892635677
-3.5276000892635677
-3.5276000892635677
-3.4826049985330068
-3.4826049985330068
-3.4826049985330068
-3.408183160460305
-3.408183160460305
-3.408183160460305
-3.408183160460305
-3.408183160460305
-3.408183160460305
-3.408183160460305
-3.408183160460305
-3.408183160460305
-3.408183160460305
-3.408183160460305
-3.408183160460305
-3.408183160460305
-3.408183160460305
-3.408183160460305
-3.408183160460305
-3.408183160460305
-3.408183160460305
-3.408183160460305
-3.408183160460305
-3.408183160460305
-3.408183160460305
-3.408183160460305
-3.408183160460305
-3.3556309166479563
-3.3556309166479563
-3.3556309166479563
-3.3556309166479563
-3.3556309166479563
-3.3556309166479563
-3.3556309166479563
-3.3556309166479563
-3.3556309166479563
-3.3556309166479563
-3.3556309166479563
-3.3556309166479563
-3.3556309166479563
-3.3556309166479563
-3.3556309166479563
-3.3556309166479563
-3.3556309166479563
-3.3556309166479563
-3.3556309166479563
-3.3556309166479563
-3.3556309166479563
-3.3556309166479563
-3.3556309166479563
-3.3556309166479563
-3.3556309166479563
-3.3556309166479563
-3.3542862644025484
-3.3542862644025484
-3.3542862644025484
-3.3542862644025484
-3.3542862644025484
-3.3542862644025484
-3.3542862644025484
-3.3542862644025484
-3.3542862644025484
-3.3542862644025484
-3.3542862644025484
-3.3542862644025484
-3.3542862644025484
-3.3542862644025484
-3.3542862644025484
-3.3542862644025484
-3.3542862644025484
-3.3542862644025484
-3.3542862644025484
-3.3542862644025484
-3.3542862644025484
-3.3542862644025484
-3.3542862644025484
-3.3542862644025484
-3.3542862644025484
-3.3542862644025484
-3.3542862644025484
-3.3542862644025484
-3.3375084274103313
-3.3375084274103313
-3.3375084274103313
-3.3375084274103313
-3.3375084274103313
-3.3375084274103313
-3.3375084274103313
-3.3326533481216876
-3.3326533481216876
-3.3326533481216876
-3.3326533481216876
-3.3326533481216876
-3.3326533481216876
-3.3326533481216876
-3.3326533481216876
-3.3326533481216876
-3.3326533481216876
-3.311113647789404
-3.311113647789404
-3.311113647789404
-3.311113647789404
-3.311113647789404
-3.311113647789404
-3.311113647789404
-3.311113647789404
-3.311113647789404
-3.311113647789404
-3.311113647789404
-3.311113647789404
-3.311113647789404
-3.311113647789404
-3.311113647789404
-3.301792044165219
-3.301792044165219
-3.301792044165219
-3.301792044165219
-3.301792044165219
-3.301792044165219
-3.301792044165219
-3.301792044165219
-3.301792044165219
-3.301792044165219
-3.301792044165219
-3.301792044165219
-3.301792044165219
-3.301792044165219
-3.276413315359708
-3.276413315359708
-3.2648456279817415
-3.2648456279817415
-3.201383899625132
-3.201383899625132
-3.197475600973
-3.197475600973
-3.197475600973
-3.1083006897552794
-3.1083006897552794
-3.1083006897552794
-3.1083006897552794
-3.1083006897552794
-3.1083006897552794
-3.1083006897552794
-3.1083006897552794
-3.1083006897552794
-3.1083006897552794
-3.1083006897552794
-3.1083006897552794
-3.1083006897552794
-3.1083006897552794
-3.1083006897552794
-3.1083006897552794
-3.1083006897552794
-3.1083006897552794
-3.1083006897552794
-3.1083006897552794
-3.1083006897552794
-3.1083006897552794
-3.1083006897552794
-3.1083006897552794
-3.1083006897552794
-3.1083006897552794
-3.1083006897552794
-3.1083006897552794
-3.1083006897552794
-3.1083006897552794
-3.1083006897552794
-3.1083006897552794
-3.1083006897552794
-3.1083006897552794
-3.1083006897552794
-3.1083006897552794
-3.1083006897552794
-3.1083006897552794
-3.1083006897552794
-3.1083006897552794
-3.1083006897552794
-3.1060648852742654
-3.1060648852742654
-3.1060648852742654
-3.1060648852742654
-3.1060648852742654
-3.1060648852742654
-3.1060648852742654
-3.1060648852742654
-3.1060648852742654
-3.1060648852742654
-3.1060648852742654
-3.1060648852742654
-3.1060648852742654
-3.1060648852742654
-3.1060648852742654
-3.100480067164467
-3.100480067164467
-3.100480067164467
-3.100480067164467
-3.100480067164467
-3.100480067164467
-3.100480067164467
-3.100480067164467
-3.100480067164467
-3.100480067164467
-3.100480067164467
-3.100480067164467
-3.100480067164467
-3.100480067164467
-3.100480067164467
-3.100480067164467
-3.100480067164467
-3.100480067164467
-3.100480067164467
-3.100480067164467
-3.100480067164467
-3.100480067164467
-3.100480067164467
-3.100480067164467
-3.100480067164467
-3.100480067164467
-3.100480067164467
-3.100480067164467
-3.100480067164467
-3.100480067164467
-3.100480067164467
-3.100480067164467
-3.100480067164467
-3.100480067164467
-3.100480067164467
-3.100480067164467
-3.100480067164467
-3.100480067164467
-3.100480067164467
-3.100480067164467
-3.100480067164467
-3.100480067164467
-3.100480067164467
-3.100480067164467
-3.100480067164467
-3.100480067164467
-3.100480067164467
-3.100480067164467
-3.100480067164467
-3.100480067164467
-3.100480067164467
-3.100480067164467
-3.100480067164467
-3.100480067164467
-3.100480067164467
-3.100480067164467
-3.100480067164467
-3.100480067164467
-3.100480067164467
-3.100480067164467
-3.100480067164467
-3.100480067164467
-3.100480067164467
-3.100480067164467
-3.100480067164467
-3.100480067164467
-3.100480067164467
-3.100480067164467
-3.100480067164467
-3.100480067164467
-3.100480067164467
-3.100480067164467
-3.100480067164467
-3.100480067164467
-3.050675381461181
-3.050675381461181
-3.050675381461181
-3.050675381461181
-3.050675381461181
-3.050675381461181
-3.050675381461181
-3.050675381461181
-3.050675381461181
-3.050675381461181
-3.050675381461181
-3.050675381461181
-3.050675381461181
-3.050675381461181
-3.050675381461181
-3.050675381461181
-3.050675381461181
-3.050675381461181
-3.050675381461181
-3.050675381461181
-3.050675381461181
-2.974955680215765
-2.974955680215765
-2.974955680215765
-2.974955680215765
-2.974955680215765
-2.974955680215765
-2.974955680215765
-2.974955680215765
-2.974955680215765
-2.974955680215765
-2.974955680215765
-2.974955680215765
-2.974955680215765
-2.974955680215765
-2.974955680215765
-2.974955680215765
-2.974955680215765
-2.974955680215765
-2.974955680215765
-2.974955680215765
-2.974955680215765
-2.974955680215765
-2.974955680215765
-2.974955680215765
-2.974955680215765
-2.974955680215765
-2.974955680215765
-2.974955680215765
-2.974955680215765
-2.974955680215765
-2.974955680215765
-2.974955680215765
-2.974955680215765
-2.974955680215765
-2.974955680215765
-2.974955680215765
-2.974955680215765
-2.974955680215765
-2.974955680215765
-2.974955680215765
-2.974955680215765
-2.974955680215765
-2.974955680215765
-2.974955680215765
-2.9655023639773463
-2.9655023639773463
-2.9655023639773463
-2.9655023639773463
-2.9655023639773463
-2.9655023639773463
-2.9655023639773463
-2.9655023639773463
-2.9655023639773463
-2.9655023639773463
-2.9655023639773463
-2.9655023639773463
-2.9655023639773463
-2.9655023639773463
-2.9655023639773463
-2.9655023639773463
-2.9655023639773463
-2.9655023639773463
-2.9655023639773463
-2.9655023639773463
-2.9655023639773463
-2.9655023639773463
-2.9655023639773463
-2.9655023639773463
-2.9655023639773463
-2.9655023639773463
-2.9655023639773463
-2.9655023639773463
-2.9655023639773463
-2.9655023639773463
-2.9655023639773463
-2.9655023639773463
-2.9655023639773463
-2.9655023639773463
-2.9655023639773463
-2.9655023639773463
-2.9655023639773463
-2.9655023639773463
-2.9655023639773463
-2.9655023639773463
-2.9655023639773463
-2.9655023639773463
-2.9655023639773463
-2.9655023639773463
-2.9655023639773463
-2.9655023639773463
-2.9655023639773463
-2.9655023639773463
-2.9655023639773463
-2.9655023639773463
-2.9655023639773463
-2.9655023639773463
-2.9655023639773463
-2.9655023639773463
-2.9655023639773463
-2.9655023639773463
-2.9655023639773463
-2.9655023639773463
-2.9655023639773463
-2.9655023639773463
-2.9655023639773463
-2.9655023639773463
-2.9655023639773463
-2.9655023639773463
-2.9655023639773463
-2.9655023639773463
-2.9655023639773463
-2.9655023639773463
-2.9655023639773463
-2.9655023639773463
-2.9655023639773463
-2.9655023639773463
-2.9655023639773463
-2.9655023639773463
-2.9655023639773463
-2.9655023639773463
-2.9655023639773463
-2.9655023639773463
-2.9655023639773463
-2.9655023639773463
-2.9655023639773463
-2.9655023639773463
-2.9655023639773463
-2.9655023639773463
-2.9655023639773463
-2.9655023639773463
-2.9655023639773463
-2.9655023639773463
-2.9655023639773463
-2.9655023639773463
-2.9655023639773463
-2.9655023639773463
-2.9655023639773463
-2.9655023639773463
-2.9655023639773463
-2.9655023639773463
-2.9655023639773463
-2.9655023639773463
-2.95900517605754
-2.95900517605754
-2.95900517605754
-2.95900517605754
-2.95900517605754
-2.95900517605754
-2.95900517605754
-2.95900517605754
-2.95900517605754
-2.95900517605754
-2.95900517605754
-2.95900517605754
-2.95900517605754
-2.95900517605754
-2.95900517605754
-2.95900517605754
-2.95900517605754
-2.95900517605754
-2.9202212480247867
-2.9202212480247867
-2.9202212480247867
-2.9202212480247867
-2.9202212480247867
-2.9202212480247867
-2.90416183041641
-2.90416183041641
-2.90416183041641
-2.90416183041641
-2.90416183041641
-2.90416183041641
-2.90416183041641
-2.90416183041641
-2.88405651342169
-2.88405651342169
-2.88405651342169
-2.88405651342169
-2.88405651342169
-2.88405651342169
-2.88405651342169
-2.88405651342169
-2.88405651342169
-2.88405651342169
-2.88405651342169
-2.88405651342169
-2.88405651342169
-2.88405651342169
-2.88405651342169
-2.88405651342169
-2.88405651342169
-2.88405651342169
-2.88405651342169
-2.88405651342169
-2.88405651342169
-2.88405651342169
-2.88405651342169
-2.88405651342169
-2.88405651342169
-2.88405651342169
-2.88405651342169
-2.88405651342169
-2.88405651342169
-2.88405651342169
-2.88405651342169
-2.8492466220296717
-2.8492466220296717
-2.8492466220296717
-2.8492466220296717
-2.8492466220296717
-2.8492466220296717
-2.8492466220296717
-2.8492466220296717
-2.8492466220296717
-2.8492466220296717
-2.8492466220296717
-2.8492466220296717
-2.8492466220296717
-2.8492466220296717
-2.8492466220296717
-2.8492466220296717
-2.8492466220296717
-2.8492466220296717
-2.8492466220296717
-2.8492466220296717
-2.8492466220296717
-2.8492466220296717
-2.8492466220296717
-2.8492466220296717
-2.8492466220296717
-2.801879245308317
-2.797409825527386
-2.797409825527386
-2.797409825527386
-2.797409825527386
-2.797409825527386
-2.797409825527386
-2.797409825527386
-2.797409825527386
-2.797409825527386
-2.797409825527386
-2.797409825527386
-2.797409825527386
-2.797409825527386
-2.797409825527386
-2.797409825527386
-2.797409825527386
-2.797409825527386
-2.797409825527386
-2.797409825527386
-2.797409825527386
-2.797409825527386
-2.797409825527386
-2.797409825527386
-2.797409825527386
-2.797409825527386
-2.797409825527386
-2.797409825527386
-2.797409825527386
-2.797409825527386
-2.797409825527386
-2.797409825527386
-2.797409825527386
-2.797409825527386
-2.797409825527386
-2.797409825527386
-2.797409825527386
-2.793540176727534
-2.793540176727534
-2.793540176727534
-2.793540176727534
-2.793540176727534
-2.760349357168969
-2.760349357168969
-2.760349357168969
-2.760349357168969
-2.760349357168969
-2.760349357168969
-2.760349357168969
-2.760349357168969
-2.760349357168969
-2.760349357168969
-2.760349357168969
-2.760349357168969
-2.760349357168969
-2.760349357168969
-2.760349357168969
-2.760349357168969
-2.760349357168969
-2.760349357168969
-2.760349357168969
-2.760349357168969
-2.760349357168969
-2.760349357168969
-2.760349357168969
-2.760349357168969
-2.760349357168969
-2.760349357168969
-2.760349357168969
-2.760349357168969
-2.760349357168969
-2.760349357168969
-2.7448820931775955
-2.7448820931775955
-2.7448820931775955
-2.7448820931775955
-2.7448820931775955
-2.7448820931775955
-2.7448820931775955
-2.7448820931775955
-2.7448820931775955
-2.7448820931775955
-2.7448820931775955
-2.7448820931775955
-2.7448820931775955
-2.7448820931775955
-2.7448820931775955
-2.7448820931775955
-2.7448820931775955
-2.7448820931775955
-2.7448820931775955
-2.7448820931775955
-2.7448820931775955
-2.7448820931775955
-2.7448820931775955
-2.7448820931775955
-2.7448820931775955
-2.7448820931775955
-2.7448820931775955
-2.7448820931775955
-2.7448820931775955
-2.7448820931775955
-2.7448820931775955
-2.7448820931775955
-2.7448820931775955
-2.7448820931775955
-2.7448820931775955
-2.7448820931775955
-2.7448820931775955
-2.7448820931775955
-2.7448820931775955
-2.7448820931775955
-2.7448820931775955
-2.7448820931775955
-2.7448820931775955
-2.7448820931775955
-2.7448820931775955
-2.7448820931775955
-2.7448820931775955
-2.7448820931775955
-2.7448820931775955
-2.7448820931775955
-2.7448820931775955
-2.7448820931775955
-2.7448820931775955
-2.7448820931775955
-2.7448820931775955
-2.7448820931775955
-2.7448820931775955
-2.7448820931775955
-2.7448820931775955
-2.7448820931775955
-2.7448820931775955
-2.7448820931775955
-2.7448820931775955
-2.7448820931775955
-2.7448820931775955
-2.7448820931775955
-2.7448820931775955
-2.7448820931775955
-2.7448820931775955
-2.7448820931775955
-2.7448820931775955
-2.7448820931775955
-2.7448820931775955
-2.7448820931775955
-2.7448820931775955
-2.7448820931775955
-2.7448820931775955
-2.7448820931775955
-2.7448820931775955
-2.7448820931775955
-2.7448820931775955
-2.7448820931775955
-2.7448820931775955
-2.7448820931775955
-2.7448820931775955
-2.7448820931775955
-2.7448820931775955
-2.7448820931775955
-2.7448820931775955
-2.7448820931775955
-2.7448820931775955
-2.7448820931775955
-2.7448820931775955
-2.7448820931775955
-2.7448820931775955
-2.7448820931775955
-2.7448820931775955
-2.7448820931775955
-2.7448820931775955
-2.7448820931775955
-2.7448820931775955
-2.7448820931775955
-2.7448820931775955
-2.7448820931775955
-2.7448820931775955
-2.7448820931775955
-2.7448820931775955
-2.7448820931775955
-2.7448820931775955
-2.7448820931775955
-2.7448820931775955
-2.7448820931775955
-2.7448820931775955
-2.7448820931775955
-2.7448820931775955
-2.7448820931775955
-2.7448820931775955
-2.7448820931775955
-2.7448820931775955
-2.7448820931775955
-2.7448820931775955
-2.695194250130856
-2.695194250130856
-2.695194250130856
-2.695194250130856
-2.695194250130856
-2.695194250130856
-2.695194250130856
-2.695194250130856
-2.695194250130856
-2.695194250130856
-2.695194250130856
-2.695194250130856
-2.695194250130856
-2.695194250130856
-2.695194250130856
-2.695194250130856
-2.695194250130856
-2.6930160621008237
-2.6930160621008237
-2.6930160621008237
-2.6930160621008237
-2.6930160621008237
-2.6930160621008237
-2.6930160621008237
-2.6930160621008237
-2.6930160621008237
-2.6930160621008237
-2.6930160621008237
-2.6930160621008237
-2.6930160621008237
-2.6930160621008237
-2.6930160621008237
-2.6930160621008237
-2.6930160621008237
-2.6930160621008237
-2.6930160621008237
-2.6930160621008237
-2.6930160621008237
-2.6930160621008237
-2.6930160621008237
-2.6930160621008237
-2.6930160621008237
-2.6930160621008237
-2.6930160621008237
-2.6930160621008237
-2.6930160621008237
-2.6930160621008237
-2.6930160621008237
-2.6930160621008237
-2.6930160621008237
-2.6930160621008237
-2.6930160621008237
-2.6930160621008237
-2.6930160621008237
-2.6930160621008237
-2.6930160621008237
-2.6930160621008237
-2.6930160621008237
-2.6930160621008237
-2.6930160621008237
-2.6930160621008237
-2.6930160621008237
-2.6930160621008237
-2.6930160621008237
-2.6930160621008237
-2.6930160621008237
-2.6930160621008237
-2.6930160621008237
-2.6930160621008237
-2.6930160621008237
-2.6930160621008237
-2.6930160621008237
-2.6930160621008237
-2.6930160621008237
-2.6930160621008237
-2.6930160621008237
-2.6930160621008237
-2.6930160621008237
-2.6930160621008237
-2.6930160621008237
-2.6930160621008237
-2.6930160621008237
-2.6930160621008237
-2.6930160621008237
-2.6930160621008237
-2.6930160621008237
-2.6930160621008237
-2.6930160621008237
-2.6930160621008237
-2.6930160621008237
-2.6930160621008237
-2.6930160621008237
-2.6930160621008237
-2.6930160621008237
-2.6930160621008237
-2.6930160621008237
-2.6930160621008237
-2.6930160621008237
-2.6930160621008237
-2.6930160621008237
-2.6930160621008237
-2.6930160621008237
-2.6930160621008237
-2.6930160621008237
-2.6930160621008237
-2.6930160621008237
-2.6930160621008237
-2.6930160621008237
-2.6930160621008237
-2.6930160621008237
-2.6930160621008237
-2.6930160621008237
-2.6930160621008237
-2.6930160621008237
-2.6930160621008237
-2.6930160621008237
-2.6930160621008237
-2.6930160621008237
-2.6930160621008237
-2.6930160621008237
-2.6930160621008237
-2.6930160621008237
-2.6930160621008237
-2.6930160621008237
-2.6930160621008237
-2.6930160621008237
-2.6930160621008237
-2.6930160621008237
-2.6930160621008237
-2.6930160621008237
-2.6930160621008237
-2.6930160621008237
-2.6930160621008237
-2.6930160621008237
-2.6930160621008237
-2.6930160621008237
-2.6930160621008237
-2.6930160621008237
-2.6930160621008237
-2.6930160621008237
-2.6930160621008237
-2.6930160621008237
-2.6930160621008237
-2.6930160621008237
-2.6930160621008237
-2.6930160621008237
-2.6930160621008237
-2.6930160621008237
-2.6930160621008237
-2.6930160621008237
-2.6930160621008237
-2.6930160621008237
-2.6930160621008237
-2.6930160621008237
-2.6930160621008237
-2.6930160621008237
-2.6930160621008237
-2.6930160621008237
-2.6930160621008237
-2.6930160621008237
-2.6930160621008237
-2.6930160621008237
-2.6930160621008237
-2.6930160621008237
-2.6930160621008237
-2.6930160621008237
-2.6930160621008237
-2.6930160621008237
-2.6930160621008237
-2.6930160621008237
-2.6930160621008237
-2.6930160621008237
-2.6930160621008237
-2.6930160621008237
-2.6930160621008237
-2.6930160621008237
-2.6930160621008237
-2.6930160621008237
-2.6930160621008237
-2.6930160621008237
-2.6930160621008237
-2.6930160621008237
-2.6930160621008237
-2.6930160621008237
-2.6930160621008237
-2.6930160621008237
-2.6930160621008237
-2.6930160621008237
-2.6930160621008237
-2.6930160621008237
-2.6930160621008237
-2.6930160621008237
-2.6930160621008237
-2.6930160621008237
-2.6930160621008237
-2.6930160621008237
-2.6930160621008237
-2.6930160621008237
-2.6930160621008237
-2.6930160621008237
-2.6930160621008237
-2.6930160621008237
-2.6930160621008237
-2.6930160621008237
-2.6930160621008237
-2.6930160621008237
-2.6930160621008237
-2.6930160621008237
-2.6930160621008237
-2.6930160621008237
-2.6930160621008237
-2.6930160621008237
-2.6930160621008237
-2.6930160621008237
-2.6930160621008237
-2.6930160621008237
-2.6930160621008237
-2.6930160621008237
-2.6930160621008237
-2.6930160621008237
-2.6930160621008237
-2.6930160621008237
-2.6930160621008237
-2.6930160621008237
-2.6930160621008237
-2.6930160621008237
-2.6930160621008237
-2.6930160621008237
-2.6930160621008237
-2.6930160621008237
-2.6930160621008237
-2.6930160621008237
-2.6930160621008237
-2.6930160621008237
-2.6930160621008237
-2.6930160621008237
-2.6930160621008237
-2.6930160621008237
-2.6930160621008237
-2.6930160621008237
-2.6930160621008237
-2.6930160621008237
-2.6930160621008237
-2.6930160621008237
-2.6930160621008237
-2.6930160621008237
-2.6930160621008237
-2.6930160621008237
-2.6930160621008237
-2.6930160621008237
-2.6930160621008237
-2.6930160621008237
-2.6930160621008237
-2.6930160621008237
-2.6930160621008237
-2.6930160621008237
-2.6930160621008237
-2.6930160621008237
-2.6930160621008237
-2.6930160621008237
-2.6930160621008237
-2.6930160621008237
-2.6930160621008237
-2.6930160621008237
-2.6930160621008237
-2.6930160621008237
-2.6930160621008237
-2.6930160621008237
-2.6930160621008237
-2.6930160621008237
-2.6930160621008237
-2.6930160621008237
-2.6930160621008237
-2.6930160621008237
-2.6930160621008237
-2.6930160621008237
-2.6930160621008237
-2.6930160621008237
-2.6930160621008237
-2.6930160621008237
-2.6930160621008237
-2.6930160621008237
-2.6930160621008237
-2.6930160621008237
-2.6930160621008237
-2.6930160621008237
-2.6930160621008237
-2.6930160621008237
-2.6930160621008237
-2.6930160621008237
-2.6930160621008237
-2.6930160621008237
-2.6930160621008237
-2.6930160621008237
-2.6930160621008237
-2.6930160621008237
-2.6930160621008237
-2.6930160621008237
-2.6930160621008237
-2.6930160621008237
-2.6930160621008237
-2.6930160621008237
-2.6930160621008237
-2.6930160621008237
-2.6930160621008237
-2.6930160621008237
-2.6930160621008237
-2.6930160621008237
-2.6930160621008237
-2.6930160621008237
-2.6930160621008237
-2.6930160621008237
-2.6930160621008237
-2.6930160621008237
-2.6930160621008237
-2.6930160621008237
-2.6930160621008237
-2.6930160621008237
-2.6930160621008237
-2.6930160621008237
-2.6930160621008237
-2.6930160621008237
-2.6930160621008237
-2.6908390450712503
-2.6908390450712503
-2.6908390450712503
-2.6908390450712503
-2.6908390450712503
-2.6908390450712503
-2.6908390450712503
-2.6908390450712503
-2.6908390450712503
-2.6908390450712503
-2.6908390450712503
-2.6908390450712503
-2.6908390450712503
-2.6908390450712503
-2.6908390450712503
-2.6908390450712503
-2.6908390450712503
-2.6908390450712503
-2.6908390450712503
-2.6908390450712503
-2.6908390450712503
-2.6908390450712503
-2.6908390450712503
-2.6908390450712503
-2.6908390450712503
-2.6908390450712503
-2.6908390450712503
-2.6908390450712503
-2.6908390450712503
-2.6908390450712503
-2.6908390450712503
-2.6908390450712503
-2.6908390450712503
-2.6908390450712503
-2.6908390450712503
-2.6908390450712503
-2.6908390450712503
-2.6908390450712503
-2.6908390450712503
-2.6908390450712503
-2.6908390450712503
-2.6908390450712503
-2.6908390450712503
-2.6908390450712503
-2.6908390450712503
-2.6908390450712503
-2.6908390450712503
-2.6908390450712503
-2.6908390450712503
-2.6908390450712503
-2.6908390450712503
-2.6908390450712503
-2.6908390450712503
-2.6908390450712503
-2.6908390450712503
-2.6908390450712503
-2.6908390450712503
-2.6908390450712503
-2.6908390450712503
-2.6908390450712503
-2.6908390450712503
-2.6908390450712503
-2.6908390450712503
-2.6908390450712503
-2.6908390450712503
-2.6908390450712503
-2.6908390450712503
-2.6908390450712503
-2.6908390450712503
-2.6908390450712503
-2.6908390450712503
-2.6908390450712503
-2.6908390450712503
-2.6908390450712503
-2.6908390450712503
-2.6908390450712503
-2.6908390450712503
-2.6908390450712503
-2.6908390450712503
-2.6908390450712503
-2.6908390450712503
-2.6908390450712503
-2.6908390450712503
-2.6908390450712503
-2.6908390450712503
-2.6908390450712503
-2.6908390450712503
-2.6908390450712503
-2.6908390450712503
-2.6908390450712503
-2.6908390450712503
-2.6908390450712503
-2.6908390450712503
-2.6908390450712503
-2.6908390450712503
-2.6908390450712503
-2.6908390450712503
-2.6908390450712503
-2.6908390450712503
-2.6908390450712503
-2.678235478723737
-2.678235478723737
-2.678235478723737
-2.678235478723737
-2.678235478723737
-2.678235478723737
-2.678235478723737
-2.678235478723737
-2.678235478723737
-2.678235478723737
-2.678235478723737
-2.678235478723737
-2.678235478723737
-2.678235478723737
-2.678235478723737
-2.678235478723737
-2.678235478723737
-2.678235478723737
-2.678235478723737
-2.678235478723737
-2.678235478723737
-2.678235478723737
-2.678235478723737
-2.671876283392213
-2.671876283392213
-2.671876283392213
-2.671876283392213
-2.671876283392213
-2.671876283392213
-2.671876283392213
-2.671876283392213
-2.671876283392213
-2.671876283392213
-2.671876283392213
-2.671876283392213
-2.671876283392213
-2.671876283392213
-2.671876283392213
-2.671876283392213
-2.671876283392213
-2.671876283392213
-2.671876283392213
-2.671876283392213
-2.671876283392213
-2.671876283392213
-2.671876283392213
-2.671876283392213
-2.671876283392213
-2.671876283392213
-2.671876283392213
-2.671876283392213
-2.671876283392213
-2.671876283392213
-2.671876283392213
-2.671876283392213
-2.671876283392213
-2.671876283392213
-2.671876283392213
-2.671876283392213
-2.671876283392213
-2.671876283392213
-2.671876283392213
-2.671876283392213
-2.671876283392213
-2.671876283392213
-2.671876283392213
-2.671876283392213
-2.671876283392213
-2.671876283392213
-2.671876283392213
-2.671876283392213
-2.671876283392213
-2.671876283392213
-2.671876283392213
-2.671876283392213
-2.671876283392213
-2.671876283392213
-2.671876283392213
-2.671876283392213
-2.671876283392213
-2.671876283392213
-2.671876283392213
-2.671876283392213
-2.671876283392213
-2.671876283392213
-2.671876283392213
-2.671876283392213
-2.671876283392213
-2.671876283392213
-2.671876283392213
-2.671876283392213
-2.671876283392213
-2.671876283392213
-2.671876283392213
-2.671876283392213
-2.671876283392213
-2.671876283392213
-2.671876283392213
-2.671876283392213
-2.671876283392213
-2.671876283392213
-2.671876283392213
-2.671876283392213
-2.671876283392213
-2.671876283392213
-2.671876283392213
-2.671876283392213
-2.671876283392213
-2.6685561765631203
-2.6685561765631203
-2.6685561765631203
-2.6685561765631203
-2.6685561765631203
-2.6685561765631203
-2.6685561765631203
-2.6685561765631203
-2.6685561765631203
-2.6685561765631203
-2.6685561765631203
-2.6685561765631203
-2.6685561765631203
-2.6685561765631203
-2.6685561765631203
-2.6685561765631203
-2.6685561765631203
-2.6685561765631203
-2.6685561765631203
-2.611254059317723
-2.611254059317723
-2.611254059317723
-2.611254059317723
-2.611254059317723
-2.611254059317723
-2.611254059317723
-2.611254059317723
-2.611254059317723
-2.611254059317723
-2.611254059317723
-2.611254059317723
-2.611254059317723
-2.611254059317723
-2.611254059317723
-2.611254059317723
-2.611254059317723
-2.611254059317723
-2.611254059317723
-2.611254059317723
-2.611254059317723
-2.611254059317723
-2.611254059317723
-2.611254059317723
-2.611254059317723
-2.611254059317723
-2.611254059317723
-2.611254059317723
-2.611254059317723
-2.611254059317723
-2.611254059317723
-2.611254059317723
-2.611254059317723
-2.611254059317723
-2.611254059317723
-2.611254059317723
-2.611254059317723
-2.606279523500448
-2.606279523500448
-2.606279523500448
-2.606279523500448
-2.606279523500448
-2.606279523500448
-2.606279523500448
-2.606279523500448
-2.606279523500448
-2.606279523500448
-2.606279523500448
-2.606279523500448
-2.606279523500448
-2.606279523500448
-2.606279523500448
-2.606279523500448
-2.606279523500448
-2.606279523500448
-2.606279523500448
-2.606279523500448
-2.606279523500448
-2.606279523500448
-2.606279523500448
-2.606279523500448
-2.606279523500448
-2.606279523500448
-2.606279523500448
-2.606279523500448
-2.606279523500448
-2.606279523500448
-2.606279523500448
-2.606279523500448
-2.606279523500448
-2.606279523500448
-2.606279523500448
-2.606279523500448
-2.606279523500448
-2.606279523500448
-2.606279523500448
-2.606279523500448
-2.606279523500448
-2.606279523500448
-2.606279523500448
-2.606279523500448
-2.606279523500448
-2.606279523500448
-2.606279523500448
-2.606279523500448
-2.606279523500448
-2.606279523500448
-2.606279523500448
-2.606279523500448
-2.606279523500448
-2.606279523500448
-2.606279523500448
-2.606279523500448
-2.606279523500448
-2.606279523500448
-2.606279523500448
-2.606279523500448
-2.606279523500448
-2.606279523500448
-2.606279523500448
-2.606279523500448
-2.606279523500448
-2.606279523500448
-2.606279523500448
-2.606279523500448
-2.606279523500448
-2.606279523500448
-2.606279523500448
-2.606279523500448
-2.606279523500448
-2.606279523500448
-2.606279523500448
-2.606279523500448
-2.606279523500448
-2.606279523500448
-2.606279523500448
-2.606279523500448
-2.606279523500448
-2.606279523500448
-2.606279523500448
-2.606279523500448
-2.606279523500448
-2.6020206636721412
-2.6020206636721412
-2.6020206636721412
-2.6020206636721412
-2.6020206636721412
-2.6020206636721412
-2.6020206636721412
-2.6020206636721412
-2.6020206636721412
-2.6020206636721412
-2.6020206636721412
-2.6020206636721412
-2.6020206636721412
-2.6020206636721412
-2.6020206636721412
-2.6020206636721412
-2.6020206636721412
-2.6020206636721412
-2.6020206636721412
-2.6020206636721412
-2.6020206636721412
-2.6020206636721412
-2.6020206636721412
-2.6020206636721412
-2.6020206636721412
-2.6020206636721412
-2.6020206636721412
-2.6020206636721412
-2.5952161441006045
-2.5952161441006045
-2.5952161441006045
-2.5750146761912798
-2.5750146761912798
-2.5750146761912798
-2.5750146761912798
-2.5750146761912798
-2.5750146761912798
-2.5750146761912798
-2.5750146761912798
-2.5750146761912798
-2.5750146761912798
-2.5750146761912798
-2.5750146761912798
-2.5750146761912798
-2.5750146761912798
-2.5750146761912798
-2.5750146761912798
-2.5750146761912798
-2.5750146761912798
-2.5750146761912798
-2.5750146761912798
-2.5750146761912798
-2.5750146761912798
-2.5750146761912798
-2.5750146761912798
-2.5750146761912798
-2.5750146761912798
-2.5750146761912798
-2.5750146761912798
-2.5750146761912798
-2.5750146761912798
-2.5750146761912798
-2.5750146761912798
-2.5750146761912798
-2.5750146761912798
-2.5750146761912798
-2.5750146761912798
-2.5750146761912798
-2.5750146761912798
-2.5750146761912798
-2.5750146761912798
-2.5750146761912798
-2.5750146761912798
-2.5750146761912798
-2.5750146761912798
-2.5750146761912798
-2.5750146761912798
-2.5750146761912798
-2.5750146761912798
-2.5750146761912798
-2.5750146761912798
-2.5750146761912798
-2.5750146761912798
-2.5750146761912798
-2.5750146761912798
-2.5750146761912798
-2.5750146761912798
-2.5750146761912798
-2.5750146761912798
-2.5750146761912798
-2.5750146761912798
-2.5750146761912798
-2.5750146761912798
-2.5750146761912798
-2.5750146761912798
-2.5750146761912798
-2.5750146761912798
-2.5750146761912798
-2.5750146761912798
-2.5750146761912798
-2.5750146761912798
-2.5750146761912798
-2.5750146761912798
-2.5750146761912798
-2.5750146761912798
-2.5750146761912798
-2.5750146761912798
-2.5750146761912798
-2.5750146761912798
-2.5750146761912798
-2.5750146761912798
-2.5750146761912798
-2.5750146761912798
-2.5750146761912798
-2.5750146761912798
-2.5750146761912798
-2.5750146761912798
-2.5750146761912798
-2.5750146761912798
-2.557442177931643
-2.557442177931643
-2.557442177931643
-2.557442177931643
-2.557442177931643
-2.557442177931643
-2.557442177931643
-2.557442177931643
-2.557442177931643
-2.557442177931643
