-10.085746302297345
-9.357915113831945
-8.475626342873653
-8.16005569631125
-7.703149293873274
-7.7753365038391244
-7.420009556351375
-7.422292337676147
-7.426573825520215
-7.235251223271168
-7.143059809422086
-7.196602559551387
-7.076229246234568
-6.979642733366122
-7.1764927868586526
-7.0381494807549
-6.875800191136513
-6.980464515223453
-7.032917331514933
-6.929636098899591
-6.965408807001042
-7.005971665685355
-6.941091841259511
-6.99279894841791
-6.815771132641175
-6.940818941444725
-6.86712570534899
-6.897246610642517
-6.847364326602002
-6.907578461393984
-6.7649414985097485
-7.00185340953116
-6.7426995861005175
-6.667760635448285
-6.425260378705554
-6.651035947252328
-6.381553035597606
-6.5730938764319795
-6.4743760651849644
-6.30419912717935
-6.46474119105653
-6.407650080276435
-6.530814027698091
-6.410496617674714
-6.361189955587779
-6.236362354033504
-6.274811153029941
-6.305478943933184
-6.236616453038104
-6.1307477820821985
-6.251875682554049
-6.225949786933647
-6.163717744050668
-6.200601929687203
-6.032295208644923
-6.095392635264205
-6.03005869073329
-6.087887841457513
-5.9358858066500035
-5.93072388297551
-5.911086822083789
-5.9750661727701715
-5.980995126484826
-6.034035109627274
-5.927529905193259
-5.91672803249175
-5.9395747302745905
-5.89810115877244
-5.927038621289047
-5.964699939125989
-5.964206607011866
-5.840022663825293
-5.761813455695108
-5.908880367856862
-5.819615774112823
-5.714457639941149
-5.664024999206354
-5.650452103020506
-5.613416166606748
-5.637613596962974
-5.808460738924575
-5.614600701513569
-5.658783758771245
-5.6193404920245476
-5.605365769940677
-5.6866947452645284
-5.737742410516015
-5.770978069122551
-5.634288271986949
-5.772908704833539
-5.833944203885382
-5.584565201166393
-5.680961954052291
-5.506085907983295
-5.65402181618509
-5.595431793499857
-5.380764327409015
-5.389289859092683
-5.3435421786709485
-5.247614114132415
-5.288942062608174
-5.381915900638381
-5.340791831750911
-5.285755315738691
-5.213038406323466
-5.344229908734772
-5.226353468635244
-5.194345363765034
-5.290080498935129
-5.147025785047104
-5.2218373561858655
-5.182881465273417
-5.227257007029853
-5.1091107422267115
-5.252145077529646
-5.148591009319914
-5.134069061871038
-5.112671247223679
-5.039790322296902
-5.098661300720003
-5.146802211081791
-5.110445738493356
-5.116010736664234
-5.064080196799482
-5.055238506408414
-5.01469926589034
-5.030536533700334
-5.018435607182996
-5.141438326218807
-5.047069111526489
-5.035602678556017
-5.076032830514644
-5.0991056652958235
-5.1392044643674115
-5.089335562368019
-5.01865545572796
-5.075811305921597
-5.066070995289184
-5.084455203485122
-5.013820392823272
-5.099327862875783
-4.977656320639132
-5.02063433756604
-5.033399588638686
-4.973066132673366
-5.119128896638134
-5.185577333403231
-5.029655807195972
-5.009207986165588
-5.08201618501952
-5.024813677788328
-5.058110926488245
-4.974814446721091
-5.0322982812268595
-4.924062541437286
-5.0448626773757335
-5.077140501266674
-4.9575678371097265
-5.1882741362076965
-5.032959050417932
-5.048613993978974
-4.890492455063021
-5.030536532525491
-4.9034691628325024
-4.851699726258551
-4.995606954124064
-4.912999993169551
-4.908233039218874
-4.870854832003949
-4.88120657772768
-4.870854836645426
-4.932316004312839
-4.91018278529273
-4.9334026621665386
-4.87193245474422
-4.902170464607371
-4.821669840099037
-4.87257910468546
-4.961275761515989
-4.941231398181407
-4.849980387795517
-4.997798993319167
-4.773880189114789
-4.948632793086231
-4.802643986829534
-4.660601214898928
-4.6601826974921
-4.676103716257281
-4.684077799204254
-4.690799847219478
-4.745655050426723
-4.60453621249126
-4.603705940296307
-4.546863903430735
-4.589192376144964
-4.528568473369707
-4.577396743531329
-4.511550740164969
-4.513803648161086
-4.52795263744764
-4.538429569546406
-4.553454059617328
-4.523643296610312
-4.481923354058202
-4.5559270097304525
-4.47153360502163
-4.46746357908791
-4.537196141739712
-4.472551494816636
-4.426696868875783
-4.500706330173261
-4.396838661414634
-4.340917593154093
-4.433575227922415
-4.419219686787679
-4.35590325509501
-4.445933671250179
-4.419219687963195
-4.4190177117723
-4.375335805130555
-4.370923369215618
-4.384571411581672
-4.377743837467346
-4.403081593957016
-4.442892582568358
-4.420431627470241
-4.362307617959541
-4.45994053364276
-4.4739768002516165
-4.422249965218785
-4.41255795548222
-4.40187282326369
-4.379349693018417
-4.402880109775467
-4.301123941893556
-4.4412712389080164
-4.504182830159538
-4.341715958068377
-4.44633924349135
-4.349105488080326
-4.343113335622516
-4.4200276249356945
-4.372126464981773
-4.372126464980695
-4.34710749165426
-4.295374124280336
-4.317210932284743
-4.4222499637528765
-4.3301492201125695
-4.400462867711124
-4.320393347013199
-4.369920949710773
-4.4587213892532205
-4.332739978453548
-4.354703130167824
-4.377342445560667
-4.3219851448433975
-4.2712413814078545
-4.331743412582133
-4.339520686042708
-4.398247837407575
-4.345110108706203
-4.531237783138057
-4.398449156945566
-4.4248773238818835
-4.391808337750584
-4.3897972824607505
-4.405701358083667
-4.366914634631514
-4.27183372855038
-4.3587043931871134
-4.274796257631251
-4.254678054307327
-4.319796528727382
-4.315222716922398
-4.267688492039328
-4.266110057492525
-4.311645471850785
-4.295968699228938
-4.399858694386972
-4.354503135026419
-4.291609790858602
-4.401268520881686
-4.274006117171897
-4.404290583211227
-4.21541402013951
-4.342115173318578
-4.4242709099623125
-4.317210932292357
-4.277562517980327
-4.271241385733816
-4.251527999274784
-4.319995462378356
-4.225795359223192
-4.434789798608702
-4.252118513976942
-4.304695367319925
-4.334932963266705
-4.267688487870482
-4.3715248908244275
-4.222267707017756
-4.262757172505552
-4.250543923746042
-4.2973562447858145
-4.27361107945805
-4.239336207532175
-4.3385230812563425
-4.232071584650587
-4.274796252985012
-4.366914632596397
-4.329352275925111
-4.348905661754728
-4.206417591452738
-4.214826905436074
-4.208372246437113
-4.181646103221947
-4.2303057604892995
-4.208567745233471
-4.241890619874613
-4.176975827477819
-4.3197965278699675
-4.188658038898442
-4.272426123060138
-4.18184077560413
-4.303107820449503
-4.231482925444194
-4.225207282429714
-4.306481825510315
-4.269464693120518
-4.22657954061437
-4.336727766819175
-4.247789324242037
-4.21384850308259
-4.239336211100055
-4.284681242299304
-4.232267816718853
-4.246609147851417
-4.285670580212415
-4.246805826021404
-4.235604687372755
-4.226971680077862
-4.251921670824635
-4.224031289941964
-4.207199381662675
-4.207785779344815
-4.185345870608561
-4.185151093089531
-4.177948514126199
-4.269069940326649
-4.168034197520315
-4.185540652931092
-4.159881246275894
-4.227363833935383
-4.104838347328132
-4.233641604937687
-4.218350405258707
-4.367515787548922
-4.2167841644674375
-4.207785787836636
-4.253496602440425
-4.165703691262306
-4.196263141555846
-4.147671771438378
-4.163762277355863
-4.144381249354698
-4.195287614276533
-4.168616957856457
-4.212870251553347
-4.168616957257061
-4.141092463309057
-4.12872677603944
-4.113689402841509
-4.220896374440179
-4.231679139314316
-4.193337015368178
-4.162015515700306
-4.1532890356181245
-4.169199771434542
-4.320791260302272
-4.199971524408254
-4.180283579666943
-4.118890507143532
-4.13645244251362
-4.162597714427611
-4.161239330462016
-4.1173489830460595
-4.145735956972453
-4.286066356835674
-4.243659657672192
-4.156778160007218
-4.2103275068614145
-4.230109596977182
-4.086407496720226
-4.150189227499849
-4.218742026700967
-4.199581064295742
-4.208763250945016
-4.239925599602269
-4.204658921384206
-4.217958809216459
-4.1262180052755495
-4.125060454602555
-4.247789323068272
-4.216784163004539
-4.310850791975513
-4.183008921635786
-4.175225374697881
-4.207199382262078
-4.191192046031366
-4.359304790546805
-4.141479293037057
-4.278946097312815
-4.169588346434035
-4.175225376164634
-4.1612393350093
-4.179699733289952
-4.14496180370558
-4.263545934758588
-4.12506045343513
-4.140318883281519
-4.201143047284574
-4.165703697366674
-4.149995542273234
-4.2165884098405835
-4.11118672997968
-4.110224433006135
-4.21737145884762
-4.158911367155084
-4.196068024006875
-4.2391397615886905
-4.192751950934281
-4.109262284771973
-4.162791795090015
-4.184956315983816
-4.162597715893731
-4.204658921384441
-4.257435630808202
-4.125639202878334
-4.173086592158294
-4.197238821517448
-4.250937535147169
-4.27598165102625
-4.171725931000471
-4.2148268969315845
-4.1795051295212815
-4.1750309071375735
-4.180088957777154
-4.1742531122437425
-4.128147737584569
-4.119468677011107
-4.26256000615409
-4.135872682229832
-4.246215791892131
-4.152320180892628
-4.127182793524404
-4.173475408330474
-4.234230471025621
-4.176003295391227
-4.193141986468489
-4.19431224025821
-4.203096066014523
-4.165897871892425
-4.196848530510291
-4.108685067601633
-4.145929511102055
-4.20661302700102
-4.145929514126244
-4.085832424332675
-4.124867552392314
-4.072238097867409
-4.138965358086598
-4.123131681900149
-4.180283581701771
-4.136259173511745
-4.1434137784233185
-4.070134634365516
-4.12795473728387
-4.080276163260444
-4.037908804120358
-4.139545403463329
-4.104838348796821
-4.0871743457527465
-4.156390386005688
-4.1849563205330575
-4.126410952302067
-4.076064427060327
-4.124095993265607
-3.97077036993444
-4.0015041380150205
-4.033726285931022
-4.076255808600941
-4.074342282268061
-4.0689875970101665
-4.040571918580518
-4.061918961688965
-4.0491398444898365
-4.00131510392955
-4.080276160023357
-4.04285551410893
-4.13877202076801
-4.015130135658221
-4.166480431438387
-4.002827531068699
-4.011531381748997
-4.024610809272686
-3.9435631225043575
-4.056765937030922
-3.9269252108719996
-4.06230084269109
-3.9486198566252604
-3.9880976095775225
-3.9781094757835267
-4.020627110704235
-3.9533058660033786
-3.9589339699390953
-4.102915888001458
-3.978109472759711
-4.032776115037554
-3.9775446054398595
-3.932341408976772
-4.082191545443172
-4.023851807365189
-3.9388848207404172
-3.998291396809993
-3.9175986411070154
-3.9471211158894377
-3.9737801924031992
-3.9203950641071716
-4.043807264195359
-3.938136634274046
-4.041713610062237
-3.9375755573446414
-3.977921177721037
-3.9681380219801934
-3.949744160519246
-3.946933799966109
-3.9660705676649273
-4.008881054962975
-3.954243513864093
-3.8719268965290863
-3.9177850303853283
-3.9097757404474187
-3.990361398949677
-3.9077286097242374
-3.939820185458397
-3.8876674220973513
-3.9217005155562563
-3.9503063644246676
-3.9127546616448146
-3.899918852310482
-3.8885946594296077
-4.009827464211124
-3.8789585680500913
-3.9146172529262597
-3.874146506569109
-3.8643496226285032
-3.8965750079145267
-3.9771680481953084
-3.9008480413319573
-3.8554912281345364
-3.931967704583071
-3.8960178791627653
-3.9101480232149806
-3.8756267126847015
-3.8678598103152035
-3.89843246385212
-3.9775446039128157
-3.865457870491433
-3.8748865639052705
-3.9189034701999734
-3.8326697496274726
-3.8808104260619753
-3.869892996639559
-3.84333307157925
-3.841309199542914
-3.8850719340269912
-3.9028927532830258
-3.957807920074789
-3.9600602293010976
-3.9012197571735405
-3.879514070768032
-3.8867403222490404
-3.896389290038458
-3.970206195554799
-4.008502527133094
-3.928979035663065
-3.8995472191025895
-3.845357650892975
-3.9355187257003093
-3.89323306904137
-3.9519934061378263
-3.875811771552098
-3.9261785465345387
-3.9231928034958825
-3.8660120713181785
-3.910520330484517
-3.823493074961125
-3.994513894227015
-3.9426271607181285
-3.8385505177154244
-3.9480577782833133
-3.9611867042764137
-4.002827526731016
-3.9525558518342816
-3.848856336634751
-3.9246854885730453
-3.913127126270822
-3.7515117755262133
-3.7421035934190696
-3.7789210137493554
-3.8471988010572624
-3.7774655358624822
-3.8145141581919715
-3.835609381537116
-3.7692853994173476
-3.870077863615045
-3.7809229186360382
-3.8519885326227934
-3.8508828485574016
-3.7593035119603044
-3.7991544559894432
-3.8150634790631743
-3.7469866419435975
-3.8774775102014183
-3.7193721264770527
-3.733072123386979
-3.827161985926482
-3.823676464716369
-3.8086579628916692
-3.831016860184822
-3.732711151669712
-3.7112761053772068
-3.7731013282469434
-3.675614556187852
-3.693685442694854
-3.7645644921956656
-3.823309683852011
-3.661521043169144
-3.660273989396292
-3.671150677674662
-3.746805718087613
-3.71703206741149
-3.7157724370205503
-3.7280208345245494
-3.6749000923035746
-3.655466592283914
-3.653331321764275
-3.7256771607452905
-3.7094785764356715
-3.720272409018327
-3.696194990374531
-3.7614798717223463
-3.7393926262023953
-3.6584929856711526
-3.6283041241189897
-3.6992438148376756
-3.6996026105744724
-3.690997912325102
-3.676150462181702
-3.7712838905074237
-3.6759718188624904
-3.774373875051211
-3.6836586328121896
-3.710377273671886
-3.630961148106741
-3.6845531551540494
-3.6806183848576213
-3.633974001517614
-3.7330721169019285
-3.780376868435713
-3.658136845826594
-3.6224632593531743
-3.6665120846390207
-3.718471980993363
-3.663659506406199
-3.6382302809983047
-3.659739622601464
-3.6629465915523247
-3.7669244523793823
-3.7292832397193574
-3.630606805816934
-3.627595812529369
-3.665798798238914
-3.6495965928120904
-3.6561785255848895
-3.7263981897753076
-3.670079881415238
-3.665263900207603
-3.6382302824568047
-3.6490632633337237
-3.676865066336475
-3.644088079210924
-3.6890278883509655
-3.642489872870745
-3.6524418607648976
-3.7307263191176245
-3.63645642954629
-3.6283041166118357
-3.631492709772792
-3.6139786368420497
-3.676329108232064
-3.6627683832727937
-3.6763291063055936
-3.61150644941398
-3.6879536181695514
-3.653865059009781
-3.6460420796888577
-3.7771017245041056
-3.694043884788491
-3.6754359175212756
-3.698167569528438
-3.674007141035589
-3.803355981198011
-3.6442656908752533
-3.658314917838909
-3.6695445659089234
-3.580874771008508
-3.6734714428619744
-3.6373432781137343
-3.6492410351904234
-3.7136137399089795
-3.66490732812211
-3.598986310919769
-3.7489772539356063
-3.6297210436545226
-3.6237017048581723
-3.708939448395429
-3.683658646196518
-3.6679389265595814
-3.615215154053039
-3.6018052186545657
-3.63698852265549
-3.7053465015100837
-3.6584929829662376
-3.6048019189169147
-3.64693049613862
-3.622286355256738
-3.6109768484827836
-3.6543988490043247
-3.7911253727177923
-3.7949560203615516
-3.69476082336097
-3.664372509880823
-3.6565345420928255
-3.569476488667437
-3.6330876952278905
-3.674185724036633
-3.657602697849279
-3.584913817500512
-3.6116830023887596
-3.579997122669473
-3.6854478116110445
-3.639827238502207
-3.60938833527529
-3.6561785308902457
-3.5539088839470225
-3.590890131329182
-3.632555984193355
-3.639294869225265
-3.70121748001299
-3.5954647372403072
-3.5857922677192815
-3.6037440713137294
-3.636456421642547
-3.6224632534853556
-3.672935793691589
-3.6062127181883263
-3.6350377521271495
-3.605154590516929
-3.6275957978377744
-3.637875461694625
-3.601805218650245
-3.582454904317754
-3.7402961360403046
-3.6074474561214736
-3.644088079203536
-3.7094785851747343
-3.818543763385329
-3.5845624759202996
-3.6391174100630215
-3.708040988519823
-3.6765077596735516
-3.694581584665153
-3.705885293514559
-3.6396497710706073
-3.672400198141582
-3.568600704582934
-3.6456867588388358
-3.5910660093733187
-3.60356776796119
-3.533164579894734
-3.581050318427144
-3.624940433668339
-3.596520958268071
-3.5474502990291517
-3.6284812211216444
-3.588428472500345
-3.606212713549734
-3.601981447070799
-3.5731563482763504
-3.5719294560352357
-3.6191031739828685
-3.5998670610861994
-3.609035398323665
-3.626179447120291
-3.59317695358126
-3.574734217798997
-3.61415526018219
-3.5356008849960783
-3.550591334098355
-3.5495441140939947
-3.5490205849007905
-3.57455888767451
-3.5156215346772655
-3.528816822746222
-3.549195096195401
-3.5789441315908155
-3.5840355051307973
-3.630252479189744
-3.5949367045747516
-3.5581024264941643
-3.5891316988248967
-3.6290125459379032
-3.5829817167732307
-3.549195091646617
-3.577891346150583
-3.52290959281311
-3.5144078344817853
-3.5178762915789172
-3.5232568957327612
-3.5600255541798704
-3.457678585650449
-3.5922972907686095
-3.5310772040966163
-3.5270787161678725
-3.5638739256318788
-3.5915936676057174
-3.56982683100972
-3.5764879479132694
-3.589307523041495
-3.5036701248137847
-3.67579318090828
-3.5034971178484606
-3.621401947527168
-3.589131701230598
-3.5794705981845816
-3.623701708320082
-3.6535092266023668
-3.5446598235159033
-3.5488460834318314
-3.560375302830898
-3.5833329570022063
-3.5749095697914957
-3.7480723458954643
-3.622286348908769
-3.605330929026456
-3.5824549043260605
-3.5763125542668557
-3.5422193628051777
-3.5007297473173264
-3.594936706033009
-3.5003839297665187
-3.5680752992949296
-3.5518133537827263
-3.5060928623626872
-3.4657451128802235
-3.5416965470800066
-3.542219361627639
-3.519437826812181
-3.5666744675105577
-3.5715789652853083
-3.549369603704098
-3.4707285825668337
-3.571228498222221
-3.501421454434281
-3.5121545706733586
-3.460423237180965
-3.5477992160502296
-3.5043622235116767
-3.5125011587765975
-3.517182418589688
-3.580348166737611
-3.579646101238589
-3.649418814244125
-3.588780086050306
-3.518570254452238
-3.6000432301972767
-3.5446598290107705
-3.5215206181561136
-3.511634717951882
-3.468665877498396
-3.4691814780018615
-3.50713151050509
-3.4905376393525867
-3.4803653443096745
-3.459565380650878
-3.508516708401589
-3.4647146341744017
-3.427583244543251
-3.5376900396441355
-3.47898757650524
-3.4715882811129255
-3.5086898784121567
-3.4862249350219776
-3.4924363671213516
-3.4891571903539753
-3.458707664542089
-3.515621537376465
-3.4898473707507565
-3.487259653433425
-3.4733081130491565
-3.4789875710028597
-3.4669475840498
-3.4241744074383242
-3.551638759599961
-3.5211734296993953
-3.5491950931755913
-3.456478268709205
-3.671864654653616
-3.4722761478855046
-3.620517696586155
-3.4862249323903267
-3.4650581090376322
-3.562999056306011
-3.461796094696286
-3.5369935666960703
-3.4655733455245112
-3.4528789590137228
-3.654576788794128
-3.4667757836841444
-3.4960631041780426
-3.58315733769468
-3.4638560681318
-3.478126648562993
-3.5175293408516133
-3.5328166311712765
-3.598634047003136
-3.403938559214152
-3.4412412032202657
-3.5088630514683388
-3.490882816981068
-3.482605000075512
-3.431164947718485
-3.49209107988505
-3.5281215087552
-3.456649725816964
-3.451508442951707
-3.4320181058856405
-3.4743402771644574
-3.4364567956389047
-3.419576067158525
-3.4139614621327303
-3.4807098481478453
-3.3697714431277594
-3.385304215499176
-3.3888564106448142
-3.492436365091865
-3.4503095553647207
-3.4422670119369436
-3.480365345844261
-3.411921319769261
-3.383951649271797
-3.382599439900695
-3.447056807657174
-3.4943357718569046
-3.426219440292806
-3.460766417012866
-3.4970997767638043
-3.542742226796103
-3.4002062398113164
-3.3956293847259067
-3.4721041593218076
-3.3670749490739786
-3.424344799019773
-3.370108613603614
-3.393257812566713
-3.380909693792917
-3.421108385203244
-3.4545925944979796
-3.5754356389338073
-3.4676348158638395
-3.4238336510580902
-3.3800650248440185
-3.415832319333856
-3.447741420823744
-3.390548812271666
-3.307449501317259
-3.4364567975722906
-3.3913952178453157
-3.2832013526711816
-3.3171153613028674
-3.347232743297781
-3.3146137702734273
-3.3939352985937123
-3.384289757053283
-3.422811508289491
-3.3462259108581334
-3.351766016825934
-3.403599151041481
-3.3537821107685364
-3.3717947618395
-3.401223873614466
-3.343541993234504
-3.339853955269324
-3.3499186337297706
-3.4200867832019406
-3.4051266925346266
-3.3134467870953634
-3.3381784669745866
-3.3091146845030828
-3.3557990125440256
-3.315447494078883
-3.2759170023780606
-3.3579849193242457
-3.2668267216424156
-3.357144073415842
-3.370108612739083
-3.2689738162023967
-3.3990192510907726
-3.308781600507476
-3.3798961123293667
-3.425537665524369
-3.2744283510615957
-3.3500865451214112
-3.3122800804902615
-3.3341595890046674
-3.3348291802872843
-3.361686290214123
-3.363201274563976
-3.4083530194295104
-3.300129315946026
-3.2832013535321356
-3.3119467825881435
-3.2762478725378754
-3.325128926282149
-3.2953105549442814
-3.28485838674359
-3.340356713331317
-3.3182832065742534
-3.3064506565948775
-3.2564349104643613
-3.2987995338050404
-3.2628653361817306
-3.2421205707586513
-3.3515980480082295
-3.2946462671053576
-3.307948996638482
-3.28833998731676
-3.2711218478633755
-3.3301439521771306
-3.3334900931229097
-3.2717829699348573
-3.2813792511067414
-3.27442835020151
-3.306284184755002
-3.2865159875610157
-3.277571589446636
-3.2886716961198754
-3.3425358982992357
-3.3348291873121654
-3.312613398455518
-3.361517990672482
-3.277240624767467
-3.320786639549378
-3.2671569882414087
-3.2627003303783564
-3.3077824904101534
-3.2447499370012154
-3.312113430475295
-3.3191175449800383
-3.2222819482548855
-3.2244094799657534
-3.290164659107119
-3.3338248383426237
-3.2641854423392496
-3.2646805770114184
-3.266331372632983
-3.293816035557328
-3.273601498668217
-3.3001293104332885
-3.252481921832111
-3.278399092730122
-3.2126379900842323
-3.2085573646416297
-3.2462295825571372
-3.3026236189645357
-3.3056184333054803
-3.3039544197605224
-3.2285035171445857
-3.246229581955898
-3.259731505117261
-3.2707913222585097
-3.2301420982914566
-3.228995034359635
-3.4397028761152524
-3.289501064565152
-3.2885058397939257
-3.290496495381668
-3.2871791842020994
-3.33282069288898
-3.2846926638984275
-3.222118331675089
-3.2762478740565544
-3.1619592343418077
-3.2463940152166213
-3.315947796340518
-3.3037880515174325
-3.273766871791381
-3.3273014778655225
-3.234733084838753
-3.3142803193077404
-3.2978024323088806
-3.200243654524897
-3.1833346932879825
-3.29232195547704
-3.2244094805643835
-3.269469435563988
-3.2478741476501662
-3.2232637680703706
-3.347064922948768
-3.282870010631273
-3.2357174313418606
-3.2454075031419443
-3.2974701116449405
-3.2633603361767873
-3.260061290818165
-3.2623703830629935
-3.3179495095515357
-3.2020355899325064
-3.2622054132942817
-3.2881741433385905
-3.2417919992742035
-3.1974756074566755
-3.205458425309627
-3.2873449935464043
-3.235553357010701
-3.2986333371290613
-3.3561352567175806
-3.2584126025468043
-3.2881741427379247
-3.2785646063603746
-3.2899987558888744
-3.229978219041039
-3.322289310676012
-3.2132912122607658
-3.2252280024488464
-3.3401891228987233
-3.1859321878849296
-3.1921068920560147
-3.2846926597275896
-3.25627013892222
-3.3234583639714512
-3.348575508007195
-3.2539639209067137
-3.275586151797633
-3.256270138920482
-3.230797683046822
-3.3505903348353216
-3.2303059899539512
-3.3323186903081745
-3.264515525975739
-3.2724441831217397
-3.258907148608015
-3.237358459303242
-3.3151139844851754
-3.2388358556457413
-3.266496488909175
-3.2159049721431865
-3.2486966494332226
-3.306450651949319
-3.2803856612763593
-3.2145979142383334
-3.350590331811367
-3.254458015216453
-3.2417919878723156
-3.336001178050637
-3.29913194291806
-3.2477096749374708
-3.3620229159884527
-3.32546310449254
-3.2909942832692924
-3.1773334015184025
-3.277406107837086
-3.266496488906277
-3.2116583323374273
-3.2506712075256057
-3.298467144313436
-3.234733084838061
-3.2777370760867495
-3.288671691479687
-3.2124746949336833
-3.358994116054498
-3.247380727189214
-3.2030132960802216
-3.3552947203947294
-3.337508437345677
-3.3309802789116865
-3.2150880191191917
-3.2309615985146163
-3.3024572894375916
-3.2888375597540085
-3.2650106928501126
-3.2159049712842602
-3.305119172982215
-3.2544580193834998
-3.3081155095683563
-3.2044802282203264
-3.255446365181823
-3.279226723618037
-3.23620968045197
-3.310780428138339
-3.3117801472201864
-3.2188471463990087
-3.2648456295134825
-3.282207395795608
-3.2211367412799135
-3.282704349740114
-3.276247872524047
-3.232928968114714
-3.2983009579364655
-3.270791320225174
-3.2260466783864947
-3.2317812330049445
-3.218356660160193
-3.2020355934134255
-3.201709730363041
-3.199429351485629
-3.2147612758267208
-3.228012047775327
-3.1799276309622577
-3.2186836446474443
-3.243928104116069
-3.290994283267845
-3.2676524207145357
-3.268313073794629
-3.189993599116051
-3.2394926082927964
-3.1991036730764795
-3.2350611803371296
-3.2650106867414235
-3.2526465631644252
-3.213944518549723
-3.3664010583507187
-3.186744191067208
-3.3900410267075554
-3.275586147153288
-3.2612157025873185
-3.241791996644403
-3.2790611928973745
-3.199429351472673
-3.254293314533203
-3.2170489376513727
-3.2190106516222934
-3.272774822698172
-3.27575157312828
-3.127348367149332
-3.2015468071639406
-3.21819317501859
-3.3526059622282145
-3.1976383865932227
-3.217048926855006
-3.247380726322596
-3.2691390192488248
-3.2258829308156893
-3.205947605465304
-3.2470517987510203
-3.232601017468922
-3.333657466454951
-3.211495075442373
-3.233584930655691
-3.2293227366470494
-3.3625278945779558
-3.146151613850355
-3.194546464397784
-3.2267017141089576
-3.1530811116599664
-3.2188471458012473
-3.154048816933496
-3.240642174646177
-3.172473031544664
-3.2021985093555836
-3.1995922054392536
-3.2080679429680035
-3.1744165849136343
-3.202850336330933
-3.212801289144465
-3.246065156050254
-3.205947588061059
-3.176847145299522
-3.1757127300782275
-3.149212236149068
-3.21819317441793
-3.2074154306081795
-3.230469885915862
-3.2067630085817385
-3.2480386472313842
-3.2229364707256747
-3.181711979552636
-3.2511649720390556
-3.3126133993189577
-3.2252280067798282
-3.2450787052303576
-3.2312894374058976
-3.2498483753887326
-3.2051323414579307
-3.1758747727723513
-3.1392322889668853
-3.2180296846150833
-3.2216275131727685
-3.2373584613416737
-3.193733141507107
-3.263525346213825
-3.188856054771518
-3.2298143350670245
-3.2516587930332923
-3.211005333590326
-3.2239184282149713
-3.1945464667889865
-3.251988030699205
-3.269304219857367
-3.1873938978169765
-3.172958848518206
-3.2355533655162465
-3.1711777713044205
-3.1836593040684047
-3.2709565832969587
-3.3104472377833503
-3.214107860030619
-3.222772832647866
-3.1421275194708387
-3.235225235637405
-3.186581782423675
-3.224409479965464
-3.1681029373382494
-3.227684429073898
-3.250012934561941
-3.1674558605145267
-3.234240989053635
-3.301958343138823
-3.187069034760592
-3.1943837930592793
-3.160343794686305
-3.160505307126072
-3.260061288781639
-3.218520150334341
-3.1818742288911928
-3.305618435695627
-3.2250642896267494
-3.2329289645463657
-3.255446362545499
-3.16503009483869
-3.2175392907591136
-3.245078707933471
-3.2368660957517665
-3.1818742282957477
-3.2064368295717887
-3.184795612853125
-3.2480386445969343
-3.224900580716084
-3.1872314653755343
-3.236866096351359
-3.2033392444086255
-3.138749923835489
-3.1442196242745903
-3.1356960935464246
-3.1844709237313817
-3.1328048179376906
-3.1919442997295597
-3.2226091970558466
-3.193570488355031
-3.173930622171789
-3.150823885106823
-3.166323681822617
-3.1969872823747143
-3.1487288392627812
-3.198452382272961
-3.1521135982324036
-3.1883686182698905
-3.201546815929569
-3.189018545713587
-3.189018545113509
-3.187231463529643
-3.2570940467091734
-3.2303059887807226
-3.1961735402144686
-3.1684265123475432
-3.2240821057283044
-3.19780117630805
-3.15727597208487
-3.1991036766450045
-3.192757326795161
-3.273270821465755
-3.1419666263664996
-3.181874224723123
-3.194709156010175
-3.2286673451695513
-3.2082310840370996
-3.2498483812485155
-3.164060135845983
-3.1731207956740644
-3.2344050166268397
-3.180252010019787
-3.2221183316768256
-3.1797654504383264
-3.2276844317713107
-3.159213311305589
-3.1297548411842797
-3.1813875038614143
-3.2147612778615047
-3.2082310798711045
-3.1953599411643787
-3.168911913708413
-3.223100120025465
-3.217702755000589
-3.162443977940492
-3.211168574614088
-3.1416448559505397
-3.185120321407237
-3.197963968649518
-3.243106415423752
-3.2329289672545682
-3.278233573197154
-3.307782490404625
-3.210515643713724
-3.1821987388515374
-3.177171311910686
-3.2113318220284364
-3.2198282689802924
-3.183821613488392
-3.2378508748235593
-3.263690348160149
-3.163251988684659
-3.3032889792323656
-3.214271205322495
-3.1434148579685632
-3.1506626952740087
-3.2190106534714333
-3.236209683929202
-3.1679411591179902
-3.2149246425885076
-3.1392322843172984
-3.139553893175887
-3.2437637574330407
-3.21786621991674
-3.3363360862439064
-3.2314533693435745
-3.1563075976642305
-3.1986151955430207
-3.208557384238354
-3.200732298505067
-3.217375833899197
-3.1968245222822027
-3.246229579921029
-3.141001381232433
-3.192757327399784
-3.2381791780403657
-3.222609200625755
-3.2025244226730614
-3.2087205401277226
-3.2121481299024857
-3.1860945768570095
-3.129433904984205
-3.142610229595516
-3.1427711442838353
-3.160989905590135
-3.218683644649472
-3.2188471449387306
-3.354286266341811
-3.192269494975409
-3.242613468052621
-3.1971500567007167
-3.1935704919177814
-3.263030327414759
-3.1849579637706413
-3.2533052015335953
-3.2242457914922293
-3.251329574787107
-3.237030212068142
-3.1669706080708244
-3.1984523787070422
-3.1480844110913786
-3.1966617750025814
-3.2567644708225862
-3.1355354178161456
-3.1622823937252154
-3.2406421737829674
-3.2222819501035027
-3.2007322938607765
-3.2198282669436455
-3.171339660563379
-3.223100118563393
-3.223754751810558
-3.183172389724449
-3.1442196228104953
-3.1948718397082567
-3.2363737792255978
-3.1924320958309456
-3.248532142490373
-3.200080783967841
-3.229814340571409
-3.1974756029077733
-3.159213311304512
-3.146956855674329
-3.223263764590642
-3.225391731015636
-3.186744193771301
-3.227193048433211
-3.2314533678764867
-3.1974756070707233
-3.3117801502427375
-3.242449163676559
-3.1992665104838163
-3.2087205419714873
-3.214271198292744
-3.2347330875427938
-3.202524422676536
-3.172311104589396
-3.1950345334780987
-3.2399852535687423
-3.1279899720374424
-3.227193047571568
-3.263525345350326
-3.218029693379793
-3.121417669808715
-3.3067835794916722
-3.2152513914537844
-3.246065151283441
-3.2010580866653235
-3.2949784044191204
-3.3054520138551506
-3.2121481322966674
-3.2526465655487087
-3.2280120489507085
-3.2092100489150375
-3.1471179154676454
-3.242120558990168
-3.2533052006747223
-3.192269494975761
-3.2478741564065507
-3.2239184261818843
-3.261545585673351
-3.339518816347272
-3.212637991617357
-3.1713396605619306
-3.1836593052435176
-3.237522590735574
-3.2613806397435527
-3.160989906452536
-3.1849579629046616
-3.3217883707526563
-3.218847144940348
-3.1781439484539513
-3.1917817108779643
-3.191944291822922
-3.25248192530719
-3.237522594898609
-3.298965737790293
-3.170854009876964
-3.2322730913242204
-3.214271204153174
-3.1736066772074962
-3.199917915366891
-3.202524420644403
-3.166000252040034
-3.188043688986553
-3.2105156410163618
-3.160343794686709
-3.205295383374157
-3.197312828983348
-3.280882430148835
-3.270295573533946
-3.26187549014945
-3.158890365910981
-3.31911754615852
-3.165353450657206
-3.209536412154529
-3.139393089789634
-3.241791998675668
-3.1826855409904993
-3.33683849121719
-3.168911913106498
-3.280385666777293
-3.2635253462141147
-3.25824776226725
-3.2044802235817342
-3.207578551788113
-3.259566625097135
-3.2227728326532508
-3.2069261046187014
-3.1427711452688936
-3.216068373682656
-3.19959220340128
-3.1971500587350064
-3.2605560057233456
-3.2949783998723983
-3.251000382953686
-3.1632519880823566
-3.2221183326577054
-3.197801172738721
-3.1823610006447516
-3.253963920907293
-3.221463917285825
-3.193245209304909
-3.205458430822083
-3.2669918438309797
-3.2587422921583666
-3.1287920971672922
-3.2170489356232936
-3.1839839353886643
-3.3181163497650625
-3.2544580167500405
-3.165191773074906
-3.2863502028581797
-3.20105808666325
-3.1781439484531426
-3.188693572272444
-3.1392322790388376
-3.2185201496353284
-3.2486966529009518
-3.188856055634668
-3.1992665131895395
-3.2088837009952753
-3.2584126035319794
-3.18382161960525
-3.141966622200675
-3.2467228945582023
-3.1891810380837398
-3.207578542918418
-3.133286562021979
-3.26682672164328
-3.1895060458133266
-3.135856770665518
-3.2059476027651943
-3.231125513256991
-3.1598592701563213
-3.1796032754251304
-3.158890367082322
-3.223263768069832
-3.2224455721021346
-3.2890034245367654
-3.1890185430807523
-3.1723111030598825
-3.28055124532212
-3.140197166322137
-3.161636105408089
-3.184308589942539
-3.2623703885676676
-3.152274831053262
-3.227029256899613
-3.1689119131088153
-3.227356826835713
-3.2414634503744653
-3.2386716767724937
-3.241627719410234
-3.241134923672815
-3.1955226528046046
-3.1485677332799313
-3.229978210550854
-3.0961763501494115
-3.145990589658308
-3.235717433289597
-3.1377853318849795
-3.1797654513032714
-3.243599412436971
-3.186256973686709
-3.12093713017936
-3.190481199437384
-3.191131409828547
-3.24179199965794
-3.198289568919503
-3.251823408596362
-3.218847145797482
-3.0931502045074035
-3.1445415541718003
-3.1616361045479437
-3.1480844110919577
-3.1471179139319063
-3.1655151431617345
-3.0894896138696515
-3.1352140880966357
-3.0944241324763904
-3.114854577849515
-3.205784536802325
-3.07693826139877
-3.194871841234609
-3.211821595874861
-3.190481195268733
-3.1374638556776184
-3.1113367177087805
-3.291160224717948
-3.186906606858637
-3.1862569725167122
-3.1508238841195073
-3.1517911342358222
-3.1246225216381087
-3.1542101305971637
-3.1236608366904095
-3.137142398391845
-3.212311417548641
-3.121257484844467
-3.182523270271054
-3.146795796076518
-3.201872663231922
-3.199103668752956
-3.1742545938554763
-3.109738560999803
-3.1763609330651104
-3.1246225216402403
-3.168750107347089
-3.078207733283895
-3.123019822770705
-3.1846332642144524
-3.175550693880503
-3.133286572812089
-3.207415432070884
-3.178954631383494
-3.1246225201782014
-3.108140957330226
-3.188693571674583
-3.1397147043829574
-3.100161136949677
-3.131038801897159
-3.1328048160920337
-3.1295943711097327
-3.1065438994119807
-3.195197234312172
-3.148889969982619
-3.2431064162810617
-3.1324836729535743
-3.1496956740256334
-3.1390714939313265
-3.162120812415909
-3.172473033586619
-3.0848781922631914
-3.1379460917530815
-3.2582477607379636
-3.0595183817098275
-3.1414839726610726
-3.1182150069821093
-3.104149336903616
-3.1188553652171325
-3.109738553772277
-3.141966617866925
-3.1363388402066708
-3.1276691580338043
-3.189993597915221
-3.1703684119797386
-3.1406796817485287
-3.0923541727918544
-3.15114628049629
-3.1328048160932465
-3.1580830971839995
-3.142449319539
-3.059202269476643
-3.1749025937841093
-3.0791600692240126
-3.1348927833478704
-3.1969872931568326
-3.142610221710003
-3.135535409054507
-3.157275956841854
-3.0858319014150064
-3.087421844681639
-3.1859321893464703
-3.2134545298828576
-3.0947426718176154
-3.2150880209652533
-3.109259223497357
-3.1092592219621564
-3.2350611803344362
-3.099682775427699
-3.1278295643280263
-3.1263861244114017
-3.1345714945086325
-3.269965097002425
-3.158405991722784
-3.177657598345519
-3.1797654370636637
-3.137785343274784
-3.095539106328666
-3.181225273698228
-3.1416448559505397
-3.0907625277216444
-3.102075049905315
-3.176847145301071
-3.1124557353902844
-3.2069261046203175
-3.2157415697820544
-3.2909942824073557
-3.094264873885405
-3.1713396550558235
-3.2106788696005824
-3.1012774899222495
-3.110217954146086
-3.098726219712007
-3.1100581504152855
-3.201546815926336
-3.079795062091205
-3.1598592681241033
-3.1153344938012473
-3.193895797221556
-3.164706749585292
-3.107821503138019
-3.1348927744780584
-3.1172546344853553
-3.0964950094125623
-3.2126379946378703
-3.1398755181810407
-3.1315203752334884
-3.115814453429507
-3.180251998627541
-3.1254240742139223
-3.1770092259823395
-3.2008951930169625
-3.144219615771244
-3.091876624303659
-3.178468204736686
-3.176685068072825
-3.114534659159786
-3.169235518211308
-3.0988856328737433
-3.0863088351932264
-3.139232275604028
-3.219337683071813
-3.1395538931811444
-3.1361781343668222
-3.08869420288171
-3.086944810488813
-3.136660246776177
-3.1142147704851544
-3.207415427907766
-3.0815417524929796
-3.1145346638059856
-3.23046987981419
-3.1191755568397617
-3.120776961648857
-3.1563075976634556
-3.1028727425366247
-3.07757294436387
-3.184795604357555
-3.149695667923768
-3.1076617766324666
-3.1059052306243715
-3.1019155218752794
-3.130236278470894
-3.1083006916872815
-3.1366602447413534
-3.103510984546232
-3.0853550169982458
-3.065528707884444
-3.1158144570026987
-3.153887524730358
-3.179116770090693
-3.0566741268211106
-3.0929909837733556
-3.0777316399750205
-3.1421275176299144
-3.0679033643495224
-3.106863258454633
-3.1503403314061798
-3.1154944724861764
-3.1215778621058936
-3.2165586256098972
-3.143897698878011
-3.128150389300379
-3.103032297887724
-3.2265379435115875
-3.1070229623468784
-3.0907625335925686
-3.1210973062196676
-3.144380587791442
-3.1821987362162694
-3.0949019349676274
-3.0856729397177993
-3.1747405887967575
-3.0985668139457707
-3.074876114007018
-3.086467821343311
-3.0476789660463597
-3.059992594941508
-3.1143747152697
-3.0904442613873084
-3.1424493148913086
-3.076938261395131
-3.0826536371126005
-3.120616795134983
-3.060150680472519
-3.1551780782372028
-3.106384224887156
-3.123821103490288
-3.1105375715481056
-3.151468697879464
-3.1090994577889717
-3.161474545378808
-3.1587289014714517
-3.0580960375167123
-3.119175571900132
-3.136820957431164
-3.072814883319373
-3.08297136905469
-3.1916191266892717
-3.116774527732234
-3.1469568509039982
-3.108620175565424
-3.1252637400187426
-3.228667349809686
-3.1158144514988892
-3.054463158936161
-3.1186952706260995
-3.0614155313346294
-3.128952548299981
-3.0839246796541424
-3.0280145581178872
-3.0896487100958154
-3.1166145062018784
-3.120616799777434
-3.079318809770025
-3.183983935380586
-3.1792789419435104
-3.1092592255336746
-3.0853550257510207
-3.1164544846207147
-3.0574640265593476
-3.0856729408891432
-3.1459905916921813
-3.102713192668551
-3.0699623880483546
-3.0866268138161557
-3.0920358071054292
-3.0839246863690426
-3.109578779411089
-3.0661618266968005
-3.0815417577818707
-3.051148695338784
-3.1856074229819438
-3.0794775581015372
-3.1572759720845185
-3.059834516478069
-3.072022350829247
-3.143736744201811
-3.118054933539152
-3.039960406931659
-3.0858319060633947
-3.0840835867185894
-3.0634716601274654
-3.0747175243318443
-3.167779388437397
-3.137624590325728
-3.10111799591666
-3.217212384040797
-3.1033514191006843
-3.1385891479021244
-3.1011179959097763
-3.15759880095319
-3.0936278880484047
-3.1834969951552883
-3.0275436431595395
-3.019859133135011
-3.040117791190092
-3.108140948575807
-3.0555685147068683
-3.1323231110806593
-3.2163952078284734
-3.0780490300597223
-3.1482455131908
-3.0984074132544137
-3.085513978471382
-3.066320119118095
-3.033040568083
-3.062838908238733
-3.0867858070961107
-3.0582540506986944
-3.0923541664596277
-3.1937331394725685
-3.1210973062176413
-3.0984074152870034
-3.1089396926871133
-3.0096854707849636
-3.0902851303696925
-3.123660836306397
-3.1397146988739593
-3.027700616385044
-3.053831639562065
-3.11341513031889
-3.069170354878214
-3.039645642099506
-3.0631552581101507
-3.106863263757625
-3.030369806925539
-3.022366934583834
-3.0239350096669027
-3.072973403117223
-3.0372855848080973
-3.082812500106789
-3.051937621056604
-3.1140548320415395
-3.1166145016490496
-3.0320977664445903
-3.0415345658197057
-3.035241189050372
-3.057148050432426
