0.008446799999999999
0.017548079999999997
0.025958159999999994
0.03214216
0.04161184
0.046757919999999994
0.052476
0.05525728
0.05887736000000002
0.05910808
0.06493480000000001
0.06656888000000002
0.06836112000000001
0.07157256000000002
0.07430504000000003
0.07650192000000003
0.07848816000000003
0.08007856000000003
0.08196504000000003
0.08429912000000003
0.08425888000000006
0.08402608000000004
0.08651304000000005
0.08814336000000005
0.08957512000000005
0.09050288000000004
0.09132992000000005
0.09273224000000006
0.09208368000000007
0.09443624000000009
0.09534648000000008
0.09622408000000007
0.09682152000000008
0.09925088000000006
0.10000600000000008
0.10089272000000009
0.10047680000000007
0.10093400000000012
0.10181512000000006
0.10237576000000011
0.10255408000000008
0.10428768000000009
0.1040204800000001
0.1051732000000001
0.1060448800000001
0.10689056000000009
0.1075760800000001
0.11003080000000011
0.11007152000000012
0.11135864000000012
0.11316568000000013
0.11445496000000009
0.11309232000000012
0.11470192000000011
0.11602848000000013
0.11794264000000013
0.11751600000000012
0.11826472000000013
0.11968088000000013
0.12109824000000012
0.12361608000000011
0.1233454400000001
0.1224636000000001
0.12544632000000008
0.12403728000000011
0.1259214400000001
0.1257403200000001
0.1272036000000001
0.1266606400000001
0.1300057600000001
0.1307294400000001
0.1322171200000001
0.13268920000000012
0.1341285600000001
0.1348460000000001
0.13598128000000012
0.1374131200000001
0.1369147200000001
0.13758032000000012
0.13907264000000008
0.1387709600000001
0.1396138400000001
0.1406390400000001
0.1399735200000001
0.1391683200000001
0.1425377600000001
0.1424785600000001
0.14216960000000006
0.14300240000000009
0.14300232000000007
0.14427632000000007
0.1458670400000001
0.1463392000000001
0.1459834400000001
0.1461000800000001
0.14970184000000014
0.14927840000000012
0.1487730400000001
0.1507397600000001
0.1494632000000001
0.1508752800000001
0.1508243200000001
0.15325960000000008
0.15270144000000008
0.15329720000000013
0.15351280000000012
0.1535026400000001
0.15678736000000013
0.15618848000000007
0.15590096000000012
0.15564304000000012
0.15620464000000012
0.1568716000000001
0.1580037600000001
0.15692584000000012
0.1606456000000001
0.15925352000000012
0.1605849600000001
0.16176944000000013
0.16227752000000012
0.16142312000000011
0.1619067200000001
0.1622903200000001
0.1629089600000001
0.16357272000000012
0.1630682400000001
0.1637118400000001
0.16369640000000016
0.16528800000000016
0.16475216000000015
0.1641436800000001
0.1653622400000001
0.16759136000000008
0.1659017600000001
0.1684924800000001
0.1673456800000001
0.16730280000000008
0.16860680000000006
0.1695660800000001
0.1705658400000001
0.17008208000000008
0.16956048000000007
0.17032016000000008
0.17092464000000007
0.17055584000000007
0.17129504000000007
0.1721137600000001
0.1706596800000001
0.17290360000000007
0.17159336000000006
0.17228408000000006
0.1708588000000001
0.17327784000000004
0.17307848000000003
0.17407256000000004
0.17354952000000007
0.17259512000000007
0.1728480800000001
0.1741271200000001
0.17400176000000006
0.17414576000000012
0.17543640000000005
0.17508264000000007
0.1758893600000001
0.17498984000000006
0.17733872000000006
0.17671672000000005
0.17566040000000005
0.17646144000000002
0.17628560000000007
0.17546888000000002
0.17568688000000005
0.17625056000000008
0.17685104000000007
0.17907960000000003
0.1775066400000001
0.17873904000000007
0.17742848000000008
0.1785930400000001
0.17776832000000006
0.17899480000000012
0.18009048000000008
0.18025000000000005
0.1788624
0.1798410400000001
0.17986480000000007
0.1812270400000001
0.1803341600000001
0.18095944000000005
0.18166128000000006
0.18062880000000006
0.18033664000000005
0.18191352000000002
0.18183344000000004
0.18315312000000006
0.18202736000000005
0.18198912000000006
0.18503328000000002
0.18366672000000006
0.18454256000000005
0.18503360000000005
0.1863608800000001
0.18589992000000002
0.18777392000000004
0.18733424000000004
0.18962968
0.18941272
0.18758688000000004
0.18880096000000002
0.19057352000000002
0.19010744
0.19103744000000003
0.19107983999999997
0.19175408000000005
0.19282616
0.19305144000000002
0.19364304000000002
0.19455856000000002
0.19438016000000005
0.1936352
0.19481008000000002
0.1959748
0.19642336
0.19545704
0.19589335999999996
0.19623975999999999
0.19732311999999996
0.19777464000000003
0.19860984
0.19845431999999996
0.19941936
0.19888584
0.19878936
0.19963096
0.20008215999999993
0.19970536
0.19963999999999996
0.1989584
0.20028616
0.19998863999999997
0.20062119999999997
0.20052159999999994
0.20227688
0.19977767999999999
0.19973848
0.20066775999999997
0.20105551999999993
0.20154335999999998
0.20185311999999997
0.20214815999999997
0.20293672000000001
0.20193239999999998
0.20207064
0.20225255999999994
0.20355303999999994
0.20180159999999997
0.20197543999999992
0.20241479999999995
0.20297015999999996
0.20372679999999999
0.20286887999999997
0.20268527999999997
0.20380839999999995
0.20408351999999996
0.20389807999999998
0.2027724
0.20332279999999994
0.20364407999999998
0.20334551999999995
0.20471743999999995
0.20471159999999994
0.20381431999999994
0.20442479999999993
0.20382392
0.20284583999999994
0.2053396799999999
0.20399047999999997
0.20280215999999993
0.2052953599999999
0.20649647999999993
0.20373703999999992
0.2039119999999999
0.20490735999999996
0.20593711999999992
0.20651399999999992
0.20665399999999995
0.20616855999999995
0.20582479999999992
0.20540695999999994
0.20654031999999994
0.20764087999999992
0.20639543999999993
0.20754239999999993
0.20758047999999985
0.2082079199999999
0.2078742399999999
0.20657935999999988
0.2063047199999999
0.2073566399999999
0.2087806399999999
0.20699655999999986
0.20790807999999988
0.20750807999999993
0.20870343999999988
0.20802831999999988
0.20922031999999988
0.20811567999999986
0.20719559999999987
0.2084542399999999
0.20679319999999982
0.2100835199999999
0.20789351999999992
0.2080128799999999
0.20785367999999985
0.20970791999999985
0.20970615999999986
0.2090746399999999
0.21034415999999984
0.2093582399999999
0.2091770399999999
0.21121015999999987
0.2095882399999999
0.21046295999999987
0.21029503999999985
0.21046295999999987
0.2116579199999999
0.21133351999999983
0.21206775999999988
0.21062071999999987
0.2102363999999999
0.21146935999999988
0.21018327999999983
0.2103095999999999
0.2110604799999999
0.21268583999999988
0.2113122399999999
0.21043303999999993
0.2108617599999999
0.21135247999999987
0.21277527999999987
0.21236071999999986
0.21281207999999988
0.21085687999999986
0.21346655999999986
0.21209135999999984
0.2134626399999999
0.2117404799999999
0.21277751999999983
0.2122503999999999
0.21067687999999987
0.21379543999999984
0.21114495999999988
0.21124055999999986
0.2119735999999999
0.2108267999999999
0.2125915199999999
0.21164943999999988
0.2110467999999998
0.21186583999999992
0.21252327999999984
0.21118583999999987
0.2120130399999999
0.21201887999999985
0.21147375999999984
0.21129519999999988
0.21264951999999987
0.21125879999999989
0.21248143999999988
0.21149047999999993
0.21388015999999987
0.21265479999999987
0.21259847999999987
0.21354991999999984
0.2125116799999999
0.21260799999999985
0.2138000799999999
0.21431311999999983
0.21340247999999984
0.21490335999999985
0.21422551999999986
0.21376767999999985
0.2128076799999999
0.21541807999999985
0.21451591999999983
0.21567567999999981
0.21456655999999985
0.2147175199999998
0.21812711999999979
0.21599335999999983
0.2155555199999998
0.21699511999999982
0.21662959999999987
0.21638111999999984
0.21688839999999984
0.21833767999999984
0.21565863999999987
0.2151726399999998
0.21755383999999986
0.21730335999999986
0.21497487999999984
0.2163629599999998
0.21586167999999983
0.21710575999999981
0.21592263999999983
0.21673447999999984
0.21588303999999983
0.21657255999999983
0.21607967999999986
0.21753175999999982
0.21681343999999986
0.2173447999999998
0.21513175999999984
0.2174040799999998
0.21756535999999982
0.21628575999999985
0.21664183999999984
0.21789711999999983
0.21626743999999987
0.2183118399999998
0.21733815999999984
0.2180230399999998
0.21782079999999981
0.21820703999999985
0.21741823999999987
0.21788663999999983
0.2205255199999998
0.21761159999999985
0.2173344799999998
0.21834303999999985
0.21988775999999985
0.21805135999999986
0.22045759999999984
0.21787807999999986
0.2207670399999998
0.2191240799999999
0.21926119999999982
0.21963847999999986
0.21893647999999985
0.2184484799999999
0.21834591999999986
0.21981855999999986
0.21980087999999984
0.21939311999999986
0.21931119999999985
0.21678063999999986
0.21867327999999986
0.21840063999999987
0.21679655999999983
0.21821935999999983
0.21726479999999984
0.2183524799999999
0.21834807999999983
0.21825535999999984
0.2188411199999999
0.21863415999999986
0.21860119999999983
0.2188995999999998
0.21975487999999985
0.21792095999999983
0.22051479999999984
0.21801023999999988
0.21932991999999987
0.2170390399999999
0.21738207999999987
0.21956039999999988
0.21869847999999992
0.22012847999999985
0.21819407999999993
0.2184122399999998
0.21955911999999989
0.21830479999999988
0.22063015999999988
0.21892663999999987
0.2200085599999998
0.21960111999999987
0.21938527999999988
0.21947911999999983
0.21888295999999982
0.2190788799999999
0.21884543999999992
0.2176796799999999
0.21777767999999983
0.2209038399999998
0.21900791999999988
0.2197259999999999
0.21873903999999986
0.21962263999999987
0.21940279999999987
0.21928663999999984
0.22001823999999984
0.21968415999999982
0.22000191999999988
0.21810199999999988
0.22062031999999984
0.21964791999999986
0.21981103999999987
0.21984743999999984
0.22068343999999981
0.22031207999999988
0.22107231999999988
0.22017831999999984
0.21923847999999985
0.22022759999999983
0.22043191999999986
0.21947143999999985
0.21882367999999983
0.21903375999999988
0.22159247999999987
0.22175351999999982
0.22176183999999988
0.2211616799999999
0.22289671999999983
0.22174279999999985
0.22185215999999983
0.21960135999999986
0.22187279999999984
0.22178551999999985
0.2234078399999998
0.22291703999999984
0.22248655999999986
0.22218047999999982
0.22198671999999983
0.21958511999999986
0.2220351999999998
0.22261287999999987
0.22088863999999983
0.22140063999999984
0.22163463999999983
0.2222014399999998
0.22078631999999987
0.22067623999999986
0.2212027199999998
0.22222567999999981
0.22078527999999983
0.22012599999999988
0.22041223999999981
0.22053975999999983
0.2218804799999998
0.22329479999999985
0.22185839999999987
0.22250711999999986
0.22222143999999983
0.22231143999999983
0.2226462399999998
0.2237747999999998
0.22269775999999983
0.22211231999999984
0.2216611199999998
0.22304959999999976
0.22467447999999984
0.22165999999999983
0.22122895999999984
0.22247023999999982
0.22271431999999983
0.22176319999999983
0.22241055999999987
0.22173703999999983
0.22162199999999985
0.2246033599999998
0.22216391999999982
0.22217095999999983
0.22267583999999982
0.22300743999999983
0.2219708799999998
0.22391407999999977
0.22222679999999978
0.22411991999999983
0.22252959999999983
0.2223435999999998
0.22233271999999973
0.2227321599999998
0.22173335999999982
0.2214493599999998
0.22399327999999982
0.22296375999999982
0.2232896799999998
0.2225911199999998
0.22283295999999986
0.22319791999999986
0.2231009599999998
0.22416167999999984
0.22185799999999983
0.22129823999999984
0.22215919999999983
0.2227202399999998
0.22369247999999978
0.21997231999999983
0.2228311999999998
0.22218007999999984
0.2232755999999998
0.22340727999999982
0.22280343999999982
0.2225811199999998
0.22405727999999986
0.2241485599999998
0.22100935999999982
0.22314335999999982
0.22392191999999977
0.2224776799999998
0.2233163199999998
0.2237435999999998
0.2222373599999998
0.22228751999999982
0.22120199999999982
0.22223919999999986
0.22335775999999977
0.22310287999999975
0.2237858399999998
0.22150351999999982
0.22348055999999977
0.22247751999999982
0.2226418399999998
0.2214858399999998
0.2232226399999998
0.2246935999999998
0.22297519999999982
0.22263495999999983
0.22271103999999975
0.22124743999999982
0.22274599999999978
0.22408287999999976
0.22320127999999978
0.2215150399999998
0.22255399999999984
0.22079839999999984
0.22287871999999978
0.22305063999999977
0.22263135999999986
0.22288343999999985
0.2222950399999998
0.22395671999999983
0.22238855999999985
0.22424919999999982
0.22165207999999978
0.2226281599999998
0.2225737599999998
0.22551407999999978
0.2231063199999998
0.22314391999999983
0.22218647999999977
0.22242383999999976
0.22183935999999982
0.22339303999999982
0.22235871999999976
0.2233646399999998
0.22300463999999975
0.22205327999999983
0.2230463199999998
0.2229445599999998
0.2245451999999998
0.2239165599999998
0.2222269599999998
0.2234972799999998
0.22281951999999983
0.22280007999999982
0.2225699999999998
0.2233679199999998
0.22166687999999982
0.22262583999999982
0.22398431999999982
0.2247283999999998
0.2246892799999998
0.22433175999999982
0.22374919999999981
0.22303751999999977
0.22286759999999983
0.22393327999999987
0.22444503999999982
0.22198711999999982
0.22390807999999976
0.22376735999999983
0.22262519999999986
0.22273207999999978
0.2230577599999998
0.2217571999999998
0.22427895999999983
0.2232756799999998
0.22590263999999982
0.2231114399999998
0.2249480799999998
0.22440591999999981
0.22446319999999984
0.22504111999999982
0.22327695999999977
0.2234132799999998
0.2236646399999998
0.22472407999999977
0.2265842399999998
0.22476487999999983
0.22496799999999986
0.22497079999999983
0.22451967999999983
0.22563231999999986
0.22524063999999985
0.22624623999999982
0.22353111999999986
0.22579423999999984
0.22480863999999984
0.22535407999999987
0.22492959999999987
0.22472655999999985
0.22530063999999986
0.2257089599999998
0.22457743999999985
0.22421671999999984
0.22456207999999983
0.22454847999999988
0.2258623199999999
0.22445839999999986
0.22479335999999983
0.22494727999999983
0.22566159999999982
0.22572159999999983
0.22487255999999983
0.22555959999999986
0.22443599999999983
0.2276607199999999
0.22551415999999988
0.22596495999999988
0.22731103999999985
0.22555767999999982
0.22684127999999987
0.22551015999999988
0.2269984799999999
0.22479583999999986
0.2250641599999999
0.22673911999999985
0.22695343999999987
0.22555927999999983
0.22653071999999988
0.22603543999999987
0.22645319999999983
0.22619607999999986
0.22577127999999988
0.22554023999999984
0.2248977599999999
0.22593311999999988
0.22507223999999984
0.22440239999999986
0.22618391999999987
0.22575199999999987
0.22612695999999985
0.2246083999999999
0.22710975999999988
0.22511119999999984
0.22488831999999984
0.22543911999999988
0.2255086399999999
0.22673615999999988
0.2273823999999999
0.22618055999999986
0.22719911999999987
0.22781199999999985
0.22709639999999987
0.22671175999999985
0.22694079999999986
0.22670343999999987
0.22655951999999985
0.22679631999999983
0.22681895999999985
0.22625903999999986
0.22725751999999985
0.22771519999999984
0.22664999999999988
0.22658327999999986
0.22673791999999984
0.22909415999999985
0.22659143999999987
0.22637511999999987
0.2270571199999999
0.22686263999999984
0.22839599999999988
0.22690399999999988
0.22678447999999984
0.22723591999999987
0.22680239999999988
0.22723127999999984
0.22600631999999987
0.22786167999999982
0.22689127999999986
0.22754143999999987
0.2273918399999999
0.2278315199999999
0.22580159999999988
0.22772583999999985
0.22692031999999987
0.22848263999999982
0.22916151999999987
0.22784431999999985
0.2288490399999999
0.22644823999999988
0.22766943999999983
0.22691639999999988
0.22821127999999988
0.22848247999999985
0.22624791999999988
0.22745991999999984
0.22894351999999987
0.22761823999999986
0.22757047999999988
0.22696815999999986
0.2269347999999999
0.22534919999999986
0.22799663999999986
0.22840311999999988
0.22757151999999992
0.2285526399999998
0.22923615999999988
0.22793799999999984
0.22921151999999986
0.22756935999999986
0.2264627999999999
0.2275127999999999
0.22839295999999984
0.2264497599999999
0.22716855999999985
0.22857087999999987
0.2271744799999999
0.22730823999999988
0.22735927999999986
0.22858983999999988
0.22797191999999986
0.22824367999999987
0.2282575999999999
0.22731783999999994
0.2283488799999999
0.22689887999999991
0.22801607999999987
0.22767679999999987
0.22828287999999994
0.22857119999999992
0.22855983999999985
0.22827087999999984
0.2259915999999999
0.22911071999999988
0.22915583999999992
0.2281869599999999
0.22766279999999992
0.22845151999999988
0.2271591999999999
0.2289065599999999
0.2280955999999999
0.2270948799999999
0.2276285599999999
0.2274975999999999
0.22852143999999988
0.22725999999999985
0.22782359999999993
0.22686143999999986
0.22777279999999986
0.22770591999999987
0.22710391999999985
0.2265331999999999
0.22809119999999988
0.2284825599999999
0.22793543999999988
0.22758647999999987
0.22761439999999994
0.22785207999999987
0.22768815999999992
0.22794743999999986
0.2279755999999999
0.2274257599999999
0.22766959999999986
0.2277563199999999
0.22820375999999987
0.22882439999999993
0.22969847999999987
0.2287899999999999
0.22880063999999986
0.22817671999999992
0.22849375999999988
0.2286898399999999
0.2281291199999999
0.2275806399999999
0.22803591999999986
0.2272743199999999
0.22751223999999992
0.22892527999999987
0.22819615999999993
0.22796167999999986
0.2287947199999999
0.22783687999999988
0.2283029599999999
0.22874455999999987
0.2275481599999999
0.22643551999999986
0.22709559999999993
0.22754543999999993
0.22775087999999985
0.22802791999999988
0.22777999999999993
0.22665127999999993
0.22920319999999988
0.22920695999999985
0.2284359199999999
0.2292180799999999
0.22744647999999987
0.22791231999999986
0.2286584799999999
0.22788807999999988
0.2278942399999999
0.22795127999999987
0.22580759999999994
0.2278292799999999
0.22923767999999986
0.22897583999999985
0.22821855999999993
0.2269138399999999
0.22885535999999995
0.22854671999999993
0.2285421599999999
0.2279975199999999
0.22828839999999992
0.22807031999999988
0.22852927999999992
0.22867311999999987
0.2285983199999999
0.22702303999999987
0.22787847999999988
0.2276947199999999
0.22960671999999988
0.22671951999999987
0.22799511999999988
0.22611671999999988
0.22867663999999988
0.2287310399999999
0.22926103999999994
0.22792335999999988
0.2280386399999999
0.2271978399999999
0.2290202399999999
0.2286231999999999
0.2289935199999999
0.22859375999999987
0.22759679999999988
0.22813799999999987
0.2285250399999999
0.22738247999999991
0.22932247999999994
0.2296169599999999
0.2274667199999999
0.2279168799999999
0.22754503999999987
0.22847439999999986
0.22696759999999994
0.2274476799999999
0.2288437599999999
0.2279242399999999
0.22860159999999993
0.2278510399999999
0.22875391999999992
0.22794783999999985
0.2276084799999999
0.22723711999999988
0.2270791999999999
0.22773407999999992
0.2286262399999999
0.2272307199999999
0.22870271999999986
0.2282583999999999
0.2266353599999999
0.22817831999999993
0.2282392799999999
0.22788567999999987
0.22757623999999993
0.2277398399999999
0.22899471999999985
0.22732167999999991
0.2278948799999999
0.22821591999999988
0.22741311999999994
0.22918455999999987
0.22887671999999987
0.22755151999999992
0.22771471999999993
0.2291214399999999
0.22791887999999985
0.22779575999999988
0.22810255999999987
0.2274097599999999
0.2278183199999999
0.22518135999999994
0.2270296799999999
0.2279509599999999
0.22656991999999992
0.2265829599999999
0.22829287999999992
0.22748535999999986
0.22944759999999992
0.22723599999999988
0.22855871999999988
0.22801583999999991
0.2280479999999999
0.22874335999999992
0.2282326399999999
0.2278627199999999
0.22702815999999995
0.2278583999999999
0.22723655999999992
0.2277392799999999
0.22954431999999986
0.2269703199999999
0.2271541599999999
0.2277064799999999
0.22794423999999988
0.2284431199999999
0.22530639999999993
0.2276846399999999
0.22834607999999992
0.2278416799999999
0.22668935999999992
0.22679191999999992
0.22846511999999994
0.22584223999999992
0.22961215999999987
0.22879415999999989
0.22785695999999991
0.22931823999999992
0.2276451999999999
0.22938727999999992
0.22778135999999993
0.22784255999999992
0.22688231999999992
0.22699495999999997
0.2265549599999999
0.2279968799999999
0.2271782399999999
0.2292425599999999
0.2285238399999999
0.2280600799999999
0.22731767999999986
0.2276150399999999
0.2287722399999999
0.2284590399999999
0.2285685599999999
0.22740399999999994
0.2285663999999999
0.22838479999999994
0.22778375999999986
0.22719567999999993
0.2277927199999999
0.22922287999999988
0.22873415999999988
0.22774623999999988
0.2293412799999999
0.2283212799999999
0.2279330399999999
0.22792639999999995
0.2278662399999999
0.2283893599999999
0.22779439999999987
0.2288268799999999
0.22820967999999986
0.22862455999999992
0.22854943999999985
0.22740367999999994
0.2279011199999999
0.2258706399999999
0.22866223999999988
0.22699207999999987
0.22695103999999994
0.2279853599999999
0.22630351999999987
0.2287286399999999
0.22965007999999987
0.22766343999999986
0.2299203999999999
0.22779431999999988
0.2274895999999999
0.22924071999999993
0.2285006399999999
0.2277950399999999
0.2271567199999999
0.22862303999999983
0.2272059999999999
0.22748263999999987
0.2294308799999999
0.22888967999999987
0.22957663999999992
0.22806263999999987
0.22758575999999991
0.2281642399999999
0.22846263999999994
0.22854839999999987
0.2286313599999999
0.2285475199999999
0.22849351999999992
0.22719415999999992
0.2295436799999999
0.22831567999999994
0.22724351999999992
0.2272772799999999
0.22802071999999993
0.22846279999999988
0.22864679999999984
0.2269995999999999
0.22753407999999994
0.22771471999999993
0.22979727999999988
0.22869775999999986
0.2288006399999999
0.22866583999999984
0.2280903999999999
0.2284759999999999
0.2270418399999999
0.22825767999999985
0.22765791999999993
0.22825255999999988
0.2288799199999999
0.22688975999999988
0.22662943999999993
0.2269091199999999
0.2291247999999999
0.2280865599999999
0.2272152799999999
0.22826463999999994
0.2275175199999999
0.22683919999999994
0.2278940799999999
0.2283351999999999
0.22802815999999992
0.2277507199999999
0.22802943999999992
0.2293119199999999
0.22860823999999988
0.22802007999999993
0.22862991999999985
0.22762263999999988
0.22842127999999992
0.22855255999999988
0.22865135999999986
0.22939327999999992
0.22894823999999991
0.22856839999999987
0.22832639999999987
0.22856215999999993
0.22797215999999984
0.22976527999999988
0.22861487999999988
0.2276411999999999
0.22854943999999988
0.22914943999999993
0.22894415999999984
0.22978183999999988
0.2287811999999999
0.22779463999999985
0.2275143999999999
0.22767527999999992
0.22871487999999993
0.22850559999999986
0.2279784799999999
0.22947407999999986
0.22826559999999987
0.2285367199999999
0.2287703999999999
0.22974847999999992
0.22842943999999987
0.22845183999999988
0.2292904799999999
0.22867919999999992
0.2296063999999999
0.2293686399999999
0.2293119199999999
0.2288317599999999
0.2284531199999999
0.2295311199999999
0.2292781599999999
0.22875367999999988
0.22853207999999992
0.22881007999999992
0.22825863999999993
0.22870999999999989
0.2287748799999999
0.2283247199999999
0.2294155999999999
0.22901799999999986
0.22770871999999986
0.22914031999999987
0.2293215999999999
0.22885471999999984
0.22860343999999994
0.2275165599999999
0.22972463999999992
0.22880471999999988
0.2282284799999999
0.22926471999999987
0.2294490399999999
0.22887127999999987
0.22867415999999988
0.22854383999999991
0.22907479999999983
0.2285540799999999
0.23022575999999986
0.22909943999999988
0.23005175999999988
0.23000215999999987
0.2299573599999999
0.22943383999999992
0.22986743999999992
0.2275763999999999
0.22997719999999988
0.22960391999999985
0.23012471999999992
0.2285515199999999
0.23102247999999992
0.22826063999999985
0.22928367999999985
0.23023319999999992
0.23023775999999987
0.22898095999999984
0.22901727999999985
0.22855375999999986
0.22909551999999983
0.23016695999999986
0.22927535999999984
0.22848711999999988
0.23036751999999988
0.22906663999999985
0.2294817599999999
0.2306622399999999
0.22950703999999983
0.23047831999999993
0.2297877599999999
0.2292282399999999
0.22799319999999987
0.23002815999999984
0.22876279999999988
0.2288488799999999
0.23000311999999987
0.23060183999999986
0.22971143999999985
0.23049039999999985
0.23010831999999987
0.23079271999999984
0.22908455999999988
0.2298377599999999
0.22955479999999992
0.23065079999999988
0.23015863999999986
0.2299210399999999
0.2299252799999999
0.23033455999999985
0.23042959999999987
0.23049591999999985
0.22918823999999988
0.2297668799999999
0.22942255999999986
0.23156391999999987
0.23107831999999986
0.2302627199999999
0.2310100799999999
0.23069295999999986
0.22945351999999988
0.23031631999999985
0.2321528799999999
0.23164135999999985
0.23070111999999987
0.2300357599999999
0.23055471999999988
0.23108335999999988
0.23195151999999988
0.23002543999999986
0.23163791999999983
0.23175607999999992
0.23035559999999985
0.23020071999999991
0.2303987199999999
0.2296475199999999
0.2314863999999999
0.23203591999999987
0.23137727999999988
0.23229431999999986
0.2323237599999998
0.23148103999999986
0.23132223999999987
0.2310463199999999
0.2318288799999999
0.23192479999999985
0.23172935999999986
0.23284631999999983
0.2333095999999999
0.23216983999999982
0.23202727999999984
0.23184271999999986
0.23156719999999986
0.23311055999999986
0.2328468799999999
0.2324463999999999
0.23320975999999988
0.2319057599999999
0.23270239999999986
0.23262223999999987
0.23207223999999985
0.23225807999999992
0.23204239999999987
0.23352391999999988
0.23393535999999984
0.23327759999999986
0.23437119999999986
0.2325993599999999
0.23307679999999986
0.23279271999999984
0.23148511999999985
0.23214759999999987
0.23508911999999987
0.23390943999999983
0.23308199999999984
0.23321535999999987
0.23352007999999988
0.23363423999999988
0.23244687999999988
0.23398199999999988
0.23270703999999984
0.2338491999999999
0.23331143999999984
0.23460823999999988
0.23383663999999985
0.23313023999999985
0.23255095999999992
0.23416255999999983
0.23191415999999987
0.2335118399999999
0.23294975999999984
0.2322870399999999
0.23304543999999985
0.23553047999999988
0.23334367999999991
0.23453359999999987
0.23353623999999987
0.23428495999999988
0.23467671999999987
0.23590111999999988
0.23458847999999988
0.23377639999999983
0.23564375999999984
0.23333863999999985
0.23525607999999984
0.23314015999999987
0.2340003999999999
0.2338499199999999
0.23269271999999983
0.23402927999999984
0.23363943999999987
0.23549495999999984
0.2344550399999999
0.2338383999999999
0.2349511999999999
0.2342407999999999
0.23681047999999985
0.23513951999999988
0.23378623999999984
0.23429639999999985
0.23428871999999987
0.23336183999999985
0.23240175999999987
0.23579847999999984
0.2355993599999998
0.23466399999999982
0.2351407199999999
0.23360231999999986
0.23530463999999982
0.23516119999999982
0.23314935999999986
0.2353195199999999
0.23465375999999982
0.23287431999999988
0.23463799999999985
0.2333854399999999
0.23573327999999982
0.23463111999999986
0.2344115999999999
0.23658143999999987
0.23564063999999987
0.23538839999999983
0.23519343999999984
0.23610591999999986
0.2360119999999999
0.2348475999999999
0.23456263999999988
0.23268559999999983
0.23420751999999984
0.23448087999999984
0.23673199999999983
0.2345241599999999
0.23588895999999987
0.2361375199999999
0.23552599999999985
0.23544703999999986
0.23573311999999982
0.23594087999999985
0.23594879999999985
0.23395431999999988
0.2356816799999999
0.2341731999999999
0.23484735999999987
0.23570871999999984
0.23690487999999985
0.23612975999999988
0.23619959999999984
0.23732703999999985
0.23435679999999987
0.2373177599999999
0.23576855999999988
0.23578911999999988
0.23643767999999987
0.23488919999999985
0.23448055999999987
0.2370724799999999
0.2364058399999999
0.23612095999999988
0.23666063999999992
0.23513391999999986
0.23541631999999985
0.2355827999999999
0.23544151999999985
0.23660327999999986
0.23662535999999984
0.23486943999999987
0.2349078399999999
0.2348162399999999
0.23573615999999986
0.23664031999999988
0.23738015999999987
0.23611751999999986
0.2331421599999999
0.2364371199999999
0.2351450399999999
0.2354455999999999
0.23626311999999988
0.23681151999999986
0.23596855999999986
0.2362701599999999
0.23429383999999984
0.23482351999999987
0.23609975999999985
0.23667687999999992
0.23666823999999995
0.23591431999999987
0.2363008799999999
0.23689735999999986
0.23560503999999988
0.23695903999999984
0.23652135999999988
0.2357174399999999
0.23563575999999992
0.23658135999999996
0.23711575999999987
0.23733823999999984
0.2374313599999999
0.2359838399999999
0.23619719999999986
0.2372014399999999
0.23615559999999988
0.23715247999999986
0.23626343999999988
0.2384248799999999
0.2370539199999999
0.2380467199999999
0.23788519999999988
0.23622263999999987
0.23763767999999988
0.23617103999999986
0.23810143999999983
0.23789319999999986
0.2376445599999999
0.23798407999999985
0.23762079999999985
0.23787783999999987
0.2372743199999999
0.23745823999999985
0.2364886399999999
0.2350107999999999
0.23740231999999983
0.23669223999999986
0.23787855999999985
0.23863343999999986
0.23716695999999993
0.2368836799999999
0.2370883199999999
0.2365111999999999
0.2366648799999999
0.23709983999999987
0.23861807999999984
0.23727311999999984
0.2388445599999999
0.23666711999999981
0.2389031199999999
0.2371792799999999
0.23837743999999986
0.2369535199999999
0.23836783999999983
0.2374929599999999
0.23950807999999985
0.23758047999999987
0.23621359999999986
0.23965831999999987
0.23791159999999983
0.2403358399999999
0.2370005599999999
0.23737151999999986
0.23789751999999992
0.2375934399999999
0.23835543999999984
0.23988215999999987
0.24075055999999986
0.2379288799999999
0.2376303199999999
0.23790047999999986
0.2398931199999999
0.23857207999999988
0.2384704799999999
0.23894663999999988
0.23855231999999987
0.2389737599999999
0.23779799999999987
0.2382135199999999
0.23838863999999993
0.23852615999999993
0.2391315199999999
0.23857703999999988
0.23752103999999988
0.23847807999999987
0.23995871999999988
0.23842735999999987
0.2384510399999999
0.23978335999999992
0.23891159999999992
0.2408067199999999
0.2395777599999999
0.2399164799999999
0.23830511999999993
0.23805519999999988
0.23942951999999992
0.23921687999999988
0.23878167999999989
0.24057711999999992
0.23926015999999997
0.2395951999999999
0.2389290399999999
0.24058143999999992
0.24137399999999992
0.23995807999999985
0.2387140799999999
0.23972815999999994
0.23935911999999987
0.24009583999999992
0.2389701599999999
0.24122935999999992
0.2393811199999999
0.23974815999999993
0.23903879999999994
0.2390099199999999
0.24121543999999992
0.23879215999999992
0.23997447999999996
0.2406311199999999
0.2396444799999999
0.24030927999999985
0.2398652799999999
0.24087879999999992
0.2394867199999999
0.23952167999999993
0.24212351999999995
0.23980071999999988
0.24061255999999986
0.23991255999999989
0.2390624799999999
0.23932319999999993
0.24151271999999985
0.23939375999999993
0.2432523999999999
0.24117767999999992
0.23947743999999985
0.24011279999999996
0.23913831999999988
0.2387051199999999
0.2395400799999999
0.2424435199999999
0.2402647199999999
0.24022551999999994
0.23962223999999993
0.24137631999999992
0.23971695999999995
0.2403498399999999
0.24100391999999993
0.2392929599999999
0.24025567999999992
0.24089735999999992
0.24209127999999994
0.24197407999999992
0.23929871999999988
0.24035847999999987
0.2403883999999999
0.23965103999999993
0.24102567999999994
0.24080079999999993
0.23949279999999992
0.2402789599999999
0.2408781599999999
0.2420823199999999
0.24160783999999993
0.24000135999999997
0.24132903999999988
0.23967687999999995
0.23995392
0.2412236799999999
0.2402604799999999
0.2406181599999999
0.2404370399999999
0.2396051999999999
0.24124743999999992
0.24055639999999992
0.2400176799999999
0.24129943999999992
0.2386316799999999
0.2399159999999999
0.24029727999999992
0.24157167999999993
0.24084271999999995
0.2399183999999999
0.23976767999999993
0.24070791999999994
0.24060663999999987
0.24167503999999995
0.24109135999999992
0.2420787999999999
0.24104535999999996
0.24154151999999984
0.23928151999999994
0.2411144799999999
0.2405884799999999
0.24063375999999986
0.2405790399999999
0.24137431999999992
0.24245799999999995
0.23982343999999994
0.24169031999999993
0.2414865599999999
0.24071543999999992
0.2398688799999999
0.2416329599999999
0.2419809599999999
0.24097143999999993
0.24144159999999992
0.2429702399999999
0.24212343999999988
0.24172631999999994
0.24157319999999996
0.23891119999999993
0.24085407999999986
0.24132719999999988
0.2417993599999999
0.24032143999999991
0.24148119999999995
0.24141455999999992
0.24108175999999998
0.24216095999999993
0.24152415999999988
0.24169247999999993
0.24055575999999992
0.24199479999999987
0.24190543999999992
0.24042391999999996
0.24098583999999995
0.24186759999999993
0.2421007199999999
0.2417875199999999
0.24118079999999992
0.24093775999999995
0.24217375999999988
0.24136007999999992
0.24112695999999992
0.24075375999999996
0.24232887999999997
0.24204015999999992
0.24100975999999993
0.2412862399999999
0.2423872799999999
0.24051151999999987
0.24125135999999991
0.24064447999999994
0.2421351199999999
0.24247143999999993
0.24336079999999996
0.2404023999999999
0.24189607999999996
0.24064759999999993
0.24240919999999996
0.2416775999999999
0.24148743999999994
0.24122687999999992
0.24182423999999994
0.24051367999999992
0.2409431999999999
0.24461311999999996
0.24335047999999998
0.24168623999999994
0.24127999999999994
0.24164247999999994
0.24356119999999998
0.24290559999999994
0.24246799999999993
0.24405959999999993
0.24262415999999995
0.24144719999999992
0.2439495999999999
0.2434778399999999
0.24499607999999995
0.24440391999999997
0.24503727999999994
0.2425895999999999
0.24362167999999992
0.24222927999999994
0.24337303999999993
0.24461495999999996
0.24036687999999995
0.24514327999999996
0.24462031999999997
0.24238327999999995
0.24172247999999988
0.24232631999999996
0.2448387199999999
0.24274879999999996
0.24322271999999992
0.24158727999999996
0.24310263999999995
0.24422711999999996
0.2415099199999999
0.2428569599999999
0.24336455999999995
0.24337863999999995
0.24352407999999992
0.24351079999999997
0.24142119999999995
0.24384151999999992
0.24341031999999999
0.2443759999999999
0.24381519999999998
0.24431999999999995
0.24139079999999993
0.24360775999999995
0.24446911999999998
0.24356103999999995
0.24390215999999992
0.24388431999999993
0.24265295999999992
0.24459951999999993
0.24299319999999994
0.24335575999999995
0.24407511999999998
0.24260056
0.24425615999999994
0.24263495999999996
0.24339215999999997
0.24243879999999993
0.24233928
0.24302727999999996
0.24407887999999997
0.24368855999999994
0.24411671999999995
0.24230975999999996
0.24403567999999998
0.24307839999999994
0.24334207999999996
0.24405047999999996
0.2445724
0.24376768
0.24479695999999992
0.24472855999999996
0.24503192
0.24549928000000001
0.24438104
0.24611183999999997
0.24533727999999996
0.24613479999999996
0.2458366399999999
0.24645712
0.24623463999999992
0.24311135999999997
0.24491976
0.24530719999999998
0.24387135999999998
0.24576744
0.24600727999999994
0.24360751999999994
0.24423735999999996
0.2451966399999999
0.24463455999999997
0.24359511999999994
0.24394087999999997
0.24481719999999996
0.24385655999999997
0.24391927999999996
0.24464511999999997
0.24592328
0.24464047999999994
0.24517639999999996
0.24638471999999997
0.24404623999999994
0.24401343999999997
0.24485679999999999
0.24498416000000003
0.24549255999999992
0.24452167999999996
0.24454871999999997
0.24522151999999997
0.24552919999999998
0.24499103999999997
0.24598463999999998
0.2467248
0.24525695999999997
0.24406367999999992
0.24595199999999995
0.24591319999999997
0.24529472
0.24632544
0.24707119999999996
0.24613567999999997
0.24529055999999994
0.24654999999999996
0.24714903999999996
0.24733999999999995
0.24733871999999996
0.24563271999999997
0.24693887999999994
0.24676447999999998
0.24668839999999992
0.24641775999999996
0.24513607999999998
0.24572215999999994
0.2462572
0.24755839999999996
0.24566519999999997
0.24683839999999996
0.24595471999999993
0.24577855999999998
0.24725727999999997
0.24569567999999994
0.24486511999999994
0.24775736
0.24676319999999996
0.24737464000000003
0.24689439999999999
0.24714095999999997
0.24871487999999997
0.24892431999999995
0.24625463999999994
0.24720807999999997
0.24641999999999997
0.24821952
0.24726935999999994
0.24637455999999996
0.24791271999999995
0.24794551999999995
0.24649712
0.24760536
0.24702247999999996
0.24742688
0.24780447999999997
0.24569111999999993
0.24787656
0.24785343999999995
0.24780239999999998
0.24842895999999995
0.24688239999999997
0.24731592
0.24766448
0.24906767999999993
0.24847624
0.2486136
0.24777280000000002
0.24761351999999995
0.24804432
0.24752375999999998
0.24789271999999996
0.24666959999999996
0.24900351999999998
0.24733967999999998
0.24844007999999998
0.2485468
0.24963559999999999
0.24863239999999998
0.2494280799999999
0.25005352
0.24861047999999997
0.24886871999999996
0.25012520000000005
0.24893815999999996
0.2492516
0.24841903999999995
0.24861847999999998
0.24809695999999998
0.24891968000000003
0.24953479999999995
0.24945824000000003
0.24891896
0.25038119999999997
0.25040328
0.24871423999999998
0.25007992
0.24937319999999996
0.24961544000000002
0.24993047999999998
0.24917976
0.25047112
0.25005712
0.25018344
0.25041448000000005
0.24885159999999998
0.2504656800000001
0.24978552000000004
0.24848560000000003
0.25013008000000003
0.24924368000000002
0.25089952
0.2500408
0.2513788799999999
0.24972872000000002
0.24938824000000004
0.25015496000000004
0.25055496
0.24988688000000003
0.25062999999999996
0.24887816000000004
0.24999648000000005
0.25146895999999996
0.24992319999999998
0.25083512
0.25052864
0.25023392
0.2506128
0.25176192000000003
0.25081232
0.25126592000000003
0.25295256
0.25142248
0.25164112
0.25002592
0.25020951999999996
0.25099032
0.25011007999999996
0.25050744
0.25023967999999996
0.2503836
0.24983784
0.24981183999999998
0.25126432
0.250074
0.24999615999999997
0.250322
0.25023320000000004
0.251648
0.25127576
0.2513124
0.25122512
0.25276064000000004
0.25125672
0.2524596
0.2507484
0.25143503999999994
0.24962296000000003
0.25164136000000004
0.25142304
0.2508224
0.25217648
0.25123416000000004
0.25322120000000004
0.25085352
0.24989544
0.2507512
0.25066304
0.24994736
0.2510078399999999
0.25154224
0.25119792
0.25274472000000003
0.24990208000000003
0.25070304
0.2517852
0.25259912
0.25089591999999994
0.25167496
0.2507804
0.25200288
0.25148592000000003
0.251296
0.25078872
0.25335912
0.25162328
0.25163752
0.25106175999999997
0.25049415999999997
0.2506208
0.25091496
0.25293576
0.25149471999999995
0.25088144
0.25177847999999997
0.25213127999999996
0.25225336
