0.03721600000000002
0.04625599999999996
0.04900000000000003
0.049004
0.05839599999999999
0.06127600000000003
0.06567200000000001
0.07172800000000006
0.07172800000000006
0.07172800000000006
0.07656400000000005
0.07656400000000005
0.08928800000000008
0.08928800000000008
0.08928800000000008
0.0907760000000001
0.09264000000000007
0.09264000000000007
0.09264000000000007
0.09533200000000006
0.09594800000000009
0.09594800000000009
0.09594800000000009
0.104524
0.104524
0.104524
0.104524
0.10809600000000003
0.10809600000000003
0.10809600000000003
0.10809600000000003
0.10809600000000003
0.10809600000000003
0.11043600000000017
0.11058800000000008
0.11058800000000008
0.11058800000000008
0.11058800000000008
0.11080800000000024
0.11080800000000024
0.11080800000000024
0.11444000000000012
0.11746400000000012
0.11746400000000012
0.11746400000000012
0.11746400000000012
0.11746400000000012
0.12255200000000009
0.12324400000000008
0.12324400000000008
0.1258120000000001
0.1258120000000001
0.1258120000000001
0.12718400000000024
0.1307280000000001
0.1307280000000001
0.1307280000000001
0.1307280000000001
0.13485200000000028
0.13485200000000028
0.1352840000000002
0.1357920000000002
0.1357920000000002
0.1357920000000002
0.1357920000000002
0.1364360000000001
0.1364360000000001
0.13865600000000006
0.14574800000000013
0.14574800000000013
0.14574800000000013
0.16167600000000004
0.16167600000000004
0.16167600000000004
0.16167600000000004
0.16167600000000004
0.16167600000000004
0.16167600000000004
0.16167600000000004
0.16167600000000004
0.16167600000000004
0.16167600000000004
0.16167600000000004
0.16167600000000004
0.16167600000000004
0.16167600000000004
0.16167600000000004
0.16167600000000004
0.16167600000000004
0.16167600000000004
0.1695320000000001
0.1695320000000001
0.1695320000000001
0.1695320000000001
0.1695320000000001
0.1695320000000001
0.1695320000000001
0.1695320000000001
0.1695320000000001
0.1695320000000001
0.1695320000000001
0.1695320000000001
0.1695320000000001
0.1695320000000001
0.1695320000000001
0.1695320000000001
0.17048000000000008
0.17671200000000015
0.17671200000000015
0.17671200000000015
0.17671200000000015
0.17671200000000015
0.17671200000000015
0.17671200000000015
0.17671200000000015
0.17671200000000015
0.17671200000000015
0.17671200000000015
0.17671200000000015
0.17671200000000015
0.17671200000000015
0.17671200000000015
0.17671200000000015
0.17794000000000004
0.17794000000000004
0.17794000000000004
0.17794000000000004
0.17794000000000004
0.17794000000000004
0.17794000000000004
0.17794000000000004
0.17794000000000004
0.181236
0.181236
0.181236
0.181236
0.181236
0.181236
0.181236
0.181236
0.181312
0.181312
0.181312
0.18379199999999998
0.18379199999999998
0.18379199999999998
0.18379199999999998
0.18379199999999998
0.1846
0.1846
0.184704
0.184704
0.184704
0.184704
0.184704
0.184704
0.184704
0.184704
0.184704
0.184704
0.184704
0.184704
0.184704
0.18476400000000007
0.18784000000000015
0.18784000000000015
0.18784000000000015
0.18784000000000015
0.18784000000000015
0.18784000000000015
0.18784000000000015
0.18784000000000015
0.18784000000000015
0.18784000000000015
0.189504
0.19108000000000003
0.19108000000000003
0.19108000000000003
0.19108000000000003
0.19108000000000003
0.19440400000000008
0.19440400000000008
0.19440400000000008
0.19440400000000008
0.19440400000000008
0.19440400000000008
0.19440400000000008
0.19440400000000008
0.19440400000000008
0.19794399999999998
0.19794399999999998
0.19794399999999998
0.19794399999999998
0.19794399999999998
0.19794399999999998
0.19794399999999998
0.19794399999999998
0.19799200000000006
0.19799200000000006
0.2044079999999999
0.2044079999999999
0.2044079999999999
0.2044079999999999
0.2050679999999999
0.2050679999999999
0.2050679999999999
0.2050679999999999
0.2050679999999999
0.2050679999999999
0.2050679999999999
0.2050679999999999
0.2050679999999999
0.2050679999999999
0.2050679999999999
0.205612
0.205612
0.2084799999999999
0.2084799999999999
0.2084799999999999
0.2084799999999999
0.21545199999999973
0.21545199999999973
0.21545199999999973
0.21545199999999973
0.21545199999999973
0.21545199999999973
0.21545199999999973
0.21545199999999973
0.21545199999999973
0.21545199999999973
0.21545199999999973
0.21545199999999973
0.21545199999999973
0.21545199999999973
0.21545199999999973
0.21545199999999973
0.21545199999999973
0.21545199999999973
0.21545199999999973
0.21545199999999973
0.21545199999999973
0.21545199999999973
0.21545199999999973
0.21545199999999973
0.21545199999999973
0.21545199999999973
0.21545199999999973
0.21545199999999973
0.21545199999999973
0.21545199999999973
0.21545199999999973
0.21545199999999973
0.21545199999999973
0.21545199999999973
0.21763599999999983
0.21763599999999983
0.21763599999999983
0.21763599999999983
0.21763599999999983
0.21763599999999983
0.21763599999999983
0.21763599999999983
0.21763599999999983
0.21763599999999983
0.21763599999999983
0.21763599999999983
0.21763599999999983
0.21763599999999983
0.21763599999999983
0.21763599999999983
0.21763599999999983
0.21763599999999983
0.21763599999999983
0.21763599999999983
0.21900799999999976
0.21900799999999976
0.21900799999999976
0.21900799999999976
0.22665999999999964
0.22665999999999964
0.22665999999999964
0.22665999999999964
0.22665999999999964
0.22665999999999964
0.22665999999999964
0.22665999999999964
0.22665999999999964
0.22665999999999964
0.22665999999999964
0.22665999999999964
0.22665999999999964
0.22665999999999964
0.22665999999999964
0.22665999999999964
0.22665999999999964
0.22665999999999964
0.22665999999999964
0.22665999999999964
0.22665999999999964
0.22665999999999964
0.22665999999999964
0.22665999999999964
0.22665999999999964
0.22665999999999964
0.22665999999999964
0.22665999999999964
0.22665999999999964
0.22665999999999964
0.22665999999999964
0.22665999999999964
0.22665999999999964
0.22665999999999964
0.22665999999999964
0.22665999999999964
0.22665999999999964
0.22665999999999964
0.22665999999999964
0.22665999999999964
0.22665999999999964
0.22665999999999964
0.22665999999999964
0.22665999999999964
0.2284279999999998
0.2284279999999998
0.2284279999999998
0.2284279999999998
0.2284279999999998
0.2284279999999998
0.2284279999999998
0.2284279999999998
0.2284279999999998
0.2284279999999998
0.2284279999999998
0.2284279999999998
0.2284279999999998
0.2284279999999998
0.2284279999999998
0.2284279999999998
0.2284279999999998
0.2284279999999998
0.2284279999999998
0.2284279999999998
0.2284279999999998
0.2284279999999998
0.2284279999999998
0.2284279999999998
0.2284279999999998
0.2284279999999998
0.2284279999999998
0.2284279999999998
0.2284279999999998
0.2284279999999998
0.2284279999999998
0.2284279999999998
0.2284279999999998
0.2284279999999998
0.2284279999999998
0.2284279999999998
0.2284279999999998
0.2284279999999998
0.2284279999999998
0.2284279999999998
0.2284279999999998
0.2284279999999998
0.2284279999999998
0.2284279999999998
0.2284279999999998
0.2284279999999998
0.2284279999999998
0.2284279999999998
0.2284279999999998
0.2284279999999998
0.2284279999999998
0.2284279999999998
0.2301559999999998
0.2301559999999998
0.2301559999999998
0.2301559999999998
0.2301559999999998
0.2301559999999998
0.2301559999999998
0.2301559999999998
0.23217599999999974
0.23217599999999974
0.23217599999999974
0.23217599999999974
0.23217599999999974
0.23217599999999974
0.23217599999999974
0.23217599999999974
0.23217599999999974
0.23217599999999974
0.23217599999999974
0.23217599999999974
0.23217599999999974
0.23217599999999974
0.23217599999999974
0.23217599999999974
0.23217599999999974
0.23217599999999974
0.23217599999999974
0.23217599999999974
0.23217599999999974
0.23217599999999974
0.23217599999999974
0.23217599999999974
0.23217599999999974
0.23217599999999974
0.23217599999999974
0.23217599999999974
0.23217599999999974
0.23217599999999974
0.23217599999999974
0.23217599999999974
0.23217599999999974
0.23217599999999974
0.23217599999999974
0.23217599999999974
0.23217599999999974
0.23217599999999974
0.23217599999999974
0.23217599999999974
0.23217599999999974
0.23217599999999974
0.23217599999999974
0.23217599999999974
0.23217599999999974
0.23217599999999974
0.23217599999999974
0.23217599999999974
0.23217599999999974
0.23217599999999974
0.23217599999999974
0.23217599999999974
0.23584799999999978
0.23584799999999978
0.23584799999999978
0.23584799999999978
0.23584799999999978
0.23584799999999978
0.23584799999999978
0.23584799999999978
0.23584799999999978
0.23584799999999978
0.23584799999999978
0.23584799999999978
0.23584799999999978
0.23584799999999978
0.23584799999999978
0.23584799999999978
0.23584799999999978
0.23584799999999978
0.23584799999999978
0.23584799999999978
0.23584799999999978
0.23584799999999978
0.23584799999999978
0.23584799999999978
0.23584799999999978
0.23584799999999978
0.23584799999999978
0.23584799999999978
0.23584799999999978
0.23584799999999978
0.23584799999999978
0.23584799999999978
0.23584799999999978
0.23584799999999978
0.23584799999999978
0.23584799999999978
0.23584799999999978
0.23584799999999978
0.23584799999999978
0.23584799999999978
0.23584799999999978
0.23584799999999978
0.23584799999999978
0.23584799999999978
0.23584799999999978
0.23584799999999978
0.23584799999999978
0.23584799999999978
0.23584799999999978
0.23584799999999978
0.23584799999999978
0.23584799999999978
0.23584799999999978
0.23584799999999978
0.23584799999999978
0.23584799999999978
0.23584799999999978
0.23584799999999978
0.23584799999999978
0.23584799999999978
0.23584799999999978
0.23584799999999978
0.23584799999999978
0.23584799999999978
0.23584799999999978
0.2374519999999997
0.2374519999999997
0.2374519999999997
0.2374519999999997
0.2374519999999997
0.2374519999999997
0.2374519999999997
0.2374519999999997
0.2374519999999997
0.2374519999999997
0.2374519999999997
0.2374519999999997
0.2374519999999997
0.2374519999999997
0.2374519999999997
0.2374519999999997
0.2374519999999997
0.2374519999999997
0.2374519999999997
0.2374519999999997
0.2374519999999997
0.2374519999999997
0.2374519999999997
0.2374519999999997
0.2374519999999997
0.2374519999999997
0.2374519999999997
0.2374519999999997
0.2374519999999997
0.2374519999999997
0.2374519999999997
0.2374519999999997
0.2374519999999997
0.2374519999999997
0.2374519999999997
0.2374519999999997
0.2374519999999997
0.2374519999999997
0.2374519999999997
0.2374519999999997
0.2374519999999997
0.2374519999999997
0.2374519999999997
0.2374519999999997
0.2374519999999997
0.2374519999999997
0.2374519999999997
0.2374519999999997
0.2374519999999997
0.2374519999999997
0.2374519999999997
0.2374519999999997
0.2374519999999997
0.2374519999999997
0.2374519999999997
0.2374519999999997
0.2374519999999997
0.2374519999999997
0.2374519999999997
0.2374519999999997
0.2374519999999997
0.2374519999999997
0.2374519999999997
0.2374519999999997
0.2374519999999997
0.2374519999999997
0.2374519999999997
0.2374519999999997
0.2374519999999997
0.2374519999999997
0.2374519999999997
0.2374519999999997
0.2374519999999997
0.2374519999999997
0.2374519999999997
0.2374519999999997
0.2374519999999997
0.2374519999999997
0.2374519999999997
0.2374519999999997
0.2374519999999997
0.2374519999999997
0.2374519999999997
0.2374519999999997
0.2374519999999997
0.2374519999999997
0.2374519999999997
0.2374519999999997
0.2374519999999997
0.2374519999999997
0.2374519999999997
0.2374519999999997
0.2374519999999997
0.2374519999999997
0.2374519999999997
0.2374519999999997
0.2374519999999997
0.2374519999999997
0.2374519999999997
0.2374519999999997
0.2374519999999997
0.2374519999999997
0.2374519999999997
0.2374519999999997
0.2374519999999997
0.2374519999999997
0.2374519999999997
0.2374519999999997
0.2374519999999997
0.2374519999999997
0.2374519999999997
0.2374519999999997
0.2374519999999997
0.2374519999999997
0.2374519999999997
0.2374519999999997
0.2374519999999997
0.2374519999999997
0.2374519999999997
0.2374519999999997
0.2374519999999997
0.2374519999999997
0.2374519999999997
0.2374519999999997
0.2374519999999997
0.2374519999999997
0.2374519999999997
0.2374519999999997
0.2374519999999997
0.2374519999999997
0.2374519999999997
0.2374519999999997
0.2374519999999997
0.2374519999999997
0.2374519999999997
0.2374519999999997
0.2374519999999997
0.2374519999999997
0.2374519999999997
0.2374519999999997
0.2374519999999997
0.2374519999999997
0.2374519999999997
0.2374519999999997
0.2374519999999997
0.2374519999999997
0.2374519999999997
0.2374519999999997
0.2374519999999997
0.2374519999999997
0.2374519999999997
0.2374519999999997
0.2374519999999997
0.2374519999999997
0.2374519999999997
0.2374519999999997
0.2374519999999997
0.2374519999999997
0.2374519999999997
0.2374519999999997
0.2374519999999997
0.2374519999999997
0.2374519999999997
0.2374519999999997
0.2374519999999997
0.2374519999999997
0.2374519999999997
0.2374519999999997
0.2374519999999997
0.2374519999999997
0.2374519999999997
0.2374519999999997
0.2374519999999997
0.2374519999999997
0.2374519999999997
0.2374519999999997
0.2374519999999997
0.2374519999999997
0.2374519999999997
0.2374519999999997
0.23747599999999974
0.23747599999999974
0.23747599999999974
0.23747599999999974
0.23747599999999974
0.23747599999999974
0.23926799999999968
0.24020399999999978
0.24020399999999978
0.24020399999999978
0.24020399999999978
0.24020399999999978
0.24020399999999978
0.24020399999999978
0.24020399999999978
0.24020399999999978
0.24020399999999978
0.24020399999999978
0.24020399999999978
0.24020399999999978
0.24020399999999978
0.24020399999999978
0.24020399999999978
0.24020399999999978
0.24020399999999978
0.24020399999999978
0.24020399999999978
0.24020399999999978
0.24020399999999978
0.24020399999999978
0.24020399999999978
0.24020399999999978
0.24020399999999978
0.24020399999999978
0.24020399999999978
0.24020399999999978
0.24020399999999978
0.24020399999999978
0.24020399999999978
0.24020399999999978
0.24020399999999978
0.24020399999999978
0.2404199999999998
0.2404199999999998
0.2404199999999998
0.2404199999999998
0.2404199999999998
0.2404199999999998
0.2404199999999998
0.2404199999999998
0.2404199999999998
0.2404199999999998
0.2404199999999998
0.2404199999999998
0.2404199999999998
0.2404199999999998
0.2404199999999998
0.2404199999999998
0.2404199999999998
0.2404199999999998
0.2404199999999998
0.2404199999999998
0.2404199999999998
0.2404199999999998
0.2404199999999998
0.2404199999999998
0.2404199999999998
0.2404199999999998
0.2404199999999998
0.24048799999999979
0.24048799999999979
0.24048799999999979
0.24048799999999979
0.24048799999999979
0.24048799999999979
0.24048799999999979
0.24048799999999979
0.24048799999999979
0.24048799999999979
0.24048799999999979
0.24048799999999979
0.24048799999999979
0.24048799999999979
0.24048799999999979
0.24048799999999979
0.24048799999999979
0.24048799999999979
0.24048799999999979
0.24048799999999979
0.24048799999999979
0.24048799999999979
0.24048799999999979
0.24048799999999979
0.24048799999999979
0.24048799999999979
0.24048799999999979
0.24048799999999979
0.24048799999999979
0.24048799999999979
0.24048799999999979
0.24048799999999979
0.24048799999999979
0.24048799999999979
0.24048799999999979
0.24048799999999979
0.24048799999999979
0.24048799999999979
0.24048799999999979
0.24048799999999979
0.24048799999999979
0.24048799999999979
0.24048799999999979
0.24048799999999979
0.24048799999999979
0.24048799999999979
0.24048799999999979
0.24048799999999979
0.24048799999999979
0.24048799999999979
0.24048799999999979
0.24048799999999979
0.24048799999999979
0.24048799999999979
0.24048799999999979
0.24048799999999979
0.24048799999999979
0.24048799999999979
0.24048799999999979
0.24048799999999979
0.24048799999999979
0.24048799999999979
0.24048799999999979
0.24048799999999979
0.24048799999999979
0.24048799999999979
0.24048799999999979
0.24048799999999979
0.24048799999999979
0.24048799999999979
0.24048799999999979
0.24048799999999979
0.24048799999999979
0.24048799999999979
0.24048799999999979
0.24048799999999979
0.24048799999999979
0.24048799999999979
0.24048799999999979
0.24048799999999979
0.24048799999999979
0.24048799999999979
0.24048799999999979
0.24048799999999979
0.24048799999999979
0.24048799999999979
0.24048799999999979
0.24048799999999979
0.24048799999999979
0.24048799999999979
0.24048799999999979
0.24048799999999979
0.24048799999999979
0.24048799999999979
0.24048799999999979
0.24048799999999979
0.24048799999999979
0.24048799999999979
0.24048799999999979
0.24048799999999979
0.24048799999999979
0.24048799999999979
0.24048799999999979
0.24048799999999979
0.24048799999999979
0.24048799999999979
0.24048799999999979
0.24048799999999979
0.24048799999999979
0.24048799999999979
0.24048799999999979
0.24048799999999979
0.24048799999999979
0.24048799999999979
0.24048799999999979
0.24048799999999979
0.24048799999999979
0.24048799999999979
0.24048799999999979
0.24048799999999979
0.24048799999999979
0.24048799999999979
0.24048799999999979
0.24048799999999979
0.24048799999999979
0.24048799999999979
0.24048799999999979
0.24048799999999979
0.24048799999999979
0.24048799999999979
0.24048799999999979
0.24048799999999979
0.24048799999999979
0.24048799999999979
0.24048799999999979
0.24048799999999979
0.24048799999999979
0.24048799999999979
0.24048799999999979
0.24048799999999979
0.24048799999999979
0.24048799999999979
0.24048799999999979
0.24048799999999979
0.24048799999999979
0.24048799999999979
0.24048799999999979
0.24048799999999979
0.24048799999999979
0.24048799999999979
0.24048799999999979
0.24048799999999979
0.24048799999999979
0.24048799999999979
0.24048799999999979
0.24048799999999979
0.24048799999999979
0.24231999999999984
0.24231999999999984
0.24231999999999984
0.24231999999999984
0.24231999999999984
0.24231999999999984
0.24231999999999984
0.24231999999999984
0.24231999999999984
0.24231999999999984
0.24231999999999984
0.24231999999999984
0.24231999999999984
0.24231999999999984
0.24231999999999984
0.24231999999999984
0.24231999999999984
0.24231999999999984
0.24231999999999984
0.24231999999999984
0.24231999999999984
0.24231999999999984
0.24231999999999984
0.24231999999999984
0.24231999999999984
0.24231999999999984
0.24231999999999984
0.24231999999999984
0.24231999999999984
0.24231999999999984
0.24231999999999984
0.24231999999999984
0.24231999999999984
0.24231999999999984
0.24231999999999984
0.24231999999999984
0.24231999999999984
0.24231999999999984
0.24231999999999984
0.24231999999999984
0.24231999999999984
0.24231999999999984
0.24231999999999984
0.24231999999999984
0.24231999999999984
0.24231999999999984
0.24231999999999984
0.24231999999999984
0.24231999999999984
0.24231999999999984
0.24231999999999984
0.24231999999999984
0.24231999999999984
0.24231999999999984
0.24231999999999984
0.24231999999999984
0.24231999999999984
0.24231999999999984
0.24231999999999984
0.24231999999999984
0.24231999999999984
0.24231999999999984
0.24231999999999984
0.24231999999999984
0.24231999999999984
0.24231999999999984
0.24231999999999984
0.24231999999999984
0.24231999999999984
0.24231999999999984
0.24231999999999984
0.24231999999999984
0.24231999999999984
0.24231999999999984
0.24231999999999984
0.24231999999999984
0.24231999999999984
0.24231999999999984
0.24231999999999984
0.24231999999999984
0.24231999999999984
0.24231999999999984
0.24231999999999984
0.24231999999999984
0.24231999999999984
0.24231999999999984
0.24231999999999984
0.24231999999999984
0.24231999999999984
0.24231999999999984
0.24231999999999984
0.24231999999999984
0.24231999999999984
0.24231999999999984
0.24231999999999984
0.24231999999999984
0.24231999999999984
0.24231999999999984
0.24231999999999984
0.24231999999999984
0.24231999999999984
0.24231999999999984
0.24231999999999984
0.24231999999999984
0.24231999999999984
0.24231999999999984
0.24231999999999984
0.24231999999999984
0.24231999999999984
0.24231999999999984
0.24231999999999984
0.24231999999999984
0.24231999999999984
0.24231999999999984
0.24231999999999984
0.24231999999999984
0.24231999999999984
0.24231999999999984
0.24231999999999984
0.24231999999999984
0.24231999999999984
0.24231999999999984
0.24231999999999984
0.24231999999999984
0.24231999999999984
0.24231999999999984
0.24231999999999984
0.24231999999999984
0.24231999999999984
0.24231999999999984
0.24231999999999984
0.24231999999999984
0.24231999999999984
0.24231999999999984
0.24231999999999984
0.24231999999999984
0.24231999999999984
0.24231999999999984
0.24231999999999984
0.24231999999999984
0.24231999999999984
0.24231999999999984
0.24231999999999984
0.24231999999999984
0.24231999999999984
0.24231999999999984
0.24231999999999984
0.24231999999999984
0.24231999999999984
0.24231999999999984
0.24231999999999984
0.24231999999999984
0.24231999999999984
0.24231999999999984
0.24231999999999984
0.24231999999999984
0.24231999999999984
0.24231999999999984
0.24231999999999984
0.24231999999999984
0.24231999999999984
0.24231999999999984
0.24231999999999984
0.24231999999999984
0.24231999999999984
0.24231999999999984
0.24231999999999984
0.24231999999999984
0.24231999999999984
0.24231999999999984
0.24231999999999984
0.24231999999999984
0.24231999999999984
0.24231999999999984
0.24231999999999984
0.24231999999999984
0.24231999999999984
0.24231999999999984
0.24231999999999984
0.24231999999999984
0.24231999999999984
0.24231999999999984
0.24231999999999984
0.24231999999999984
0.24231999999999984
0.24231999999999984
0.24231999999999984
0.24231999999999984
0.24231999999999984
0.24231999999999984
0.24231999999999984
0.24231999999999984
0.24231999999999984
0.24231999999999984
0.24231999999999984
0.24231999999999984
0.24231999999999984
0.24231999999999984
0.24231999999999984
0.24231999999999984
0.24231999999999984
0.24231999999999984
0.24231999999999984
0.24231999999999984
0.24231999999999984
0.24231999999999984
0.24231999999999984
0.24231999999999984
0.24231999999999984
0.24231999999999984
0.24231999999999984
0.24231999999999984
0.24231999999999984
0.24231999999999984
0.24231999999999984
0.24231999999999984
0.24231999999999984
0.24231999999999984
0.24231999999999984
0.24231999999999984
0.24231999999999984
0.24231999999999984
0.24231999999999984
0.24231999999999984
0.24231999999999984
0.24231999999999984
0.24231999999999984
0.24231999999999984
0.24231999999999984
0.24231999999999984
0.24231999999999984
0.24231999999999984
0.24231999999999984
0.24231999999999984
0.24231999999999984
0.24231999999999984
0.24231999999999984
0.24231999999999984
0.24231999999999984
0.24231999999999984
0.24231999999999984
0.24231999999999984
0.24231999999999984
0.24231999999999984
0.24231999999999984
0.24231999999999984
0.24231999999999984
0.24231999999999984
0.24231999999999984
0.24231999999999984
0.24231999999999984
0.24231999999999984
0.24231999999999984
0.24231999999999984
0.24231999999999984
0.24231999999999984
0.24231999999999984
0.24231999999999984
0.24231999999999984
0.24231999999999984
0.24231999999999984
0.24231999999999984
0.24231999999999984
0.24231999999999984
0.24231999999999984
0.24231999999999984
0.24231999999999984
0.24231999999999984
0.2425239999999998
0.2425239999999998
0.2425239999999998
0.2425239999999998
0.2425239999999998
0.2425239999999998
0.2425239999999998
0.2425239999999998
0.2425239999999998
0.2425239999999998
0.2425239999999998
0.2425239999999998
0.2425239999999998
0.2425239999999998
0.2425239999999998
0.2425239999999998
0.2425239999999998
0.2425239999999998
0.2425239999999998
0.2425239999999998
0.2425239999999998
0.2425239999999998
0.2425239999999998
0.2425239999999998
0.2425239999999998
0.2425239999999998
0.2425239999999998
0.2425239999999998
0.24347199999999974
0.24347199999999974
0.24347199999999974
0.24347199999999974
0.24347199999999974
0.24347199999999974
0.24347199999999974
0.24347199999999974
0.24347199999999974
0.24347199999999974
0.24347199999999974
0.24347199999999974
0.24347199999999974
0.24347199999999974
0.24347199999999974
0.24347199999999974
0.24347199999999974
0.2464839999999998
0.2464839999999998
0.2464839999999998
0.2464839999999998
0.2464839999999998
0.2464839999999998
0.2464839999999998
0.2464839999999998
0.2464839999999998
0.2464839999999998
0.2464839999999998
0.2464839999999998
0.2464839999999998
0.2464839999999998
0.2464839999999998
0.2464839999999998
0.2464839999999998
0.2464839999999998
0.2464839999999998
0.2464839999999998
0.2464839999999998
0.2464839999999998
0.2464839999999998
0.2464839999999998
0.2464839999999998
0.2464839999999998
0.2464839999999998
0.2464839999999998
0.2464839999999998
0.2464839999999998
0.2464839999999998
0.2464839999999998
0.2464839999999998
0.2464839999999998
0.2464839999999998
0.2464839999999998
0.2464839999999998
0.2464839999999998
0.2464839999999998
0.2464839999999998
0.2464839999999998
0.2464839999999998
0.2464839999999998
0.2464839999999998
0.2464839999999998
0.2464839999999998
0.2464839999999998
0.2464839999999998
0.2464839999999998
0.2464839999999998
0.2464839999999998
0.2464839999999998
0.2464839999999998
0.2464839999999998
0.2464839999999998
0.2464839999999998
0.2464839999999998
0.2464839999999998
0.2464839999999998
0.2464839999999998
0.2474519999999999
0.2474519999999999
0.2474519999999999
0.25013199999999997
0.25013199999999997
0.25013199999999997
0.25013199999999997
0.25013199999999997
0.25013199999999997
0.25025199999999986
0.25025199999999986
0.25025199999999986
0.25025199999999986
0.25025199999999986
0.25025199999999986
0.25025199999999986
0.25025199999999986
0.25025199999999986
0.25025199999999986
0.25025199999999986
0.25025199999999986
0.25025199999999986
0.25025199999999986
0.25025199999999986
0.25025199999999986
0.25025199999999986
0.25025199999999986
0.25025199999999986
0.25025199999999986
0.25025199999999986
0.25025199999999986
0.25025199999999986
0.25025199999999986
0.25025199999999986
0.25025199999999986
0.25025199999999986
0.25025199999999986
0.25025199999999986
0.25025199999999986
0.25025199999999986
0.25025199999999986
0.25025199999999986
0.25025199999999986
0.25025199999999986
0.25025199999999986
0.25025199999999986
0.25025199999999986
0.25025199999999986
0.25025199999999986
0.25025199999999986
0.25025199999999986
0.25025199999999986
0.25025199999999986
0.25025199999999986
0.25025199999999986
0.25025199999999986
0.25025199999999986
0.25025199999999986
0.25025199999999986
0.25025199999999986
0.25025199999999986
0.25025199999999986
0.25025199999999986
0.25025199999999986
0.25025199999999986
0.25025199999999986
0.25025199999999986
0.25025199999999986
0.25025199999999986
0.25025199999999986
0.25025199999999986
0.25025199999999986
0.25025199999999986
0.25025199999999986
0.25025199999999986
0.25025199999999986
0.25025199999999986
0.25025199999999986
0.25025199999999986
0.25025199999999986
0.25025199999999986
0.25025199999999986
0.25025199999999986
0.25025199999999986
0.25025199999999986
0.25025199999999986
0.25025199999999986
0.25025199999999986
0.25025199999999986
0.25025199999999986
0.25025199999999986
0.25025199999999986
0.25025199999999986
0.25025199999999986
0.25025199999999986
0.25025199999999986
0.25025199999999986
0.25025199999999986
0.25025199999999986
0.25025199999999986
0.25025199999999986
0.25025199999999986
0.25025199999999986
0.25025199999999986
0.25025199999999986
0.25025199999999986
0.25025199999999986
0.25025199999999986
0.25025199999999986
0.25025199999999986
0.25025199999999986
0.25025199999999986
0.25025199999999986
0.25025199999999986
0.25025199999999986
0.25025199999999986
0.25025199999999986
0.25025199999999986
0.25025199999999986
0.25025199999999986
0.25025199999999986
0.25025199999999986
0.25025199999999986
0.25025199999999986
0.25025199999999986
0.25025199999999986
0.25025199999999986
0.25025199999999986
0.25025199999999986
0.25025199999999986
0.25025199999999986
0.25025199999999986
0.25025199999999986
0.25025199999999986
0.25025199999999986
0.25025199999999986
0.25025199999999986
0.25025199999999986
0.25025199999999986
0.25025199999999986
0.25025199999999986
0.25025199999999986
0.25025199999999986
0.25025199999999986
0.2504799999999999
0.2504799999999999
0.2504799999999999
0.2504799999999999
0.2504799999999999
0.2504799999999999
0.2504799999999999
0.2504799999999999
0.2504799999999999
0.2504799999999999
0.2504799999999999
0.2504799999999999
0.2504799999999999
0.2504799999999999
0.2504799999999999
0.2550479999999999
0.2550479999999999
0.2550479999999999
0.2550479999999999
0.2550479999999999
0.2550479999999999
0.2550479999999999
0.2550479999999999
0.2550479999999999
0.2550479999999999
0.2550479999999999
0.2550479999999999
0.2550479999999999
0.2550479999999999
0.2550479999999999
0.2550479999999999
0.2550479999999999
0.2550479999999999
0.2550479999999999
0.2550479999999999
0.2550479999999999
0.2550479999999999
0.2550479999999999
0.2550479999999999
0.2550479999999999
0.2550479999999999
0.2550479999999999
0.2550479999999999
0.2550479999999999
0.2550479999999999
0.2550479999999999
0.2550479999999999
0.2550479999999999
0.2550479999999999
0.2550479999999999
0.2550479999999999
0.2550479999999999
0.2550479999999999
0.2550479999999999
0.2550479999999999
0.2550479999999999
0.2550479999999999
0.2550479999999999
0.2550479999999999
0.2550479999999999
0.2550479999999999
0.2550479999999999
0.2550479999999999
0.2550479999999999
0.2550479999999999
0.2550479999999999
0.2550479999999999
0.2550479999999999
0.2550479999999999
0.2550479999999999
0.2550479999999999
0.2550479999999999
0.2550479999999999
0.2550479999999999
0.2550479999999999
0.2550479999999999
0.2550479999999999
0.2550479999999999
0.2550479999999999
0.2550479999999999
0.2550479999999999
0.2550479999999999
0.2550479999999999
0.2550479999999999
0.2550479999999999
0.2550479999999999
0.2550479999999999
0.2550479999999999
0.2550479999999999
0.2550479999999999
0.2550479999999999
0.2550479999999999
0.2550479999999999
0.2550479999999999
0.2550479999999999
0.2550479999999999
0.2550479999999999
0.2550479999999999
0.2550479999999999
0.2550479999999999
0.2550479999999999
0.2550479999999999
0.2550479999999999
0.2550479999999999
0.2550479999999999
0.2550479999999999
0.2550479999999999
0.2550479999999999
0.2550479999999999
0.2550479999999999
0.2550479999999999
0.2550479999999999
0.2550479999999999
0.2550479999999999
0.2550479999999999
0.2550479999999999
0.2550479999999999
0.2550479999999999
0.2550479999999999
0.2550479999999999
0.2550479999999999
0.2550479999999999
0.2550479999999999
0.2550479999999999
0.2550479999999999
0.2550479999999999
0.2550479999999999
0.2550479999999999
0.2550479999999999
0.2550479999999999
0.2550479999999999
0.2550479999999999
0.2550479999999999
0.2550479999999999
0.2550479999999999
0.2550479999999999
0.2550479999999999
0.2550479999999999
0.2550479999999999
0.2550479999999999
0.2550479999999999
0.2550479999999999
0.2550479999999999
0.2550479999999999
0.2550479999999999
0.2550479999999999
0.2550479999999999
0.2550479999999999
0.2550479999999999
0.2550479999999999
0.2550479999999999
0.2550479999999999
0.2550479999999999
0.2550479999999999
0.2550479999999999
0.2550479999999999
0.2550479999999999
0.2550479999999999
0.2550479999999999
0.2550479999999999
0.2550479999999999
0.2550479999999999
0.25521999999999995
0.25521999999999995
0.25521999999999995
0.25521999999999995
0.25521999999999995
0.25521999999999995
0.25521999999999995
0.25521999999999995
0.25521999999999995
0.25521999999999995
0.25521999999999995
0.25521999999999995
0.25521999999999995
0.25521999999999995
0.25521999999999995
0.25521999999999995
0.25521999999999995
0.25521999999999995
0.25521999999999995
0.25521999999999995
0.25521999999999995
0.25521999999999995
0.25521999999999995
0.25521999999999995
0.25521999999999995
0.25521999999999995
0.25521999999999995
0.25521999999999995
0.25521999999999995
0.25521999999999995
0.25521999999999995
0.25521999999999995
0.25521999999999995
0.25521999999999995
0.25521999999999995
0.25521999999999995
0.25521999999999995
0.25521999999999995
0.25521999999999995
0.25521999999999995
0.25521999999999995
0.25521999999999995
0.25521999999999995
0.25521999999999995
0.25521999999999995
0.25521999999999995
0.25521999999999995
0.25521999999999995
0.25521999999999995
0.25521999999999995
0.25521999999999995
0.25521999999999995
0.25521999999999995
0.25521999999999995
0.25521999999999995
0.25521999999999995
0.25521999999999995
0.25521999999999995
0.25521999999999995
0.25521999999999995
0.25521999999999995
0.25521999999999995
0.25521999999999995
0.25521999999999995
0.25521999999999995
0.25521999999999995
0.25521999999999995
0.25521999999999995
0.25521999999999995
0.25521999999999995
0.25521999999999995
0.25521999999999995
0.25521999999999995
0.25521999999999995
0.25521999999999995
0.25521999999999995
0.25521999999999995
0.25521999999999995
0.25521999999999995
0.25521999999999995
0.25521999999999995
0.25521999999999995
0.25521999999999995
0.25521999999999995
0.25521999999999995
0.25521999999999995
0.25521999999999995
0.25521999999999995
0.25521999999999995
0.25521999999999995
0.25521999999999995
0.25521999999999995
0.25521999999999995
0.25521999999999995
0.25521999999999995
0.25521999999999995
0.25521999999999995
0.25521999999999995
0.25521999999999995
0.25521999999999995
0.25521999999999995
0.25521999999999995
0.25521999999999995
0.25521999999999995
0.25521999999999995
0.25521999999999995
0.25521999999999995
0.25521999999999995
0.25521999999999995
0.25521999999999995
0.25521999999999995
0.25521999999999995
0.25521999999999995
0.25521999999999995
0.25521999999999995
0.25521999999999995
0.25521999999999995
0.2583759999999999
0.2583759999999999
0.2583759999999999
0.2583759999999999
0.2583759999999999
0.2583759999999999
0.2583759999999999
0.2583759999999999
0.2583759999999999
0.2583759999999999
0.2583759999999999
0.2583759999999999
0.2583759999999999
0.2583759999999999
0.2583759999999999
0.2583759999999999
0.2583759999999999
0.2583759999999999
0.2583759999999999
0.2583759999999999
0.2583759999999999
0.2583759999999999
0.2583759999999999
0.2583759999999999
0.2583759999999999
0.2583759999999999
0.2583759999999999
0.2583759999999999
0.2583759999999999
0.2583759999999999
0.2583759999999999
0.2583759999999999
0.2583759999999999
0.2583759999999999
0.2583759999999999
0.2583759999999999
0.2583759999999999
0.2583759999999999
0.2583759999999999
0.2583759999999999
0.2583759999999999
0.2583759999999999
0.2583759999999999
0.2583759999999999
0.2583759999999999
0.2583759999999999
0.2583759999999999
0.2583759999999999
0.2583759999999999
0.2583759999999999
0.2583759999999999
0.2583759999999999
0.2583759999999999
0.2583759999999999
0.2583759999999999
0.2583759999999999
0.2583759999999999
0.2583759999999999
0.2583759999999999
0.2583759999999999
0.2583759999999999
0.2583759999999999
0.2583759999999999
0.2583759999999999
0.2583759999999999
0.2583759999999999
0.2583759999999999
0.2583759999999999
0.2583759999999999
0.2583759999999999
0.2583759999999999
0.2583759999999999
0.25946800000000003
0.25946800000000003
0.25946800000000003
0.25946800000000003
0.25946800000000003
0.25946800000000003
0.25946800000000003
0.25946800000000003
0.25946800000000003
0.25946800000000003
0.25946800000000003
0.25946800000000003
0.25946800000000003
0.25946800000000003
0.25946800000000003
0.26123999999999997
0.26123999999999997
0.26123999999999997
0.26123999999999997
0.26123999999999997
0.26123999999999997
0.26123999999999997
0.26123999999999997
0.26123999999999997
0.26123999999999997
0.26123999999999997
0.26123999999999997
0.26123999999999997
0.26123999999999997
0.26123999999999997
0.26123999999999997
0.26123999999999997
0.26123999999999997
0.26123999999999997
0.26123999999999997
0.26123999999999997
0.26123999999999997
0.26123999999999997
0.26123999999999997
0.26123999999999997
0.26123999999999997
0.26123999999999997
0.26123999999999997
0.26123999999999997
0.26123999999999997
0.26123999999999997
0.26123999999999997
0.26123999999999997
0.26123999999999997
0.26123999999999997
0.26123999999999997
0.26123999999999997
0.26123999999999997
0.26123999999999997
0.26123999999999997
0.26152800000000004
0.26152800000000004
0.26152800000000004
0.26152800000000004
0.26152800000000004
0.26152800000000004
0.26152800000000004
0.26152800000000004
0.26152800000000004
0.26152800000000004
0.26152800000000004
0.26152800000000004
0.26152800000000004
0.26152800000000004
0.26152800000000004
0.26152800000000004
0.26152800000000004
0.26152800000000004
0.26152800000000004
0.26152800000000004
0.26152800000000004
0.26152800000000004
0.26152800000000004
0.26152800000000004
0.26152800000000004
0.26152800000000004
0.26152800000000004
0.26152800000000004
0.26152800000000004
0.26152800000000004
0.2627759999999999
0.2627759999999999
0.2627759999999999
0.2627759999999999
0.2627759999999999
0.2627759999999999
0.2627759999999999
0.2627759999999999
0.2627759999999999
0.2639440000000001
0.2639440000000001
0.2639440000000001
0.2639440000000001
0.2639440000000001
0.2639440000000001
0.2639440000000001
0.2639440000000001
0.2639440000000001
0.2639440000000001
0.2639440000000001
0.2639440000000001
0.2639440000000001
0.2639440000000001
0.2639440000000001
0.2639440000000001
0.2639440000000001
0.2639440000000001
0.2639440000000001
0.2639440000000001
0.2639440000000001
0.2639440000000001
0.2639440000000001
0.2639440000000001
0.2639440000000001
0.2639440000000001
0.2639440000000001
0.2639440000000001
0.2639440000000001
0.2639440000000001
0.2639440000000001
0.2639440000000001
0.2639440000000001
0.2639440000000001
0.2639440000000001
0.2639440000000001
0.2639440000000001
0.2639440000000001
0.2639440000000001
0.2639440000000001
0.2639440000000001
0.2639440000000001
0.2639440000000001
0.2639440000000001
0.2639440000000001
0.2639440000000001
0.2639440000000001
0.2639440000000001
0.2639440000000001
0.2639440000000001
0.2639440000000001
0.2639440000000001
0.2639440000000001
0.2639440000000001
0.2639440000000001
0.2639440000000001
0.2639440000000001
0.2639440000000001
0.2639440000000001
0.2639440000000001
0.2658799999999998
0.2658799999999998
0.2658799999999998
0.2658799999999998
0.2658799999999998
0.2658799999999998
0.2658799999999998
0.2658799999999998
0.2658799999999998
0.2658799999999998
0.2658799999999998
0.2658799999999998
0.2658799999999998
0.2658799999999998
0.2658799999999998
0.2658799999999998
0.2658799999999998
0.2658799999999998
0.2658799999999998
0.2658799999999998
0.2658799999999998
0.2658799999999998
0.2658799999999998
0.2658799999999998
0.2658799999999998
0.2658799999999998
0.2658799999999998
0.2658799999999998
0.2658799999999998
0.2658799999999998
0.2658799999999998
0.2658799999999998
0.2658799999999998
0.2658799999999998
0.2658799999999998
0.2658799999999998
0.2658799999999998
0.2658799999999998
0.2658799999999998
0.2658799999999998
0.2658799999999998
0.2658799999999998
0.2658799999999998
0.2658799999999998
0.2658799999999998
0.2658799999999998
0.2658799999999998
0.2658799999999998
0.2658799999999998
0.2658799999999998
0.2658799999999998
0.2658799999999998
0.2658799999999998
0.2658799999999998
0.2658799999999998
0.2658799999999998
0.2658799999999998
0.2658799999999998
0.2658799999999998
0.2658799999999998
0.2658799999999998
0.2658799999999998
0.2658799999999998
0.2658799999999998
0.2658799999999998
0.2658799999999998
0.2658799999999998
0.2658799999999998
0.2658799999999998
0.2658799999999998
0.2658799999999998
0.2658799999999998
0.2658799999999998
0.2658799999999998
