-0.026307999999999988
-0.010340000000000007
-0.007167999999999995
0.006388000000000011
0.028795999999999992
0.024983999999999996
0.03417200000000003
0.025419999999999974
0.047748000000000054
0.03987999999999998
0.052663999999999996
0.05342799999999996
0.05088400000000004
0.05696000000000007
0.06150400000000007
0.05858000000000002
0.067052
0.06296000000000006
0.06259599999999993
0.06969600000000002
0.06405999999999998
0.06538000000000001
0.07340400000000004
0.06655199999999999
0.07700000000000001
0.07641999999999996
0.07529600000000004
0.07488000000000006
0.07030800000000004
0.07641600000000005
0.07692800000000004
0.07222000000000003
0.07077200000000007
0.08275599999999998
0.07855600000000006
0.08389600000000001
0.08124400000000007
0.0826000000000001
0.08519200000000002
0.08525600000000003
0.0885160000000001
0.08832400000000004
0.08394000000000008
0.07896000000000003
0.08294000000000014
0.08385600000000006
0.08831600000000003
0.09630000000000001
0.08934000000000004
0.08320800000000006
0.09711200000000006
0.09739200000000006
0.09661600000000009
0.09565200000000007
0.09074800000000005
0.09498400000000008
0.09471200000000006
0.09501200000000004
0.09706800000000011
0.10066400000000007
0.10246800000000024
0.09631199999999997
0.10073600000000002
0.10188400000000003
0.10063600000000009
0.104604
0.10886400000000024
0.1050320000000002
0.0984320000000001
0.11166400000000008
0.10910400000000002
0.10938000000000013
0.11470000000000011
0.10917200000000005
0.11312800000000006
0.11706800000000005
0.11968400000000012
0.12216800000000023
0.11651200000000006
0.11591599999999999
0.11900400000000014
0.11962400000000012
0.1261840000000001
0.11406000000000013
0.11636400000000012
0.12113600000000001
0.12000400000000011
0.12212800000000004
0.11462800000000009
0.1225640000000001
0.1264280000000001
0.1258360000000001
0.13032400000000013
0.12643600000000002
0.1261040000000001
0.12693600000000016
0.11751200000000006
0.13114800000000007
0.12732400000000002
0.12534800000000007
0.13026800000000013
0.12931600000000018
0.13146000000000005
0.12967600000000012
0.1307040000000001
0.13387600000000013
0.12170800000000007
0.127808
0.13306000000000018
0.1356160000000001
0.13487600000000008
0.13607200000000005
0.13176800000000002
0.13884000000000007
0.13328400000000004
0.13916800000000015
0.13039999999999996
0.13754000000000008
0.1344000000000001
0.13903600000000013
0.13713200000000006
0.14014000000000007
0.14128000000000004
0.13152000000000022
0.1411720000000002
0.1340960000000001
0.14062000000000008
0.13983200000000015
0.14277200000000012
0.14264800000000022
0.13462400000000027
0.1459200000000001
0.14703200000000008
0.14406400000000025
0.14668000000000014
0.14967600000000006
0.12900000000000023
0.146024
0.14898400000000012
0.1494480000000001
0.152868
0.14889200000000014
0.1461760000000002
0.15594000000000013
0.14971600000000015
0.14401200000000008
0.155144
0.14740000000000025
0.1481440000000001
0.15063200000000013
0.15324800000000002
0.14609200000000006
0.15256400000000017
0.15087200000000006
0.1487400000000001
0.1565760000000001
0.15447600000000003
0.1535560000000002
0.157056
0.15396800000000005
0.149956
0.153932
0.1533960000000001
0.15445600000000004
0.1535720000000001
0.16251200000000013
0.15458000000000005
0.15725199999999998
0.15549200000000002
0.15126000000000017
0.14946000000000015
0.15247200000000022
0.15192400000000017
0.15388800000000014
0.1577520000000001
0.15007600000000015
0.156064
0.150668
0.15328800000000012
0.15014800000000011
0.14957600000000001
0.1523400000000001
0.1569160000000001
0.15481200000000003
0.16013600000000008
0.15505600000000003
0.15844400000000003
0.1623760000000001
0.1543880000000001
0.16341600000000003
0.15631999999999996
0.15754800000000013
0.15262800000000007
0.1619960000000001
0.16366800000000015
0.15893600000000016
0.15516800000000008
0.16868800000000012
0.16414800000000002
0.1597160000000001
0.15826799999999994
0.16519200000000012
0.16212799999999994
0.16102800000000017
0.1573200000000001
0.16881200000000018
0.16472400000000004
0.15705600000000003
0.1562080000000002
0.16711600000000018
0.16871200000000003
0.17198000000000008
0.1693000000000001
0.1695560000000001
0.17285200000000012
0.16607200000000014
0.1613480000000001
0.1674680000000002
0.17146400000000012
0.16322400000000015
0.16743200000000003
0.16967600000000008
0.16904800000000017
0.1442320000000001
0.16720400000000007
0.17243200000000014
0.1730680000000001
0.17990800000000026
0.17313200000000023
0.17439600000000005
0.179552
0.1780040000000001
0.17065600000000025
0.17850800000000003
0.1784160000000002
0.17351200000000014
0.17634000000000016
0.17606800000000009
0.17440000000000017
0.18096000000000018
0.17771600000000012
0.18050399999999994
0.18151600000000004
0.18168400000000007
0.17723200000000014
0.18143200000000004
0.17134400000000025
0.185124
0.18346800000000013
0.18254400000000007
0.1811360000000001
0.17649600000000007
0.18278800000000006
0.18066800000000008
0.177704
0.18104800000000001
0.17099600000000018
0.17792400000000005
0.18518000000000004
0.18798400000000007
0.17440400000000014
0.18068400000000004
0.18430800000000008
0.17255200000000004
0.17915600000000012
0.18072000000000008
0.16959200000000021
0.18425599999999992
0.18388000000000018
0.1790920000000002
0.18535599999999994
0.18320400000000012
0.17247200000000001
0.185276
0.1785400000000001
0.1818719999999999
0.1757400000000003
0.17939600000000008
0.1807120000000002
0.17797200000000024
0.1745240000000002
0.17797600000000013
0.180508
0.18382000000000007
0.17369200000000018
0.18485200000000004
0.1816800000000002
0.17707199999999992
0.17867599999999992
0.17588400000000004
0.18960000000000013
0.18074800000000008
0.18249600000000016
0.18170799999999998
0.18514399999999998
0.17889200000000025
0.18351199999999998
0.17903999999999995
0.18402799999999994
0.187008
0.18024800000000002
0.182904
0.17482400000000012
0.185856
0.183196
0.18347600000000003
0.18400799999999998
0.17645200000000014
0.18593199999999996
0.17295600000000014
0.18960400000000002
0.1771480000000002
0.1876
0.1769959999999999
0.19152800000000003
0.1783519999999999
0.19046799999999997
0.18487200000000012
0.1829240000000001
0.18811200000000008
0.1866400000000001
0.17902800000000002
0.1853520000000001
0.18734
0.18245600000000003
0.17544000000000012
0.1930959999999999
0.18955999999999992
0.19176400000000002
0.1870680000000001
0.18284400000000017
0.18851600000000002
0.18218000000000006
0.19135200000000008
0.18842799999999998
0.18688000000000007
0.18486000000000014
0.1845879999999999
0.189096
0.18878399999999984
0.18918000000000015
0.18551599999999993
0.18654399999999996
0.18775199999999992
0.18768400000000002
0.19427599999999998
0.18542799999999995
0.18917999999999996
0.19033199999999997
0.18110000000000023
0.1909879999999999
0.1910079999999998
0.17767199999999997
0.18688400000000005
0.17524399999999996
0.19349199999999991
0.183432
0.18507600000000005
0.1902159999999999
0.1875479999999999
0.17789199999999994
0.190096
0.19019199999999997
0.186256
0.18254399999999993
0.189652
0.18468400000000004
0.18403600000000003
0.18708399999999994
0.18656000000000003
0.18988000000000005
0.18582400000000002
0.18050799999999997
0.18971600000000002
0.1894559999999999
0.19113199999999997
0.19062800000000005
0.18592399999999992
0.19149199999999994
0.1938879999999999
0.17810399999999987
0.18534000000000012
0.19222799999999993
0.18612000000000004
0.18400399999999978
0.18772399999999992
0.19090399999999982
0.19238799999999986
0.190668
0.19261199999999992
0.197004
0.18110800000000007
0.1716400000000001
0.18901600000000013
0.18609600000000004
0.1865519999999999
0.18837999999999988
0.185168
0.198124
0.17847599999999997
0.184976
0.19257199999999983
0.192176
0.1907
0.1910159999999999
0.1900359999999999
0.177484
0.18781599999999998
0.19253199999999998
0.1943399999999999
0.18929599999999996
0.18592
0.17547200000000002
0.19098399999999996
0.18486000000000002
0.1937400000000001
0.18826
0.18583600000000014
0.195304
0.19167999999999996
0.19478399999999998
0.18735200000000002
0.19088799999999997
0.18986799999999998
0.19122000000000006
0.19816399999999992
0.1961759999999999
0.19150399999999998
0.1908160000000001
0.18432
0.18723599999999987
0.19125999999999993
0.19313199999999991
0.19858800000000001
0.1828519999999999
0.18531200000000003
0.189024
0.19434400000000002
0.19121600000000008
0.1908160000000001
0.19360000000000005
0.19534400000000007
0.190752
0.19347600000000004
0.18687600000000001
0.18654400000000002
0.18621200000000007
0.194072
0.18701600000000004
0.18637199999999995
0.18839599999999979
0.19415200000000005
0.195272
0.19162400000000002
0.18608399999999975
0.18995999999999996
0.19468399999999994
0.1820440000000001
0.1961840000000001
0.192484
0.18966800000000014
0.18943600000000005
0.179764
0.190376
0.19525599999999982
0.19740800000000003
0.19808799999999996
0.19326799999999997
0.18944800000000006
0.193132
0.19274399999999975
0.19467599999999996
0.18637600000000004
0.195708
0.18681999999999976
0.19282800000000017
0.18196400000000007
0.18411999999999998
0.1916560000000001
0.18076399999999998
0.18541999999999995
0.1700560000000001
0.195016
0.189444
0.19017599999999993
0.18057600000000024
0.19034399999999985
0.18933999999999993
0.17498400000000017
0.19035599999999997
0.18458799999999997
0.18705999999999995
0.19181199999999984
0.19695999999999997
0.19153599999999996
0.1883160000000001
0.1939400000000002
0.19160399999999994
0.18646000000000007
0.19228800000000004
0.1888880000000001
0.1861239999999999
0.18418800000000005
0.19758399999999993
0.17901999999999998
0.18336800000000006
0.18014400000000003
0.17966799999999988
0.19020400000000004
0.19716400000000014
0.19341999999999995
0.19353200000000007
0.18785999999999997
0.1968879999999998
0.1830839999999999
0.19404799999999994
0.193648
0.19697599999999993
0.19888399999999987
0.1960439999999999
0.18979999999999989
0.19357999999999992
0.19483199999999992
0.1884040000000001
0.1903199999999999
0.18885599999999975
0.1927080000000001
0.1965599999999999
0.19595199999999985
0.18694000000000002
0.19230400000000006
0.193452
0.1994319999999998
0.186728
0.19196399999999994
0.18502000000000007
0.17810400000000007
0.18780400000000005
0.20115599999999986
0.18988400000000002
0.19878799999999983
0.19055199999999986
0.1921760000000001
0.19532
0.20037200000000008
0.19836400000000007
0.19248400000000002
0.18927600000000008
0.1910399999999999
0.19727600000000003
0.19147999999999993
0.1855120000000001
0.19305199999999986
0.19177599999999992
0.19779599999999994
0.18668400000000016
0.18083999999999997
0.1899000000000001
0.19634800000000008
0.19024400000000014
0.19102399999999992
0.1913440000000001
0.2004800000000001
0.190216
0.2011759999999999
0.193924
0.19993199999999992
0.1982719999999998
0.186776
0.18396800000000013
0.19434799999999983
0.19403199999999998
0.17888000000000015
0.19632399999999986
0.18984399999999987
0.19195600000000004
0.1982959999999999
0.19640000000000007
0.19140399999999982
0.1928439999999999
0.19072399999999995
0.19617199999999974
0.1955800000000001
0.18972799999999984
0.18328399999999995
0.19685999999999998
0.1732800000000001
0.18598000000000003
0.19185199999999994
0.19475199999999984
0.19132799999999994
0.18445199999999995
0.19282800000000008
0.19562799999999983
0.1981039999999997
0.19237200000000002
0.1920359999999999
0.19213200000000008
0.19026399999999996
0.19684000000000001
0.19763600000000006
0.19389200000000015
0.18834799999999985
0.19529999999999992
0.19662399999999997
0.1951880000000001
0.18994000000000008
0.2019720000000001
0.19639999999999996
0.18955999999999992
0.194364
0.19042399999999993
0.1900880000000001
0.188856
0.1979039999999999
0.19215199999999996
0.1931079999999999
0.18992799999999996
0.19677599999999992
0.1892480000000002
0.20311199999999982
0.18547999999999995
0.193088
0.19295200000000004
0.19013999999999998
0.19939199999999999
0.19768000000000002
0.19140399999999994
0.1885640000000001
0.19286800000000012
0.20001999999999986
0.194548
0.20038399999999998
0.18638800000000003
0.1974880000000001
0.19328800000000007
0.19717199999999988
0.19904399999999997
0.20297999999999997
0.19588799999999992
0.18902799999999995
0.18641999999999986
0.19573600000000005
0.1920119999999999
0.18121200000000007
0.18558399999999997
0.18033999999999994
0.19534799999999983
0.187016
0.19244
0.19685999999999998
0.18777199999999994
0.20302399999999998
0.1970039999999999
0.19535999999999984
0.19584400000000005
0.197744
0.18056800000000006
0.19403599999999996
0.1951760000000001
0.19285599999999997
0.20256799999999997
0.1961279999999998
0.190716
0.19301999999999994
0.19547199999999987
0.1967319999999999
0.19799599999999995
0.19319600000000012
0.20007199999999992
0.20030400000000004
0.19465199999999996
0.19228799999999993
0.19073200000000012
0.19093999999999978
0.1882959999999999
0.20211600000000002
0.19880399999999998
0.1910279999999999
0.20074399999999995
0.19761999999999993
0.19775200000000007
0.19595599999999994
0.17937600000000004
0.18898400000000004
0.19478399999999985
0.20035599999999987
0.2055559999999999
0.19916800000000004
0.19731200000000002
0.201144
0.18590799999999993
0.19197199999999998
0.19162800000000013
0.19721600000000006
0.19981999999999997
0.19782800000000003
0.1843199999999999
0.19164399999999995
0.19902
0.19866
0.1965119999999999
0.19885999999999995
0.191836
0.19256800000000002
0.18927200000000005
0.19075999999999996
0.200396
0.1947199999999998
0.19489199999999998
0.19926000000000008
0.19501599999999986
0.1898039999999999
0.19818400000000003
0.19994799999999996
0.19640399999999988
0.2028199999999999
0.18918799999999997
0.2055079999999999
0.20258800000000018
0.19204400000000008
0.1976720000000001
0.19835599999999998
0.1982120000000001
0.1914119999999999
0.20005200000000015
0.19848800000000005
0.20609199999999997
0.19243199999999994
0.19606000000000012
0.19796399999999995
0.191492
0.18303200000000022
0.19728800000000002
0.19785599999999995
0.194252
0.19534800000000008
0.19609199999999996
0.18816000000000005
0.18723200000000007
0.19620399999999993
0.1896560000000001
0.19230799999999995
0.199012
0.18831599999999996
0.18846400000000013
0.19368000000000007
0.19269600000000006
0.19274800000000003
0.19875999999999996
0.20099199999999992
0.20136799999999994
0.194644
0.19462000000000007
0.1915640000000002
0.19466000000000006
0.19358000000000014
0.19812800000000005
0.19364399999999993
0.198412
0.19522399999999984
0.194556
0.20042000000000001
0.18760400000000008
0.2023799999999999
0.1792480000000002
0.19621600000000008
0.19966799999999987
0.18871599999999994
0.1941399999999999
0.1964200000000001
0.18825999999999993
0.2030560000000001
0.1979839999999999
0.1917480000000001
0.20079999999999998
0.19607199999999997
0.1995039999999999
0.19793999999999998
0.20347199999999988
0.20106799999999997
0.20380799999999993
0.19712399999999983
0.19350399999999984
0.20536399999999994
0.19708
0.1965279999999999
0.20087600000000005
0.20285999999999985
0.20343999999999993
0.19919200000000017
0.19366800000000006
0.20126799999999997
0.2021279999999999
0.19335600000000003
0.19463999999999973
0.1997559999999999
0.20830399999999996
0.2038239999999999
0.2044640000000001
0.1933439999999999
0.19219200000000003
0.191056
0.20018399999999986
0.202096
0.20606
0.2027879999999999
0.20617599999999997
0.19555999999999996
0.20427599999999999
0.1916559999999999
0.19654400000000005
0.20102399999999998
0.18918399999999985
0.201512
0.1977959999999998
0.20489999999999994
0.20270399999999997
0.19755999999999999
0.19539599999999985
0.19841600000000006
0.194748
0.18718800000000016
0.20151599999999997
0.19876799999999992
0.20378799999999994
0.19790000000000016
0.20262799999999986
0.19419599999999998
0.19948399999999977
0.20577200000000004
0.19237200000000002
0.198988
0.1939280000000001
0.19865600000000005
0.20885200000000004
0.20297999999999994
0.20641999999999994
0.1984719999999999
0.1915279999999999
0.207328
0.19621200000000005
0.19264799999999999
0.19685999999999984
0.19908
0.20397999999999986
0.194828
0.20455999999999985
0.20045600000000005
0.1991159999999998
0.1914960000000001
0.19391599999999987
0.1976559999999999
0.20388800000000012
0.20152000000000006
0.19687199999999996
0.19875999999999988
0.19718800000000006
0.20532400000000003
0.19847599999999987
0.19571199999999997
0.20585599999999998
0.1955760000000001
0.19507200000000005
0.19828400000000004
0.18836399999999986
0.20252400000000004
0.21268399999999996
0.2051079999999999
0.20324399999999984
0.20135200000000003
0.1986360000000001
0.19701200000000005
0.19752399999999987
0.19099999999999998
0.201704
0.19621199999999991
0.202936
0.20566399999999993
0.19981200000000005
0.19783999999999982
0.20734400000000008
0.19301599999999997
0.19545999999999983
0.198776
0.19997600000000013
0.199604
0.20362000000000016
0.20331200000000005
0.20558800000000002
0.20378
0.186368
0.19529200000000013
0.19813600000000003
0.20708000000000007
0.1963519999999999
0.19938000000000003
0.20104799999999984
0.19205599999999987
0.20532400000000026
0.2001160000000001
0.20003599999999988
0.20515999999999995
0.20108399999999996
0.20233199999999985
0.201184
0.2016039999999999
0.20009599999999997
0.205204
0.19507200000000005
0.20667199999999994
0.204476
0.19595999999999983
0.19552
0.202
0.20358800000000005
0.203024
0.20330400000000004
0.1986080000000001
0.2033599999999999
0.19691200000000006
0.20917599999999983
0.19447199999999992
0.2065440000000001
0.19210799999999992
0.20535599999999996
0.204032
0.207952
0.2031720000000001
0.2007479999999999
0.19995200000000002
0.202036
0.20332399999999992
0.19636800000000004
0.19584799999999988
0.1942879999999999
0.19423599999999994
0.18888800000000006
0.201312
0.20627600000000007
0.193168
0.19965999999999998
0.20628800000000005
0.19641599999999984
0.2099479999999999
0.2031080000000001
0.198464
0.20145199999999996
0.206304
0.2098639999999998
0.19769600000000004
0.20395600000000003
0.20135200000000011
0.20408400000000007
0.20045600000000008
0.19714800000000005
0.19734
0.19967200000000013
0.1982920000000001
0.200724
0.20112800000000006
0.19766799999999998
0.20922399999999994
0.19924
0.2081920000000001
0.20047999999999985
0.20271199999999998
0.19841999999999996
0.1901000000000001
0.19584800000000008
0.20328
0.20494400000000002
0.19560000000000002
0.20488400000000007
0.19898000000000007
0.2025280000000001
0.2063959999999999
0.20781999999999998
0.1973079999999999
0.1991920000000001
0.1947840000000001
0.19299200000000005
0.19841200000000006
0.1919720000000001
0.20462800000000006
0.1888920000000001
0.19984000000000005
0.20350800000000013
0.20172400000000001
0.202456
0.19616799999999993
0.19334400000000013
0.20389600000000002
0.19643200000000005
0.199372
0.20451599999999995
0.20003200000000004
0.204444
0.200344
0.193296
0.19611599999999996
0.2003559999999999
0.19348800000000008
0.20079600000000006
0.19742400000000002
0.19320400000000013
0.20508800000000016
0.19477200000000008
0.20085999999999998
0.193412
0.19655200000000012
0.1965080000000001
0.19904799999999997
0.20436800000000002
0.19592000000000004
0.2011559999999999
0.19927599999999993
0.20111600000000004
0.20401999999999984
0.20546000000000003
0.20021599999999998
0.19920000000000015
0.18862399999999999
0.19266000000000005
0.1989240000000001
0.19118400000000005
0.19361600000000004
0.1977919999999999
0.20671200000000003
0.20252400000000004
0.19405600000000003
0.20044800000000002
0.19771200000000005
0.2009560000000001
0.2059399999999998
0.2031240000000001
0.19888400000000003
0.20542400000000002
0.1965120000000001
0.199872
0.2008600000000001
0.2036160000000001
0.20578400000000005
0.20706000000000005
0.19994000000000012
0.19021199999999996
0.195364
0.2007160000000001
0.20438400000000007
0.19365200000000007
0.20554799999999995
0.20598799999999992
0.20557200000000003
0.20635600000000012
0.19946000000000003
0.19961600000000004
0.19697599999999996
0.19032400000000008
0.19706800000000002
0.20719199999999996
0.19455600000000006
0.20160399999999998
0.20215999999999992
0.19642000000000004
0.208304
0.20636800000000008
0.19461600000000004
0.20653600000000003
0.20002799999999993
0.20312800000000011
0.20506000000000013
0.20967600000000006
0.19874400000000014
0.204552
0.21215599999999982
0.19829199999999994
0.18970399999999998
0.19758400000000007
0.20480400000000004
0.20828399999999997
0.19109199999999993
0.2030000000000001
0.20617600000000003
0.201504
0.2050920000000001
0.20469600000000002
0.2042440000000001
0.20482800000000012
0.19199200000000008
0.207364
0.20465999999999998
0.19145599999999996
0.19695199999999996
0.19958799999999996
0.19888800000000006
0.20438000000000006
0.20416400000000004
0.205884
0.2056080000000001
0.20256000000000005
0.20278000000000013
0.20426400000000003
0.20717999999999998
0.191764
0.2093599999999999
0.20094800000000002
0.20537600000000003
0.19586400000000007
0.192248
0.20883200000000007
0.20139600000000013
0.19942400000000002
0.189488
0.2008080000000001
0.20517200000000008
0.19350800000000007
0.2079480000000001
0.19521599999999997
0.18741200000000013
0.195692
0.19876400000000008
0.20400800000000005
0.19811599999999996
0.1983480000000001
0.20926800000000004
0.20416800000000004
0.19781600000000002
0.20316000000000006
0.19255600000000003
0.18991600000000003
0.20038400000000012
0.2050920000000002
0.20328400000000005
0.21090799999999996
0.19123200000000004
0.19329599999999997
0.2098
0.19417599999999993
0.20950400000000008
0.20501200000000017
0.19124
0.19103199999999992
0.20660800000000004
0.2039360000000001
0.20666799999999988
0.19703600000000004
0.20043600000000006
0.1952200000000001
0.203176
0.20076800000000003
0.20155599999999996
0.19332000000000002
0.20572400000000016
0.20157600000000003
0.197844
0.196984
0.20565999999999998
0.19906800000000002
0.19754000000000008
0.1973480000000001
0.20579599999999992
0.20930800000000005
0.204792
0.2039760000000001
0.19847999999999996
0.19971600000000006
0.20321200000000003
0.20691600000000013
0.202776
0.20352399999999998
0.19877200000000006
0.19841600000000006
0.20062800000000006
0.19887600000000008
0.19799199999999997
0.2048959999999999
0.20043599999999995
0.19635999999999995
0.20494799999999996
0.20051199999999994
0.20702399999999999
0.195336
0.19894800000000004
0.20601200000000003
0.20409600000000006
0.183504
0.19690800000000003
0.20691199999999998
0.20492
0.19976000000000005
0.20536400000000007
0.20270399999999994
0.19984800000000003
0.2080320000000001
0.19996000000000005
0.20560800000000004
0.205896
0.20623200000000005
0.20811199999999977
0.2088480000000001
0.19994800000000001
0.20381200000000005
0.2120119999999999
0.2022399999999999
0.200504
0.202616
0.19501999999999997
0.2024599999999999
0.19982400000000006
0.19778800000000005
0.193924
0.19955600000000007
0.19648800000000002
0.19693600000000008
0.19528000000000006
0.20178800000000013
0.19719200000000012
0.20059200000000002
0.19722
0.20464000000000004
0.206612
0.19284400000000002
0.2004160000000001
0.20274800000000004
0.19823600000000005
0.20234400000000002
0.1999319999999999
0.1973239999999999
0.19866400000000006
0.19662400000000005
0.199492
0.20623600000000006
0.20450000000000004
0.20399599999999993
0.19978800000000005
0.20312000000000005
0.20138000000000006
0.20680400000000004
0.20873999999999995
0.20217600000000005
0.209548
0.19878400000000002
0.19335600000000006
0.20237999999999998
0.20085999999999998
0.2029760000000001
0.20307200000000009
0.19692800000000008
0.208596
0.20822399999999996
0.20358799999999988
0.20401599999999998
0.20841999999999988
0.19269200000000003
0.19741200000000006
0.20014800000000005
0.20970399999999995
0.205384
0.199648
0.1975359999999999
0.20163600000000007
0.20734000000000005
0.19949599999999995
0.20143599999999998
0.20522400000000002
0.20270399999999994
0.18966800000000006
0.20457600000000004
0.20192799999999986
0.196116
0.2014920000000001
0.20158800000000004
0.20912399999999984
0.18815200000000004
0.20473599999999997
0.205672
0.2058239999999999
0.200272
0.201008
0.2076760000000001
0.20178799999999997
0.20386799999999994
0.20070400000000005
0.1988999999999999
0.20525199999999996
0.196384
0.21151599999999998
0.20007200000000006
0.1974360000000001
0.196236
0.19961999999999988
0.20406400000000002
0.19923600000000005
0.20573599999999997
0.20257599999999995
0.205048
0.20340799999999987
0.1958199999999999
0.20421999999999993
0.21092800000000003
0.20954000000000006
0.20538
0.20323599999999997
0.19639999999999985
0.19750799999999993
0.21330800000000003
0.20224400000000003
0.20668399999999987
0.20853599999999992
0.20834399999999997
0.2101039999999999
0.20911199999999985
0.19980400000000004
0.19745999999999997
0.19652399999999992
0.205884
0.21284399999999987
0.19889999999999997
0.20630399999999985
0.2025
0.20934399999999986
0.20198799999999995
0.20635599999999996
0.20042399999999996
0.20374799999999982
0.20220399999999994
0.213056
0.20575200000000005
0.211556
0.20783199999999993
0.21137199999999992
0.21672400000000003
0.21137200000000003
0.20683199999999988
0.20210799999999998
0.19929999999999992
0.20700399999999983
0.19842399999999988
0.20154799999999998
0.20510399999999987
0.20407199999999995
0.20170800000000003
0.1931759999999999
0.2037079999999999
0.20527999999999996
0.20284800000000008
0.2018439999999999
0.2083400000000001
0.2070559999999999
0.2143479999999999
0.20533200000000001
0.20457200000000003
0.20341199999999998
0.202964
0.1899679999999999
0.19027199999999997
0.20704399999999995
0.1994959999999999
0.20796799999999976
0.20268000000000008
0.19381199999999987
0.21308400000000002
0.20623199999999997
0.19311199999999998
0.20764000000000002
0.20823599999999987
0.20762799999999992
0.2056759999999999
0.20583199999999996
0.21317199999999975
0.20554799999999987
0.20734799999999992
0.204728
0.20905199999999982
0.20915999999999976
0.20909199999999983
0.20432000000000003
0.2109479999999999
0.19612799999999994
0.20789599999999986
0.1952879999999999
0.20819599999999996
0.21028399999999992
0.21663999999999986
0.20497199999999985
0.20126800000000006
0.21173599999999973
0.2118599999999999
0.19635199999999994
0.207452
0.20535200000000017
0.2101719999999999
0.18979599999999994
0.21154799999999988
0.20320799999999997
0.202512
0.20457999999999998
0.20992399999999975
0.21285999999999994
0.20988399999999982
0.21146399999999993
0.20997599999999983
0.2039759999999999
0.20600399999999985
0.20235999999999996
0.19271999999999986
0.20453199999999994
0.20766799999999985
0.20822799999999994
0.21222799999999992
0.20317599999999986
0.20413199999999998
0.21019599999999986
0.2109239999999999
0.20326800000000006
0.2100599999999999
0.21393599999999988
0.21210799999999994
0.20989599999999997
0.203476
0.20057999999999987
0.21151599999999998
0.20351199999999994
0.21084799999999987
0.20157999999999993
0.196736
0.207208
0.20562399999999995
0.19409599999999994
0.21217199999999994
0.2154279999999999
0.20754800000000004
0.21508399999999978
0.20372399999999985
0.1952279999999999
0.2097399999999998
0.21177599999999971
0.20787999999999987
0.21391600000000013
0.20663199999999998
0.20437999999999995
0.20393599999999987
0.20554799999999995
0.21218799999999968
0.203028
0.20772400000000008
0.20303599999999997
0.21594799999999986
0.2086880000000001
0.21498799999999996
0.203456
0.20931599999999995
0.20619199999999996
0.20946000000000004
0.21711999999999992
0.20894400000000002
0.21056399999999997
0.19938000000000003
0.2060879999999999
0.21148399999999998
0.20066399999999984
0.21023999999999987
0.204252
0.21453199999999992
0.20792799999999992
0.2109639999999999
0.1975999999999999
0.20993599999999996
0.216336
0.21144799999999997
0.21116799999999988
0.2011679999999999
0.20861599999999988
0.2058119999999999
0.19983999999999996
0.2161079999999998
0.21164399999999972
0.21088400000000002
0.20871199999999998
0.19759999999999994
0.20677600000000002
0.20356399999999994
0.21120399999999986
0.21465999999999993
0.21106799999999995
0.21059200000000006
0.20901199999999995
0.21948799999999996
0.21322
0.2073039999999999
0.204708
0.21191599999999985
0.21123199999999992
0.20498399999999997
0.21191599999999994
0.19795600000000002
0.21386400000000003
0.20594
0.22144799999999995
0.21174799999999985
0.20673599999999998
0.21289599999999978
0.206804
0.2086440000000001
0.2139039999999999
0.2217119999999998
0.2112999999999999
0.20509199999999997
0.21413599999999983
0.21913599999999991
0.20696800000000004
0.21057999999999982
0.2154759999999999
0.20796399999999998
0.20640399999999995
0.20665599999999995
0.20278799999999994
0.20581600000000003
0.2004199999999999
0.21264400000000008
0.2074479999999999
0.204916
0.21013999999999983
0.2123520000000001
0.20874
0.2055
0.21839999999999982
0.2131959999999999
0.21624399999999963
0.20320000000000002
0.21483199999999983
0.2064679999999999
0.20926400000000003
0.21433599999999997
0.20174400000000003
0.2097159999999997
0.2135679999999998
0.21436799999999995
0.21821599999999977
0.2116959999999999
0.20981600000000003
0.2152079999999999
0.20841599999999985
0.20942799999999998
0.20406800000000003
0.2132959999999999
0.22113199999999975
0.21529199999999993
0.21303199999999992
0.2150799999999997
0.21301600000000004
0.21441999999999983
0.21276399999999995
0.2153120000000001
0.21277999999999997
0.2072559999999999
0.21373999999999982
0.21563199999999982
0.21529199999999982
0.21633199999999975
0.21769599999999986
0.19908400000000007
0.20823599999999987
0.2177080000000001
0.21931599999999998
0.2183719999999999
0.20285200000000003
0.2101199999999998
0.20366000000000004
0.2173119999999999
0.206184
0.22311199999999987
0.21873999999999982
0.20988399999999988
0.195316
0.19750799999999993
0.20667999999999992
0.21512399999999993
0.22528399999999993
0.21635200000000004
0.21354
0.2066959999999999
0.22048399999999987
0.21294399999999997
0.2055479999999999
0.216948
0.20811999999999994
0.21304399999999982
0.20804399999999987
0.21965599999999996
0.2188519999999999
0.21301599999999984
0.20666800000000007
0.21318399999999987
0.20066400000000006
0.2162599999999999
0.21106399999999997
0.21070399999999992
0.20950799999999994
0.2178079999999998
0.22506799999999988
0.20677999999999983
0.22017999999999996
0.21794799999999978
0.21479999999999982
0.21749999999999978
0.21137199999999998
0.2186399999999997
0.21703999999999982
0.21611999999999992
0.210904
0.21911599999999984
0.21253599999999997
0.20760799999999996
0.21770800000000004
0.2048520000000001
0.21785199999999982
0.2163439999999998
0.21366400000000002
0.21911600000000003
0.2158480000000001
0.20894400000000005
0.21856799999999993
0.21234800000000018
0.21704399999999982
0.2113320000000001
0.21947199999999994
0.21369599999999997
0.21509599999999965
0.21294399999999986
0.21732000000000012
0.21869599999999986
0.21379199999999995
0.21063599999999988
0.21536799999999995
0.21496800000000013
0.21519599999999992
0.21814400000000023
0.21123599999999998
0.20167600000000002
0.21502800000000005
0.21674399999999977
0.22269199999999983
0.2135280000000001
0.2145080000000001
0.223588
0.20725199999999996
0.21368799999999996
0.22062799999999988
0.19712400000000005
0.21409200000000006
0.21206799999999998
0.20442800000000003
0.20997600000000002
0.21342400000000006
0.21299200000000001
0.20325199999999996
0.22333999999999973
0.21334399999999987
0.21524400000000002
0.21067199999999983
0.21728799999999987
0.2152479999999999
0.2093079999999999
0.2138159999999998
0.22017999999999993
0.22109199999999987
0.20568000000000003
0.21501599999999993
0.20352400000000007
0.21970399999999987
0.21480800000000003
0.2166360000000001
0.2131559999999999
0.2145120000000001
0.21969999999999967
0.204084
0.20908799999999989
0.21749599999999963
0.21414800000000006
0.21833999999999995
0.21388799999999997
0.2217919999999999
0.21742800000000007
0.211204
0.20892400000000003
0.21976799999999988
0.21391599999999986
0.2213239999999998
0.21307600000000002
0.19920799999999994
0.20686
0.21330800000000014
0.21588799999999997
0.2141040000000001
0.22359999999999997
0.21990800000000008
0.20820400000000006
0.20877600000000016
0.21060399999999999
0.21425600000000009
0.21351600000000004
0.21874799999999983
0.21955199999999994
0.21333200000000002
0.21185600000000018
0.21990400000000004
0.22076399999999993
0.2205840000000001
0.22729599999999991
0.22155600000000014
0.22031200000000004
0.21064399999999983
0.2092640000000001
0.21602
0.216892
0.20859600000000006
0.22797199999999998
0.21879999999999997
0.2153879999999997
0.21801199999999976
0.21109200000000022
0.21965199999999996
0.2194639999999999
0.22074799999999992
0.20967599999999997
0.21934400000000004
0.22036800000000004
0.21382400000000001
0.2190519999999997
0.21815199999999976
0.21725199999999972
0.210592
0.22021999999999972
0.20755600000000013
0.20707599999999993
0.217664
0.21769599999999995
0.2204960000000002
0.21242800000000006
0.2107319999999999
0.21883200000000003
0.21849599999999983
0.22145199999999987
0.2123280000000001
0.21991599999999986
0.2218719999999999
0.21848400000000015
0.21558800000000006
0.21946799999999986
0.2203280000000002
0.2142360000000001
0.22421999999999997
0.20878000000000024
0.21523600000000007
0.20247600000000002
0.2165119999999999
0.21168800000000018
0.21990799999999994
0.22121200000000013
0.21969199999999992
0.21158799999999997
0.21700800000000003
0.22207199999999994
0.21348000000000006
0.22218400000000002
0.21549600000000005
0.219212
0.22284799999999985
0.216852
0.21853599999999998
0.2121960000000001
0.22078000000000003
0.22241199999999994
0.22204000000000004
0.2238959999999999
0.22216399999999994
0.2268959999999999
0.22007199999999993
0.21637200000000006
0.22333999999999993
0.2170440000000001
0.210272
0.2133480000000001
0.22241999999999998
0.21717999999999993
0.21640399999999999
0.211732
0.2219680000000001
0.2188800000000001
0.213484
0.21076400000000012
0.20948000000000017
0.20975600000000005
0.22045200000000015
0.21560400000000005
0.21766800000000003
0.2152800000000001
0.22259999999999996
0.21864000000000006
0.21221199999999998
0.2209040000000001
0.2113200000000002
0.21827999999999992
0.21877600000000005
0.21870399999999995
0.22021599999999994
0.22256800000000007
0.21036400000000013
0.21822799999999998
0.22396399999999994
0.21613599999999988
0.208156
0.21704
0.21156400000000003
0.22110399999999994
0.21918400000000002
0.22517999999999994
0.22355600000000014
0.21211199999999994
0.21902399999999983
0.2217560000000001
0.2211159999999999
0.21829600000000013
0.217292
0.22642799999999993
0.21990800000000008
0.21734
0.21902800000000006
0.21639599999999987
0.22069999999999995
0.22095600000000018
0.21970399999999998
0.2250880000000001
0.224728
0.21581199999999995
0.21818399999999988
0.218756
0.21657999999999983
0.21144000000000004
0.21547999999999992
0.21903600000000006
0.21337999999999993
0.21802400000000008
0.21553599999999992
0.22342399999999998
0.23137599999999994
0.21873599999999982
0.22637599999999994
0.215852
0.2224879999999999
0.22850800000000004
0.21334399999999987
0.2231480000000001
0.220732
0.21832400000000002
0.22142399999999984
0.21704000000000015
0.22492799999999993
0.22235200000000022
0.22252000000000002
0.222904
0.222728
0.22156000000000017
0.22065199999999996
0.21721599999999994
0.216876
0.22102399999999994
0.22439599999999996
0.212552
0.20609199999999997
0.22115600000000005
0.22234000000000007
0.22335999999999995
0.21466
0.2169679999999998
0.2233919999999998
0.2189999999999998
0.22158799999999992
0.21941599999999994
0.22601199999999994
0.2224879999999999
0.22605199999999995
0.22434799999999983
0.2184039999999999
0.22521999999999998
0.22339200000000006
0.22432800000000003
0.226332
0.22712
0.22588399999999992
0.22187600000000007
0.22472400000000003
0.22542799999999996
0.22785199999999992
0.22502800000000006
0.22205199999999992
0.22890800000000003
0.22748800000000002
0.21930399999999994
0.2258
0.2225440000000001
0.2296000000000002
0.22346000000000005
0.22223599999999996
0.2244920000000001
0.22341199999999994
0.22780400000000003
0.23026000000000013
0.2190240000000001
0.22741600000000012
0.22787599999999997
0.2161839999999998
0.22237600000000002
0.21912799999999993
0.223568
0.22545600000000007
0.22511999999999993
0.22107599999999994
0.22616
0.2189320000000001
0.2311599999999999
0.2144880000000002
0.22587200000000007
0.22379199999999996
0.22648800000000005
0.23079599999999995
0.22248400000000015
0.22988400000000006
0.2143360000000001
0.21904400000000004
0.2231799999999998
0.23268800000000014
0.223424
0.2266080000000001
0.23289199999999996
0.22146000000000005
0.22518800000000014
0.22886000000000023
0.22382
0.22133199999999992
0.22503200000000015
0.229372
0.22451200000000013
0.22472000000000025
0.21940800000000005
0.21977599999999994
0.2240559999999999
0.22249999999999992
0.22709599999999996
0.23075600000000013
0.22376799999999988
0.23033199999999993
0.22815600000000005
0.22462000000000001
0.22790000000000032
0.22211600000000004
0.2302520000000001
0.22192400000000007
0.23085200000000017
0.23155200000000004
0.21474400000000002
0.2311600000000001
0.22397200000000012
0.2268760000000001
0.23018799999999998
0.23037199999999994
0.23370800000000014
0.2260399999999999
0.23040400000000008
0.22756800000000013
0.2270199999999999
0.22218400000000016
0.22429599999999997
0.2270960000000001
0.23027599999999998
0.2282599999999999
0.22633200000000012
0.22284400000000018
0.22583999999999982
0.22449199999999997
0.227956
0.22396
0.219244
0.22849999999999995
0.22595599999999996
0.217324
0.221296
0.22653200000000007
0.22782800000000017
0.2276400000000001
0.22064399999999992
0.22976000000000008
0.22536800000000007
0.21817999999999999
0.231244
0.21164000000000002
0.2268440000000001
0.22590400000000008
0.22902400000000003
0.22558799999999987
