-0.12072014999999998
-0.11201976999999996
-0.10528889999999996
-0.10072631999999994
-0.09909150999999994
-0.09740165999999995
-0.09611246999999995
-0.09343323999999996
-0.09179835999999997
-0.08934938
-0.08846498
-0.08825645
-0.08656266000000004
-0.08556348000000004
-0.08432450000000007
-0.08309946000000007
-0.08259757000000004
-0.08137747000000006
-0.08059012000000004
-0.07891715000000006
-0.07818315000000005
-0.07754684000000003
-0.07630829000000003
-0.07541487000000005
-0.07487293000000003
-0.07441134000000005
-0.07350956000000006
-0.07285833000000005
-0.07221565000000005
-0.07107002000000005
-0.07086634000000004
-0.06941184000000003
-0.06906000000000004
-0.06876457000000005
-0.06904910000000006
-0.06861271000000006
-0.06883827000000005
-0.06819113000000004
-0.06762294000000005
-0.06742780000000005
-0.06722394000000005
-0.06599886000000005
-0.06515567000000004
-0.06509526000000004
-0.06433762000000004
-0.061828150000000054
-0.060776970000000034
-0.060650780000000036
-0.05890500000000001
-0.05814422
-0.05746639000000002
-0.056847280000000014
-0.05694877000000002
-0.057326800000000004
-0.05654250000000001
-0.057054300000000016
-0.056274820000000024
-0.056332749999999994
-0.05605276
-0.05548043
-0.05524298000000001
-0.05511710000000001
-0.05461414000000001
-0.05457207000000003
-0.055245380000000024
-0.05451
-0.05503039000000002
-0.054422370000000025
-0.05422267000000001
-0.05428658
-0.05284568000000003
-0.05372345000000002
-0.05325869000000002
-0.05380548000000001
-0.0533552
-0.05342276
-0.05283451000000002
-0.05195477000000002
-0.05178670000000004
-0.05111060000000002
-0.05126361000000002
-0.05068179000000002
-0.050505420000000016
-0.050438550000000026
-0.05066191
-0.05000595000000001
-0.05028136000000001
-0.04992933
-0.04988964000000001
-0.05006239999999999
-0.05078603000000001
-0.049598379999999984
-0.04995247000000002
-0.04977689000000002
-0.049705800000000015
-0.048796820000000025
-0.04930275000000002
-0.04857226000000001
-0.04811017000000001
-0.048104960000000016
-0.04800117000000002
-0.04760694000000001
-0.04750031000000001
-0.046893710000000005
-0.04603027
-0.04538582000000003
-0.044432060000000016
-0.04562850000000001
-0.04522298000000003
-0.04515611000000003
-0.04429807000000003
-0.044493830000000026
-0.04471651000000002
-0.04422308000000002
-0.04405273000000004
-0.04347242000000001
-0.04359581000000004
-0.043230860000000024
-0.042577950000000024
-0.04298914000000001
-0.04139186
-0.041748220000000016
-0.04049130000000003
-0.04024989000000002
-0.039727950000000005
-0.03984356000000001
-0.039892880000000006
-0.039712980000000016
-0.03894601
-0.039473270000000005
-0.039487540000000015
-0.03935682000000001
-0.03959813
-0.03938070000000002
-0.039274980000000015
-0.03879663000000002
-0.038312480000000024
-0.037956290000000024
-0.038226920000000025
-0.03820687000000002
-0.038177420000000024
-0.038000560000000023
-0.037906240000000015
-0.038060560000000014
-0.03799055000000003
-0.03796721000000003
-0.03812437000000001
-0.037666690000000023
-0.03741856000000002
-0.03777261000000002
-0.03710095000000002
-0.03705846000000003
-0.037486630000000014
-0.03707855000000002
-0.03744799000000002
-0.037868380000000014
-0.03712849000000003
-0.036641070000000026
-0.037434820000000014
-0.03693615000000002
-0.036552220000000024
-0.03674571000000002
-0.03639620000000002
-0.03694387000000002
-0.036654400000000024
-0.037065590000000016
-0.036629290000000016
-0.036751020000000016
-0.03681685000000002
-0.03707119000000001
-0.03640802000000002
-0.03697269000000001
-0.03583266000000002
-0.03605384000000001
-0.03566551000000001
-0.035938600000000015
-0.03598233000000002
-0.03641550000000002
-0.036031000000000014
-0.03571257000000002
-0.03615167000000002
-0.03605281000000002
-0.036056960000000006
-0.03623027000000001
-0.03595854000000001
-0.03634322
-0.03643616000000001
-0.03596534000000001
-0.03548239000000001
-0.03543198000000001
-0.03562139000000002
-0.03552944000000002
-0.035594420000000015
-0.035770120000000016
-0.03532190000000001
-0.03530439000000002
-0.03523179000000001
-0.03503156000000002
-0.03499400000000002
-0.035508510000000014
-0.034517780000000026
-0.03468486000000002
-0.03501602000000001
-0.03446502000000002
-0.03443026000000002
-0.03445455000000002
-0.03444071000000002
-0.03441117000000002
-0.034483010000000036
-0.03392097000000003
-0.03424199000000003
-0.03432168000000003
-0.03487791000000002
-0.03444554000000002
-0.034433530000000025
-0.03502013000000001
-0.03480017000000001
-0.03466995000000002
-0.035325490000000015
-0.034416890000000026
-0.03494820000000002
-0.035066760000000016
-0.03474297000000002
-0.03418299000000002
-0.03398672000000002
-0.034423110000000014
-0.03420726000000002
-0.03392590000000002
-0.03373165000000002
-0.03342083000000003
-0.033937450000000015
-0.03385886000000002
-0.03384428000000002
-0.03412602000000001
-0.03307524000000002
-0.03352175000000001
-0.033678720000000016
-0.03397398
-0.033087220000000014
-0.033445700000000016
-0.03330002000000001
-0.03358067000000002
-0.03356740000000001
-0.03356724000000002
-0.03343985000000001
-0.033159940000000006
-0.03331809000000002
-0.03404009
-0.033573340000000014
-0.03373699000000001
-0.03350613
-0.03329009000000001
-0.033673660000000015
-0.033425200000000016
-0.03270215000000003
-0.03291098000000001
-0.032883120000000016
-0.03246928000000002
-0.031992230000000024
-0.03187889000000002
-0.031488290000000016
-0.03179759000000002
-0.03183264000000002
-0.03139187000000002
-0.03178375000000002
-0.032202590000000024
-0.03147430000000003
-0.03174747000000002
-0.031736850000000025
-0.031563400000000026
-0.03166074000000003
-0.030658310000000032
-0.031071360000000027
-0.029626220000000033
-0.030529980000000023
-0.029631630000000034
-0.03060243000000002
-0.03007830000000003
-0.029928220000000026
-0.030119530000000037
-0.029192450000000036
-0.030074510000000023
-0.029788260000000028
-0.029039260000000025
-0.029914260000000022
-0.029169470000000017
-0.029173040000000018
-0.029251600000000023
-0.029216030000000014
-0.029110770000000015
-0.029669680000000014
-0.029049100000000022
-0.029817480000000004
-0.02886974000000002
-0.028854230000000015
-0.02937820000000001
-0.02925858000000002
-0.029123700000000016
-0.02920576000000003
-0.028851290000000022
-0.028992750000000022
-0.029023330000000017
-0.029699800000000026
-0.02893253000000002
-0.029274980000000016
-0.029082160000000013
-0.02867804000000002
-0.028638560000000014
-0.028927340000000027
-0.028934100000000015
-0.028753740000000024
-0.02915751000000002
-0.028226230000000022
-0.029077140000000026
-0.028343910000000024
-0.028424620000000022
-0.028033260000000018
-0.028931430000000022
-0.028092440000000024
-0.028787800000000016
-0.028013670000000025
-0.027468100000000023
-0.028801680000000017
-0.02833276000000002
-0.028376880000000018
-0.027581350000000025
-0.02795822000000002
-0.027897610000000017
-0.02835669000000001
-0.027871740000000016
-0.027591390000000014
-0.027817530000000024
-0.028679530000000012
-0.027756330000000027
-0.02806675000000002
-0.02749657000000002
-0.027672320000000014
-0.02852352000000001
-0.02859277000000001
-0.027791840000000012
-0.02790379000000001
-0.02765489000000002
-0.02779099000000002
-0.027392800000000016
-0.027436360000000007
-0.027589270000000013
-0.027212590000000023
-0.027073260000000023
-0.027056810000000014
-0.02639725000000002
-0.026553540000000018
-0.026318680000000018
-0.026263180000000018
-0.025972070000000024
-0.026599630000000027
-0.026422600000000025
-0.026608310000000017
-0.025944620000000022
-0.02540002000000003
-0.02535887000000002
-0.02540967000000002
-0.02511679000000002
-0.025264970000000022
-0.026033550000000023
-0.02526745000000002
-0.024501820000000025
-0.025387450000000027
-0.025763220000000017
-0.025257980000000024
-0.025033210000000024
-0.025090170000000012
-0.02498298000000003
-0.024831750000000024
-0.02457372000000003
-0.024604300000000027
-0.02533704000000002
-0.024754360000000027
-0.02492872000000002
-0.02473296000000003
-0.024901980000000025
-0.025255150000000018
-0.023703140000000022
-0.023953770000000027
-0.023995370000000026
-0.023793020000000033
-0.023720670000000034
-0.024362620000000022
-0.023866300000000028
-0.023477290000000026
-0.023492340000000028
-0.023449480000000023
-0.02341843000000003
-0.02272864000000003
-0.023302910000000024
-0.023089880000000035
-0.023428980000000033
-0.02360680000000003
-0.02385308000000003
-0.02304992000000003
-0.022793360000000033
-0.02345026000000002
-0.023153550000000026
-0.022219630000000032
-0.021770300000000024
-0.021558530000000034
-0.02182375000000003
-0.021546430000000026
-0.02132246000000003
-0.022046390000000037
-0.021490180000000036
-0.02079174000000003
-0.02130249000000003
-0.021652850000000036
-0.02116026000000003
-0.021768780000000033
-0.021305260000000027
-0.02087655000000003
-0.02177761000000003
-0.02096227000000003
-0.02116130000000003
-0.021372200000000022
-0.02113445000000003
-0.021516030000000037
-0.02105552000000003
-0.019993720000000034
-0.02088701000000003
-0.020943450000000034
-0.020939830000000027
-0.020283830000000034
-0.02101432000000002
-0.02026211000000003
-0.020705490000000028
-0.021027180000000034
-0.021262580000000034
-0.020520190000000035
-0.02033698000000004
-0.020939190000000038
-0.020931430000000025
-0.019732250000000034
-0.02063077000000003
-0.020058540000000034
-0.020377600000000037
-0.02022702000000003
-0.020602140000000033
-0.020542210000000033
-0.019986690000000033
-0.01987048000000003
-0.01957306000000003
-0.02015678000000003
-0.019896020000000028
-0.019836810000000035
-0.02003860000000003
-0.020616140000000026
-0.019923860000000033
-0.020208040000000028
-0.019629870000000032
-0.019802690000000036
-0.019802980000000033
-0.019951770000000032
-0.020069550000000026
-0.01947743000000003
-0.019839450000000026
-0.019921120000000035
-0.019516990000000033
-0.01969592000000003
-0.019701350000000034
-0.018495680000000035
-0.01969866000000003
-0.018780250000000033
-0.019335200000000035
-0.01954547000000003
-0.01901675000000003
-0.018887890000000032
-0.01885887000000003
-0.018686940000000027
-0.018671230000000028
-0.01929507000000003
-0.019204980000000024
-0.018978550000000028
-0.018909350000000033
-0.01907559000000002
-0.01825074000000003
-0.01861443000000003
-0.018172570000000027
-0.017952350000000027
-0.017345680000000026
-0.018141630000000023
-0.017179590000000026
-0.017797640000000028
-0.01842071000000002
-0.01777711000000003
-0.017508110000000025
-0.01743762000000003
-0.017980640000000027
-0.01692563000000003
-0.016973360000000028
-0.017517140000000028
-0.017492590000000027
-0.017193570000000026
-0.01700372000000003
-0.016432500000000027
-0.016279070000000027
-0.017187320000000023
-0.016723340000000027
-0.01680067000000002
-0.01671415000000003
-0.016851600000000026
-0.016803740000000025
-0.016521070000000027
-0.016747300000000024
-0.01647714000000003
-0.016923860000000027
-0.016320110000000027
-0.015941830000000025
-0.01649395000000002
-0.016287000000000024
-0.01652722000000002
-0.016410170000000023
-0.01585858000000002
-0.01679714000000002
-0.01587551000000002
-0.015995810000000023
-0.01643121000000002
-0.01672803000000002
-0.016216640000000018
-0.016517600000000018
-0.01593648000000002
-0.01649247000000002
-0.015370660000000022
-0.016272460000000023
-0.015655850000000016
-0.01589644000000002
-0.015246770000000019
-0.01570138000000002
-0.015527630000000021
-0.01572381000000002
-0.01617076000000002
-0.015864430000000023
-0.016274100000000024
-0.01588235000000002
-0.01668007000000002
-0.015397030000000025
-0.01633161000000002
-0.016046990000000018
-0.015783400000000027
-0.015339360000000026
-0.016194510000000023
-0.015741120000000025
-0.015528480000000022
-0.01576805000000002
-0.014836570000000023
-0.01548063000000002
-0.015069630000000021
-0.015412810000000025
-0.014647730000000027
-0.015054070000000024
-0.015237890000000018
-0.014946240000000024
-0.014943210000000023
-0.015475440000000023
-0.015468980000000023
-0.015270300000000023
-0.014652600000000023
-0.015506950000000025
-0.014799160000000025
-0.015367340000000021
-0.015258640000000028
-0.015511850000000025
-0.014586070000000027
-0.014390880000000024
-0.014955500000000024
-0.015074140000000022
-0.01466137000000002
-0.015117290000000026
-0.015307090000000025
-0.014859010000000021
-0.015538250000000026
-0.01550698000000002
-0.015353860000000021
-0.015190150000000022
-0.015198280000000024
-0.014660880000000022
-0.014944570000000025
-0.015190700000000022
-0.015271970000000024
-0.015883190000000026
-0.014635990000000022
-0.015086870000000025
-0.01523570000000002
-0.014443180000000022
-0.015416140000000024
-0.014925260000000025
-0.01503903000000002
-0.014953290000000029
-0.014684970000000025
-0.014877060000000024
-0.015063340000000022
-0.015900910000000018
-0.014872530000000021
-0.01520563000000002
-0.015124760000000025
-0.014917080000000022
-0.014967680000000025
-0.014893490000000025
-0.014868560000000022
-0.015356780000000025
-0.015765050000000023
-0.01504229000000002
-0.01507470000000002
-0.01498631000000002
-0.015272640000000027
-0.015536050000000022
-0.014792250000000024
-0.015376320000000021
-0.01537547000000002
-0.015227380000000026
-0.015095270000000025
-0.015511170000000025
-0.015031310000000022
-0.014996020000000021
-0.014721290000000024
-0.014901760000000026
-0.015084470000000022
-0.015130780000000019
-0.014743500000000026
-0.01496051000000002
-0.015149750000000024
-0.015042740000000021
-0.015181620000000024
-0.014791830000000021
-0.01588820000000002
-0.014877360000000023
-0.015044550000000023
-0.01571811000000002
-0.01566464000000002
-0.015050050000000023
-0.01576859000000002
-0.015176800000000025
-0.01514601000000002
-0.014951060000000026
-0.014735310000000024
-0.014845160000000017
-0.015009900000000022
-0.014932520000000022
-0.014885040000000023
-0.01559325000000002
-0.014751700000000024
-0.015298500000000022
-0.015463320000000023
-0.015349040000000022
-0.015173900000000023
-0.015143670000000022
-0.014895890000000024
-0.014832950000000025
-0.014625520000000024
-0.015354120000000021
-0.015162350000000022
-0.01534565000000002
-0.01547954000000002
-0.01453880000000002
-0.014388410000000023
-0.015335210000000026
-0.01526346000000002
-0.015324450000000022
-0.014762690000000024
-0.014824560000000021
-0.014959570000000024
-0.014927840000000024
-0.014881820000000021
-0.015041870000000023
-0.014969290000000026
-0.01518310000000002
-0.014677090000000021
-0.015049770000000025
-0.014879160000000023
-0.01464173000000002
-0.014917080000000022
-0.015812000000000017
-0.015401420000000022
-0.01508801000000002
-0.015275210000000023
-0.015141480000000023
-0.015369200000000022
-0.01515353000000002
-0.01468599000000002
-0.015589580000000021
-0.014583780000000022
-0.015203060000000025
-0.014813640000000022
-0.014955040000000022
-0.014901410000000025
-0.015128730000000019
-0.014807390000000024
-0.014986140000000023
-0.01538792000000002
-0.015356590000000026
-0.01453449000000002
-0.015082850000000021
-0.015019450000000021
-0.015513160000000019
-0.015026090000000023
-0.015542990000000024
-0.01555894000000002
-0.014981290000000026
-0.015139550000000022
-0.015347770000000023
-0.014731420000000021
-0.014910590000000022
-0.015100080000000024
-0.015316230000000026
-0.015221030000000019
-0.015181060000000019
-0.015518040000000025
-0.015228690000000022
-0.015358770000000022
-0.015276010000000022
-0.015036630000000021
-0.015198500000000028
-0.015090290000000024
-0.01568576000000002
-0.01479206000000002
-0.015118520000000024
-0.01556718000000002
-0.015463640000000022
-0.015366600000000018
-0.01494882000000002
-0.015520290000000025
-0.015484340000000018
-0.014820900000000024
-0.014979310000000022
-0.014960660000000021
-0.015638510000000022
-0.015158030000000022
-0.015027430000000022
-0.014970710000000019
-0.015815260000000025
-0.015190580000000023
-0.015136980000000022
-0.015681810000000025
-0.015602670000000027
-0.014991510000000026
-0.01562288000000002
-0.015581960000000021
-0.01493097000000002
-0.014822930000000026
-0.015189310000000022
-0.015365890000000017
-0.015576990000000023
-0.01520197000000002
-0.015248070000000023
-0.014828320000000027
-0.01494409000000002
-0.014270550000000026
-0.014852790000000022
-0.015412750000000022
-0.015170990000000021
-0.015306550000000023
-0.015266920000000024
-0.015548470000000023
-0.015366050000000022
-0.015120120000000023
-0.01544524000000002
-0.015299160000000023
-0.015171490000000024
-0.01492993000000002
-0.01514982000000002
-0.015155550000000025
-0.015402090000000021
-0.014689830000000023
-0.01484013000000002
-0.015094850000000019
-0.015490240000000021
-0.015072610000000021
-0.01487430000000002
-0.015264420000000023
-0.015054390000000022
-0.015096430000000025
-0.014911380000000024
-0.014559370000000023
-0.01461996000000002
-0.014549010000000022
-0.015119230000000025
-0.01464447000000002
-0.014950220000000016
-0.01603027000000002
-0.015389380000000025
-0.015164240000000025
-0.01496196000000002
-0.015215580000000022
-0.014648070000000023
-0.014828690000000023
-0.015039500000000025
-0.014719420000000023
-0.015050390000000025
-0.014822290000000023
-0.014977560000000025
-0.014964090000000018
-0.014900010000000024
-0.014984020000000025
-0.014889490000000026
-0.01483999000000003
-0.015002990000000025
-0.015091100000000022
-0.015030820000000026
-0.015027570000000023
-0.01451297000000003
-0.014826590000000027
-0.014620680000000027
-0.014790150000000023
-0.014844880000000026
-0.015094350000000027
-0.01439003000000003
-0.015058500000000025
-0.014575500000000026
-0.014332860000000025
-0.014150110000000026
-0.014600630000000026
-0.014375790000000024
-0.014522120000000022
-0.014993530000000024
-0.014208240000000028
-0.014889690000000025
-0.014747620000000026
-0.013866660000000022
-0.014130010000000024
-0.014416900000000024
-0.015671300000000023
-0.013902140000000025
-0.01464496000000003
-0.014337220000000029
-0.015176390000000022
-0.01503297000000003
-0.014329790000000026
-0.014424140000000023
-0.014043270000000026
-0.014672370000000025
-0.014067990000000025
-0.014699110000000026
-0.013952570000000023
-0.014033660000000024
-0.014195610000000025
-0.014111820000000023
-0.014119920000000024
-0.013878610000000022
-0.013356950000000025
-0.014651630000000025
-0.014709220000000025
-0.014079440000000025
-0.014345230000000028
-0.014280280000000025
-0.014642890000000025
-0.014203750000000025
-0.013987720000000028
-0.013999380000000027
-0.013528710000000022
-0.013954590000000024
-0.014115210000000029
-0.01498506000000002
-0.014061360000000021
-0.013935660000000023
-0.014346370000000027
-0.01394101000000003
-0.014316030000000028
-0.01408807000000003
-0.014163620000000023
-0.014238260000000023
-0.014005670000000024
-0.014228210000000026
-0.014254030000000027
-0.013841310000000022
-0.014738410000000025
-0.014060870000000026
-0.014257750000000024
-0.014209050000000025
-0.01437212000000003
-0.013571150000000027
-0.014845260000000029
-0.014118580000000026
-0.013684560000000023
-0.014188440000000024
-0.014135580000000026
-0.014067880000000027
-0.014064990000000022
-0.014486520000000027
-0.014127980000000023
-0.01342083000000002
-0.013886390000000028
-0.013850730000000025
-0.014470380000000026
-0.014431110000000026
-0.014509220000000024
-0.014340200000000027
-0.013242980000000022
-0.014611220000000025
-0.013818270000000027
-0.014387570000000025
-0.014098200000000026
-0.01389621000000003
-0.01439593000000003
-0.013931140000000022
-0.013879960000000023
-0.014512400000000023
-0.014504620000000025
-0.013540080000000024
-0.014140020000000026
-0.013423990000000023
-0.013949640000000024
-0.014306420000000028
-0.014539770000000025
-0.014058340000000023
-0.014161870000000028
-0.014054770000000025
-0.013950700000000024
-0.014129370000000028
-0.013886540000000025
-0.014572800000000026
-0.014257340000000025
-0.014152050000000025
-0.014550620000000025
-0.013989340000000025
-0.013809300000000024
-0.014943180000000026
-0.013923710000000025
-0.014529930000000022
-0.014494070000000026
-0.014091980000000026
-0.014124910000000032
-0.014388680000000027
-0.014263680000000025
-0.014310430000000025
-0.013663960000000025
-0.014153530000000027
-0.014491680000000024
-0.014798610000000025
-0.013992620000000029
-0.014041350000000029
-0.013671770000000028
-0.013763070000000027
-0.013923650000000027
-0.013185200000000025
-0.014243040000000026
-0.013957190000000026
-0.014167510000000024
-0.013701870000000027
-0.014534470000000027
-0.014052810000000027
-0.01430233000000003
-0.01409157000000003
-0.014068710000000026
-0.013522970000000025
-0.013845000000000026
-0.013906580000000026
-0.013784780000000028
-0.013908740000000025
-0.014202340000000027
-0.014228960000000027
-0.013762380000000025
-0.013388940000000025
-0.013955550000000021
-0.013982580000000027
-0.014107180000000021
-0.013494220000000026
-0.014481250000000025
-0.014366800000000023
-0.013892590000000028
-0.014300800000000025
-0.013746560000000024
-0.014151330000000026
-0.013735220000000024
-0.013569880000000025
-0.01360912000000003
-0.013673730000000026
-0.013697380000000021
-0.01402806000000003
-0.013584070000000024
-0.013598450000000022
-0.013240540000000023
-0.014077330000000023
-0.014063070000000028
-0.013796830000000022
-0.013698810000000027
-0.013379250000000023
-0.014256810000000026
-0.014223100000000023
-0.013518660000000026
-0.013521310000000024
-0.014792800000000026
-0.013354840000000024
-0.013075420000000027
-0.013952330000000028
-0.013679870000000025
-0.013702690000000028
-0.013594140000000024
-0.013327690000000027
-0.013780090000000024
-0.012881580000000026
-0.013307060000000029
-0.013666910000000025
-0.013886690000000021
-0.013657090000000028
-0.013848080000000023
-0.013319800000000026
-0.013576390000000025
-0.013456940000000021
-0.013113590000000026
-0.013381370000000024
-0.013642530000000026
-0.012843490000000023
-0.013759400000000024
-0.014120270000000016
-0.014363450000000026
-0.013243610000000024
-0.014065880000000029
-0.014105550000000024
-0.014334250000000024
-0.014161420000000029
-0.013983910000000028
-0.013260420000000024
-0.013491760000000024
-0.013729460000000021
-0.013399550000000024
-0.013751200000000026
-0.013472250000000026
-0.013503110000000025
-0.013562560000000027
-0.013529170000000026
-0.013978490000000026
-0.013690430000000024
-0.013894900000000028
-0.013692910000000025
-0.013355410000000028
-0.013872350000000026
-0.014166230000000024
-0.013762110000000032
-0.013575920000000024
-0.013649700000000025
-0.013664390000000026
-0.013594060000000024
-0.013112950000000026
-0.013923140000000023
-0.01366446000000003
-0.013663240000000028
-0.013459780000000018
-0.013937040000000022
-0.013867630000000025
-0.013577600000000025
-0.012882410000000021
-0.014444140000000024
-0.013934410000000026
-0.014334610000000024
-0.013677290000000026
-0.013855810000000024
-0.013547670000000022
-0.012805000000000028
-0.013720970000000023
-0.013891730000000026
-0.013673760000000028
-0.013095130000000024
-0.013774110000000027
-0.013596120000000022
-0.013748580000000026
-0.012839200000000025
-0.013861790000000025
-0.013817670000000027
-0.013533500000000021
-0.013558950000000024
-0.013718060000000018
-0.013720320000000024
-0.013368590000000027
-0.013405410000000024
-0.013827720000000028
-0.013365290000000024
-0.013472120000000025
-0.013593320000000022
-0.013632910000000024
-0.013409940000000025
-0.013689320000000027
-0.014044970000000023
-0.013817650000000025
-0.013791290000000025
-0.013504170000000024
-0.013512320000000024
-0.013487190000000024
-0.013575830000000027
-0.014106540000000023
-0.013640840000000027
-0.013705400000000026
-0.013874140000000026
-0.013585410000000027
-0.013145700000000028
-0.013361580000000024
-0.014121090000000025
-0.014428360000000029
-0.013380950000000025
-0.013575880000000023
-0.013379760000000025
-0.013449960000000025
-0.013816410000000025
-0.014140760000000025
-0.01324115000000002
-0.013907200000000022
-0.014025200000000024
-0.014077720000000024
-0.01394241000000003
-0.01297083000000003
-0.013969450000000024
-0.013689270000000024
-0.013825160000000024
-0.013692450000000028
-0.013206950000000026
-0.013979700000000025
-0.013553790000000026
-0.014054880000000025
-0.013828660000000026
-0.014290170000000026
-0.013450430000000024
-0.013873810000000028
-0.013629470000000027
-0.013013340000000023
-0.013562930000000023
-0.013776390000000022
-0.013795810000000028
-0.014413130000000026
-0.013943750000000024
-0.013633050000000025
-0.013332190000000023
-0.013954540000000026
-0.013725270000000027
-0.014141860000000027
-0.013335140000000028
-0.013750590000000024
-0.013188420000000025
-0.014062240000000021
-0.013364920000000025
-0.013742260000000027
-0.013755130000000022
-0.013003460000000027
-0.013614760000000026
-0.014406810000000025
-0.013322340000000026
-0.013715650000000025
-0.013625230000000028
-0.013536640000000027
-0.014045890000000026
-0.013820780000000024
-0.013814580000000026
-0.014268290000000025
-0.013990050000000026
-0.014282710000000025
-0.013417470000000027
-0.013606750000000025
-0.014123550000000026
-0.014045720000000029
-0.013663440000000027
-0.013462390000000025
-0.014323470000000027
-0.013864600000000027
-0.01407396000000003
-0.013509290000000024
-0.013602060000000029
-0.014045990000000029
-0.013681580000000028
-0.013459980000000024
-0.01428529000000003
-0.013844190000000027
-0.013702870000000027
-0.014257180000000026
-0.014030630000000028
-0.013753120000000028
-0.013941660000000022
-0.013948410000000029
-0.013772690000000025
-0.013843100000000023
-0.013977360000000032
-0.014381500000000026
-0.01379212000000003
-0.013826200000000026
-0.014803720000000022
-0.013754210000000029
-0.013853480000000029
-0.013789350000000023
-0.013749330000000027
-0.014049220000000022
-0.013928750000000023
-0.014231680000000026
-0.013810470000000028
-0.013729300000000024
-0.014114090000000024
-0.013786060000000027
-0.01412366000000003
-0.014106670000000028
-0.014367670000000032
-0.014333150000000022
-0.013656620000000026
-0.014077490000000031
-0.014322270000000024
-0.014344430000000028
-0.013955970000000026
-0.014307860000000023
-0.014774590000000025
-0.01467156000000003
-0.014158610000000026
-0.01368306000000003
-0.014400830000000022
-0.013782480000000026
-0.013583170000000026
-0.013682430000000028
-0.013929750000000024
-0.013872660000000028
-0.01419287000000003
-0.01398693000000003
-0.013376620000000023
-0.013858060000000023
-0.01456517000000003
-0.014115660000000025
-0.014021840000000025
-0.01380689000000003
-0.013840690000000027
-0.013867370000000025
-0.014012370000000027
-0.013843790000000028
-0.013903850000000021
-0.014392360000000026
-0.013992330000000027
-0.014613280000000027
-0.014245240000000024
-0.014506200000000032
-0.014497330000000022
-0.013779220000000028
-0.014238810000000024
-0.01445255000000003
-0.014064980000000027
-0.014201600000000028
-0.013636030000000028
-0.013818410000000027
-0.014408520000000027
-0.013705820000000021
-0.013558620000000028
-0.014241440000000029
-0.01410957000000003
-0.013706320000000025
-0.013831590000000029
-0.01482204000000003
-0.014092810000000029
-0.014340900000000031
-0.014020390000000027
-0.013946880000000028
-0.013949050000000027
-0.013223530000000023
-0.014513980000000027
-0.014261710000000025
-0.013612980000000026
-0.014054780000000027
-0.013391650000000026
-0.014303630000000025
-0.013758210000000026
-0.013604960000000025
-0.013878720000000027
-0.014205360000000026
-0.014138350000000027
-0.013936150000000026
-0.013449280000000025
-0.014627650000000025
-0.01358950000000003
-0.013991010000000024
-0.013803690000000028
-0.013636440000000027
-0.013568900000000021
-0.014364380000000024
-0.013559190000000023
-0.014400440000000028
-0.013938660000000026
-0.013437050000000027
-0.013897880000000024
-0.013511980000000024
-0.013764750000000025
-0.01417010000000002
-0.013218020000000026
-0.013919470000000028
-0.014164690000000027
-0.013664770000000024
-0.014266940000000023
-0.01400869000000003
-0.014359070000000024
-0.014244980000000018
-0.013809810000000023
-0.014652890000000023
-0.014441860000000029
-0.01382828000000002
-0.013865340000000021
-0.013692360000000023
-0.013816230000000025
-0.013409480000000022
-0.014282970000000027
-0.014624160000000021
-0.014023770000000024
-0.013381680000000024
-0.013516890000000026
-0.013727700000000023
-0.013693630000000023
-0.013921710000000023
-0.013785450000000019
-0.013648660000000026
-0.013833740000000021
-0.014017360000000024
-0.013439570000000022
-0.014047280000000021
-0.01415446000000002
-0.014226580000000023
-0.01410902000000002
-0.014153600000000023
-0.013807770000000023
-0.014176630000000025
-0.013188670000000022
-0.013259970000000025
-0.013727740000000023
-0.014262540000000023
-0.013195310000000024
-0.013994280000000024
-0.014585030000000025
-0.014002690000000024
-0.013566440000000023
-0.014477640000000024
-0.01373796000000002
-0.013520830000000025
-0.014201070000000027
-0.014086110000000023
-0.014139040000000025
-0.013441090000000022
-0.014046060000000022
-0.014401210000000024
-0.013834790000000024
-0.014048280000000022
-0.013917510000000024
-0.013712470000000025
-0.013423590000000023
-0.013819830000000023
-0.01401941000000002
-0.013697040000000023
-0.013981270000000021
-0.013950710000000022
-0.014379710000000025
-0.01362131000000002
-0.01407104000000002
-0.014220040000000022
-0.013771380000000026
-0.013753290000000024
-0.013705680000000027
-0.014284510000000021
-0.01371926000000002
-0.014249550000000024
-0.013507960000000025
-0.014056280000000023
-0.014209250000000024
-0.013416000000000025
-0.013865690000000026
-0.014202370000000027
-0.013935530000000022
-0.013819590000000022
-0.013765710000000025
-0.013958080000000024
-0.013945010000000022
-0.014226120000000023
-0.013397740000000023
-0.013825290000000025
-0.013655390000000022
-0.01350794000000002
-0.013862640000000022
-0.014286890000000028
-0.01405796000000002
-0.014848570000000028
-0.014029260000000026
-0.014754510000000023
-0.013510650000000023
-0.01375601000000002
-0.01399553000000002
-0.014054760000000022
-0.01380998000000002
-0.014041710000000027
-0.013772900000000025
-0.01383856000000002
-0.013720540000000024
-0.013969770000000022
-0.013697810000000022
-0.013592030000000022
-0.013832570000000023
-0.01402022000000002
-0.014432480000000027
-0.014148830000000024
-0.014052840000000026
-0.013539440000000024
-0.01397425000000002
-0.01395761000000002
-0.014033770000000018
-0.014043110000000027
-0.014204590000000022
-0.014251300000000022
-0.013415560000000019
-0.013922860000000016
-0.013789700000000025
-0.013674910000000024
-0.014268570000000022
-0.013752630000000023
-0.013947320000000023
-0.013877120000000027
-0.014544210000000024
-0.013533310000000022
-0.013658720000000023
-0.013584450000000024
-0.013998620000000017
-0.014219930000000023
-0.013742450000000024
-0.013654050000000022
-0.014290060000000023
-0.01425894000000002
-0.013990520000000022
-0.013859980000000023
-0.01391608000000002
-0.013818220000000023
-0.014103710000000023
-0.013426830000000023
-0.014532860000000026
-0.014172880000000023
-0.014190850000000022
-0.01378336000000002
-0.013941450000000027
-0.013964120000000024
-0.013352850000000025
-0.01352871000000002
-0.013502120000000022
-0.013591880000000025
-0.013783810000000023
-0.013230040000000028
-0.014130800000000021
-0.013424470000000023
-0.01366097000000002
-0.014236300000000026
-0.013920130000000024
-0.013614160000000024
-0.01378837000000002
-0.01373332000000002
-0.014131910000000027
-0.014146360000000024
-0.013825610000000026
-0.014700950000000029
-0.013516670000000024
-0.014037690000000023
-0.014281510000000023
-0.013640620000000025
-0.013927630000000024
-0.01375136000000002
-0.013242350000000023
-0.013549440000000018
-0.013927520000000027
-0.013412680000000024
-0.013783340000000026
-0.013440100000000024
-0.014125040000000018
-0.013446490000000026
-0.013360280000000023
-0.013758550000000022
-0.013235380000000024
-0.013134520000000023
-0.013636510000000017
-0.013022320000000025
-0.013702040000000028
-0.013527820000000024
-0.014135770000000021
-0.013846380000000024
-0.013167040000000024
-0.014057670000000022
-0.013625210000000025
-0.014111630000000024
-0.013580440000000025
-0.01378619000000003
-0.013541580000000024
-0.013686430000000022
-0.013032430000000022
-0.01399200000000002
-0.013695470000000027
-0.01366767000000002
-0.013192850000000023
-0.013403780000000018
-0.012971120000000018
-0.01333980000000002
-0.01346689000000002
-0.013338700000000023
-0.013732210000000024
-0.013528430000000027
-0.013496880000000018
-0.012252380000000016
-0.012890070000000023
-0.013432550000000022
-0.013324640000000023
-0.013088960000000021
-0.012743780000000022
-0.013444940000000025
-0.01299309000000002
-0.012566590000000018
-0.01328594000000002
-0.012875850000000022
-0.012608100000000016
-0.01259067000000002
-0.012214050000000021
-0.012759290000000024
-0.01283895000000002
-0.013415650000000019
-0.01328391000000002
-0.012659130000000024
-0.013320300000000021
-0.01235682000000002
-0.013548720000000021
-0.01289377000000002
-0.013084260000000021
-0.012944640000000018
-0.012884310000000017
-0.01328278000000002
-0.013469540000000023
-0.01273242000000002
-0.012328400000000019
-0.012325810000000022
-0.013448770000000023
-0.013139460000000021
-0.012985470000000022
-0.01250888000000002
-0.012053680000000016
-0.012614980000000022
-0.012301790000000017
-0.011970790000000016
-0.012011130000000014
-0.012110170000000017
-0.011088360000000012
-0.011180290000000015
-0.011739710000000014
-0.01114061000000002
-0.010507480000000013
-0.011114640000000016
-0.011674190000000015
-0.010553700000000013
-0.010693560000000013
-0.011371270000000015
-0.010944220000000013
-0.011638910000000018
-0.010196490000000011
-0.010793930000000016
-0.010487640000000013
-0.010688200000000012
-0.010949240000000016
-0.010498860000000014
-0.01061717000000001
-0.010708880000000014
-0.010800620000000014
-0.01066553000000001
-0.011062170000000015
-0.010237710000000011
-0.010929070000000016
-0.011264470000000016
-0.010884350000000013
-0.010513990000000013
-0.011136530000000016
-0.010007070000000014
-0.010218920000000013
-0.010504550000000017
-0.01012344000000001
-0.00972170000000001
-0.01038015000000001
-0.00978556000000001
-0.010249970000000011
-0.010273760000000012
-0.01003539000000001
-0.009841510000000006
-0.009683110000000005
-0.009988140000000008
-0.009581830000000006
-0.009846860000000011
-0.009514330000000008
-0.009840090000000006
-0.009440810000000008
-0.009614970000000007
-0.010371430000000015
-0.009950920000000009
-0.00947005000000001
-0.009280480000000011
-0.00872448000000001
-0.00972905000000001
-0.009146330000000008
-0.009292860000000007
-0.008875070000000011
-0.008793840000000008
-0.008454790000000004
-0.008553710000000006
-0.009002510000000007
-0.008825170000000009
-0.008756190000000007
-0.008373300000000007
-0.008565050000000008
-0.008421350000000008
-0.00927717000000001
-0.008847500000000008
-0.009229460000000009
-0.008869800000000008
-0.008755490000000006
-0.008699090000000008
-0.008685770000000006
-0.00835977000000001
-0.008814000000000008
-0.007755900000000005
-0.008289710000000007
-0.008727050000000009
-0.00902694000000001
-0.007987920000000004
-0.008213300000000005
-0.008304130000000009
-0.008328130000000006
-0.008343480000000009
-0.008308850000000012
-0.007950430000000007
-0.007458060000000005
-0.007763460000000008
-0.008054230000000008
-0.007917510000000008
-0.0074926100000000054
-0.007054380000000007
-0.007835110000000011
-0.0078012900000000085
-0.007205990000000008
-0.007314850000000009
-0.0075870500000000075
-0.006668490000000006
-0.007034800000000004
-0.006988750000000007
-0.007781280000000006
-0.007759490000000008
-0.007390330000000009
-0.007638230000000006
-0.007701950000000008
-0.007324370000000009
-0.008431830000000012
-0.007453040000000009
-0.007426330000000008
-0.008094250000000011
-0.007580880000000009
-0.007860400000000009
-0.007912610000000007
-0.007381460000000009
-0.007078470000000008
-0.007596500000000007
-0.007117390000000006
-0.0070793400000000095
-0.007163420000000009
-0.00761535000000001
-0.00788703000000001
-0.00736967000000001
-0.0064739900000000085
-0.006813480000000007
-0.006981740000000007
-0.006608330000000007
-0.007226900000000012
-0.006929170000000011
-0.00666107000000001
-0.006956400000000008
-0.007085700000000008
-0.00722398000000001
-0.007160230000000007
-0.006609000000000009
-0.006431280000000007
-0.007497010000000007
-0.0072978600000000084
-0.006488780000000008
-0.007486300000000008
-0.006800030000000009
-0.006642230000000009
-0.005873550000000009
-0.006980170000000009
-0.005993360000000007
-0.006750550000000009
-0.006088080000000009
-0.006616010000000006
-0.0064164400000000085
-0.007294620000000012
-0.006604890000000006
-0.006840630000000009
-0.006219620000000008
-0.00670118000000001
-0.006481440000000008
-0.005448500000000007
-0.006119310000000009
-0.007337520000000011
-0.005700530000000007
-0.006565970000000007
-0.00682559000000001
-0.006375120000000008
-0.006515780000000009
-0.006910950000000008
-0.007273610000000011
-0.007456410000000009
-0.006889770000000007
-0.00635968000000001
-0.00657998000000001
-0.005935260000000009
-0.00587650000000001
-0.0068626100000000086
-0.005986930000000009
-0.006476970000000009
-0.00623848000000001
-0.0069553400000000095
-0.00586554000000001
-0.0057464100000000065
-0.006260590000000008
-0.007311860000000007
-0.006340750000000009
-0.006381760000000009
-0.006205220000000009
-0.005931660000000006
-0.006244720000000008
-0.005670770000000008
-0.0055262500000000095
-0.00680183000000001
-0.005780860000000009
-0.005230400000000008
-0.005775330000000011
-0.00573995000000001
-0.00528756000000001
-0.00587092000000001
-0.005568530000000009
-0.00570345000000001
-0.0060483400000000105
-0.0057090100000000065
-0.005813580000000009
-0.00579652000000001
-0.005698790000000009
-0.0061544100000000095
-0.005632260000000009
-0.00546591000000001
-0.0052349900000000105
-0.005901360000000011
-0.005982710000000013
-0.0058934000000000104
-0.004446270000000009
-0.00545550000000001
-0.005419530000000011
-0.005100310000000008
-0.005490850000000007
-0.005520890000000008
-0.00504882000000001
-0.006041030000000006
-0.005464310000000007
-0.005311050000000008
-0.006023550000000008
-0.005715340000000009
-0.005300120000000008
-0.005008650000000008
-0.00500563000000001
-0.0052438500000000065
-0.004647880000000004
-0.005178430000000005
-0.004457510000000004
-0.004105330000000006
-0.005304000000000006
-0.005014580000000006
-0.005167390000000005
-0.004800800000000005
-0.004373720000000005
-0.003972380000000006
-0.0036137900000000073
-0.004199360000000006
-0.005137900000000006
-0.004282720000000006
-0.004462820000000005
-0.004323700000000008
-0.003703280000000005
-0.0036754700000000053
-0.0047480400000000055
-0.003769080000000004
-0.002676760000000004
-0.0038443000000000062
-0.0033178200000000047
-0.0034083000000000065
-0.0035105500000000025
-0.003676690000000006
-0.0038991100000000073
-0.0039550300000000035
-0.004136970000000002
-0.004276800000000002
-0.003214880000000003
-0.0030496800000000043
-0.003967530000000004
-0.0031043200000000037
-0.003777380000000003
-0.0030252000000000044
-0.002413580000000003
-0.002889890000000004
-0.003452220000000004
-0.0028513000000000045
-0.003157900000000004
-0.0030094100000000045
-0.0025435900000000027
-0.003103140000000003
-0.003423760000000003
-0.003773740000000004
-0.0025082300000000024
-0.0030610500000000057
-0.002801960000000005
-0.002251810000000003
-0.002882680000000004
-0.0031803700000000022
-0.0032667600000000035
-0.002640680000000003
-0.0023887700000000027
-0.002594940000000005
-0.0030636600000000045
-0.002132070000000004
-0.0027757300000000045
-0.0022089300000000035
-0.002668380000000006
-0.0019156900000000057
-0.0023523700000000042
-0.0020715100000000043
-0.002044050000000006
-0.002345830000000006
-0.0021234700000000053
-0.0015876300000000048
-0.0015157200000000051
-0.001758740000000006
-0.001953980000000007
-0.0016209100000000058
-0.002196360000000008
-0.0013868700000000075
-0.0010871800000000062
-0.0009486200000000046
-0.000441760000000005
-0.0018481300000000047
-0.0013034400000000062
-0.0012792800000000063
-0.0013038700000000043
-0.0008824400000000072
-0.001468190000000009
-0.0005918100000000076
-0.0006767200000000067
-0.0010321900000000077
-0.0013114900000000074
7.996999999999476e-05
-0.0002248600000000084
-0.0003919900000000087
-0.00020979000000001017
-0.0005632400000000087
-0.0011807200000000092
-0.001175890000000008
-0.0006322800000000095
-0.0010934900000000092
-0.0011507200000000094
-0.0009326100000000097
-0.0007771900000000093
-0.0004129700000000092
-0.0004585300000000093
-0.0005181300000000068
-0.0005311300000000088
9.216999999999032e-05
-7.308000000001061e-05
-0.00044315000000000993
-5.139000000000881e-05
-0.00042878000000000783
-0.0004147300000000103
-0.0004441500000000103
-0.00076293000000001
1.4499999999911719e-06
0.00029217999999999155
9.651999999998983e-05
-0.0011782600000000115
-0.00013216000000001023
-0.0006717000000000109
-0.0003401500000000085
-0.0004168200000000103
-0.0004831900000000103
-0.0003645800000000099
0.0005731099999999912
-0.0003993800000000104
-5.131000000000877e-05
-0.00025951000000001053
-0.001064760000000011
-0.0008536300000000123
-0.00022566000000000944
-1.8080000000007826e-05
-0.0006512400000000108
-0.0009499000000000106
-0.0008371000000000103
0.0001332899999999901
-0.0003797200000000102
-0.00042144000000000973
-0.0009339300000000105
-0.0005272300000000094
-0.0003138800000000086
-0.0005518000000000116
-0.00044055000000001003
-0.0005046200000000111
-0.00027285000000001094
-0.00041923000000000996
-0.00011759000000001034
6.381999999998849e-05
-7.975000000000907e-05
-0.00020408000000000917
-0.0003915600000000092
-0.00018093000000000931
0.00010913999999998939
-0.0005635100000000117
-0.00012746000000001084
-0.0003083200000000105
-0.00020764000000000977
-0.0005387400000000092
5.229999999989774e-06
-0.00020312000000001037
0.0003465599999999901
-0.0002620300000000111
0.00025399999999998937
-0.0006105500000000104
-0.00036417000000001044
-0.0003439800000000123
-0.0007512700000000132
4.171999999998812e-05
-0.0006284200000000124
-0.00024418000000001153
-0.00035649000000001144
0.0003970899999999889
-0.00032482000000001043
4.9369999999989466e-05
-0.0008693600000000104
9.216999999998984e-05
-0.0004509500000000112
4.96199999999895e-05
5.005999999998807e-05
0.00021974999999998946
7.55799999999907e-05
-0.00032126000000001
-0.0002147700000000103
-0.00020307000000001124
0.0004771599999999901
-0.0006296800000000094
-0.0006284800000000108
0.0008476799999999899
-0.00020731000000000907
7.4099999999882205e-06
0.00021902999999998975
7.097999999998845e-05
-0.00012484000000001207
-0.0008062200000000098
-0.00028267000000001
1.3429999999991096e-05
8.694999999999005e-05
-0.0009186600000000111
-0.0006556600000000119
-0.0004346700000000098
5.479999999988931e-06
0.0001687799999999898
-0.0005258400000000111
-0.00022969000000000995
-0.0001222100000000128
0.00025472999999998774
0.00011629999999998862
5.389999999998957e-05
0.00022977999999998874
0.00010947999999999068
0.00037928999999999003
0.00037852999999998934
-2.636000000001298e-05
-0.0004136400000000122
8.775999999998883e-05
-0.0002637300000000113
0.0004112099999999892
4.032999999998892e-05
0.00045100999999998987
1.3969999999989573e-05
5.287999999998848e-05
0.0002057899999999912
-0.0002516700000000122
0.00020773999999998925
-0.0002590600000000118
-0.00033959000000001216
0.0002759699999999888
-4.761000000000979e-05
0.0008544099999999904
-0.0003035300000000114
-0.00021409000000001218
-7.00900000000113e-05
-0.00014662000000001082
-0.0004736700000000129
-0.00019379000000001212
0.00035709999999998916
6.757999999998951e-05
0.0007343799999999899
-6.63000000000099e-05
1.899999999904192e-07
-0.0006758000000000108
-0.0003305200000000119
0.00024613999999998975
-0.0002878100000000105
-0.0002983700000000118
-0.00029985000000001127
5.209999999988559e-06
-0.0004641900000000117
-0.0008965300000000123
-0.0003054100000000122
