-0.10795099999999995
-0.09243599999999995
-0.09243599999999995
-0.09243599999999995
-0.090558
-0.08982799999999999
-0.08647200000000001
-0.08203600000000005
-0.08203600000000005
-0.08091499999999997
-0.07857899999999998
-0.07852500000000014
-0.07752800000000008
-0.07625000000000005
-0.07523800000000011
-0.07523800000000011
-0.07234999999999997
-0.07234999999999997
-0.07234999999999997
-0.06861100000000005
-0.06861100000000005
-0.06861100000000005
-0.06861100000000005
-0.06835900000000003
-0.0648130000000001
-0.0648130000000001
-0.0648130000000001
-0.0648130000000001
-0.06333700000000006
-0.06333700000000006
-0.06333700000000006
-0.06030400000000012
-0.06030400000000012
-0.06030400000000012
-0.06030400000000012
-0.06030400000000012
-0.06030400000000012
-0.06030400000000012
-0.06030400000000012
-0.06030400000000012
-0.05895400000000004
-0.05811600000000008
-0.056826000000000064
-0.05613699999999999
-0.05248299999999997
-0.05248299999999997
-0.049884000000000046
-0.049884000000000046
-0.049884000000000046
-0.049884000000000046
-0.049502000000000025
-0.047133000000000036
-0.047133000000000036
-0.047133000000000036
-0.047133000000000036
-0.047133000000000036
-0.047133000000000036
-0.047133000000000036
-0.047133000000000036
-0.047133000000000036
-0.047133000000000036
-0.047133000000000036
-0.04595600000000009
-0.04595600000000009
-0.04595600000000009
-0.04595600000000009
-0.04595600000000009
-0.04533600000000002
-0.04533600000000002
-0.04533600000000002
-0.04533600000000002
-0.04533600000000002
-0.04533600000000002
-0.04533600000000002
-0.04510899999999999
-0.04510899999999999
-0.041658000000000035
-0.041658000000000035
-0.041658000000000035
-0.041658000000000035
-0.041658000000000035
-0.041658000000000035
-0.041658000000000035
-0.041658000000000035
-0.041658000000000035
-0.041658000000000035
-0.041658000000000035
-0.041658000000000035
-0.04102100000000003
-0.04102100000000003
-0.04102100000000003
-0.04102100000000003
-0.04102100000000003
-0.038334000000000035
-0.038334000000000035
-0.038334000000000035
-0.038334000000000035
-0.038334000000000035
-0.038334000000000035
-0.038334000000000035
-0.038334000000000035
-0.038334000000000035
-0.038334000000000035
-0.03760500000000007
-0.03722100000000002
-0.03722100000000002
-0.03708500000000004
-0.03708500000000004
-0.03616200000000005
-0.03616200000000005
-0.03616200000000005
-0.03616200000000005
-0.03616200000000005
-0.03616200000000005
-0.03616200000000005
-0.035126000000000046
-0.035126000000000046
-0.029653000000000047
-0.029653000000000047
-0.029653000000000047
-0.029653000000000047
-0.029653000000000047
-0.029653000000000047
-0.028507000000000015
-0.028507000000000015
-0.028507000000000015
-0.028507000000000015
-0.028507000000000015
-0.028507000000000015
-0.028507000000000015
-0.028507000000000015
-0.028507000000000015
-0.028507000000000015
-0.028507000000000015
-0.028507000000000015
-0.028507000000000015
-0.028507000000000015
-0.028507000000000015
-0.028507000000000015
-0.028507000000000015
-0.028507000000000015
-0.028507000000000015
-0.027490000000000032
-0.027490000000000032
-0.027490000000000032
-0.027490000000000032
-0.027490000000000032
-0.027490000000000032
-0.027490000000000032
-0.027490000000000032
-0.027490000000000032
-0.027490000000000032
-0.027490000000000032
-0.027490000000000032
-0.026881000000000023
-0.026881000000000023
-0.026881000000000023
-0.026881000000000023
-0.026881000000000023
-0.026881000000000023
-0.026881000000000023
-0.026881000000000023
-0.026881000000000023
-0.026881000000000023
-0.026881000000000023
-0.026881000000000023
-0.026881000000000023
-0.026881000000000023
-0.026881000000000023
-0.026881000000000023
-0.026881000000000023
-0.026881000000000023
-0.026754000000000024
-0.026754000000000024
-0.026754000000000024
-0.026754000000000024
-0.026754000000000024
-0.026754000000000024
-0.026754000000000024
-0.026754000000000024
-0.026754000000000024
-0.026754000000000024
-0.026754000000000024
-0.026754000000000024
-0.026754000000000024
-0.026754000000000024
-0.026754000000000024
-0.026754000000000024
-0.026754000000000024
-0.026754000000000024
-0.026754000000000024
-0.026754000000000024
-0.026621
-0.026621
-0.026621
-0.026621
-0.026621
-0.026621
-0.026621
-0.026621
-0.026621
-0.026621
-0.026621
-0.026621
-0.026621
-0.026621
-0.026178000000000014
-0.026178000000000014
-0.026178000000000014
-0.026178000000000014
-0.026087000000000034
-0.026087000000000034
-0.026087000000000034
-0.026087000000000034
-0.026087000000000034
-0.026087000000000034
-0.026087000000000034
-0.026087000000000034
-0.026087000000000034
-0.026087000000000034
-0.026087000000000034
-0.026087000000000034
-0.026087000000000034
-0.023339999999999996
-0.023339999999999996
-0.023339999999999996
-0.023339999999999996
-0.023339999999999996
-0.023339999999999996
-0.023339999999999996
-0.023339999999999996
-0.023339999999999996
-0.023339999999999996
-0.023339999999999996
-0.023339999999999996
-0.023339999999999996
-0.023339999999999996
-0.023339999999999996
-0.023339999999999996
-0.023339999999999996
-0.023339999999999996
-0.023339999999999996
-0.023339999999999996
-0.023339999999999996
-0.023339999999999996
-0.023339999999999996
-0.023339999999999996
-0.023339999999999996
-0.023339999999999996
-0.023339999999999996
-0.023339999999999996
-0.023339999999999996
-0.023339999999999996
-0.023339999999999996
-0.023339999999999996
-0.023339999999999996
-0.023339999999999996
-0.023339999999999996
-0.023339999999999996
-0.023339999999999996
-0.01989400000000004
-0.01989400000000004
-0.01989400000000004
-0.01989400000000004
-0.01989400000000004
-0.01989400000000004
-0.01989400000000004
-0.01989400000000004
-0.01989400000000004
-0.01989400000000004
-0.01989400000000004
-0.01989400000000004
-0.01989400000000004
-0.01989400000000004
-0.01989400000000004
-0.01989400000000004
-0.01989400000000004
-0.01989400000000004
-0.01989400000000004
-0.01989400000000004
-0.01989400000000004
-0.01989400000000004
-0.01989400000000004
-0.01989400000000004
-0.01989400000000004
-0.01989400000000004
-0.01989400000000004
-0.01989400000000004
-0.01989400000000004
-0.01989400000000004
-0.019721000000000027
-0.019721000000000027
-0.019721000000000027
-0.019721000000000027
-0.019721000000000027
-0.019383000000000053
-0.019383000000000053
-0.019383000000000053
-0.019383000000000053
-0.019383000000000053
-0.019383000000000053
-0.019383000000000053
-0.019383000000000053
-0.019383000000000053
-0.019383000000000053
-0.019383000000000053
-0.019383000000000053
-0.019383000000000053
-0.019276000000000043
-0.019276000000000043
-0.019276000000000043
-0.019276000000000043
-0.019276000000000043
-0.019276000000000043
-0.019276000000000043
-0.019276000000000043
-0.01643200000000005
-0.01643200000000005
-0.01643200000000005
-0.01643200000000005
-0.01643200000000005
-0.01643200000000005
-0.01643200000000005
-0.01643200000000005
-0.01643200000000005
-0.01643200000000005
-0.01643200000000005
-0.01643200000000005
-0.01643200000000005
-0.01643200000000005
-0.01643200000000005
-0.01643200000000005
-0.01643200000000005
-0.01643200000000005
-0.01643200000000005
-0.01643200000000005
-0.01643200000000005
-0.01643200000000005
-0.01643200000000005
-0.01643200000000005
-0.01643200000000005
-0.01643200000000005
-0.01643200000000005
-0.01643200000000005
-0.01643200000000005
-0.01643200000000005
-0.01643200000000005
-0.01643200000000005
-0.01643200000000005
-0.01643200000000005
-0.01643200000000005
-0.01643200000000005
-0.01643200000000005
-0.01643200000000005
-0.01643200000000005
-0.01643200000000005
-0.01643200000000005
-0.01643200000000005
-0.01643200000000005
-0.01643200000000005
-0.013368000000000064
-0.013368000000000064
-0.013368000000000064
-0.013368000000000064
-0.013368000000000064
-0.013368000000000064
-0.013368000000000064
-0.013368000000000064
-0.013368000000000064
-0.013368000000000064
-0.013368000000000064
-0.013368000000000064
-0.013368000000000064
-0.013368000000000064
-0.013290000000000038
-0.013290000000000038
-0.013290000000000038
-0.013290000000000038
-0.013290000000000038
-0.013290000000000038
-0.013290000000000038
-0.013290000000000038
-0.012504000000000041
-0.012504000000000041
-0.012504000000000041
-0.012504000000000041
-0.012504000000000041
-0.012504000000000041
-0.012504000000000041
-0.012504000000000041
-0.012504000000000041
-0.012504000000000041
-0.012504000000000041
-0.012504000000000041
-0.012504000000000041
-0.012504000000000041
-0.012504000000000041
-0.012504000000000041
-0.012504000000000041
-0.01071200000000003
-0.01071200000000003
-0.01071200000000003
-0.01071200000000003
-0.01071200000000003
-0.01071200000000003
-0.01071200000000003
-0.01071200000000003
-0.01071200000000003
-0.01071200000000003
-0.01071200000000003
-0.01071200000000003
-0.01071200000000003
-0.01071200000000003
-0.01071200000000003
-0.01071200000000003
-0.01071200000000003
-0.01071200000000003
-0.01071200000000003
-0.01071200000000003
-0.01071200000000003
-0.01071200000000003
-0.01071200000000003
-0.01071200000000003
-0.01071200000000003
-0.01071200000000003
-0.01071200000000003
-0.01071200000000003
-0.01071200000000003
-0.01071200000000003
-0.01071200000000003
-0.01071200000000003
-0.01071200000000003
-0.01071200000000003
-0.01071200000000003
-0.01071200000000003
-0.010024000000000033
-0.010024000000000033
-0.008303000000000038
-0.008303000000000038
-0.008303000000000038
-0.008303000000000038
-0.008303000000000038
-0.008303000000000038
-0.008303000000000038
-0.008303000000000038
-0.008303000000000038
-0.008303000000000038
-0.008303000000000038
-0.008303000000000038
-0.008303000000000038
-0.008303000000000038
-0.008303000000000038
-0.008303000000000038
-0.008303000000000038
-0.008303000000000038
-0.008303000000000038
-0.008303000000000038
-0.008303000000000038
-0.008303000000000038
-0.008303000000000038
-0.008303000000000038
-0.008303000000000038
-0.008303000000000038
-0.008303000000000038
-0.008303000000000038
-0.008303000000000038
-0.008303000000000038
-0.008303000000000038
-0.008303000000000038
-0.008303000000000038
-0.008303000000000038
-0.008303000000000038
-0.008303000000000038
-0.008303000000000038
-0.008303000000000038
-0.008303000000000038
-0.008303000000000038
-0.008303000000000038
-0.008162000000000022
-0.008162000000000022
-0.008162000000000022
-0.008162000000000022
-0.007712000000000013
-0.007712000000000013
-0.007712000000000013
-0.007712000000000013
-0.007712000000000013
-0.007712000000000013
-0.007712000000000013
-0.007712000000000013
-0.007712000000000013
-0.007712000000000013
-0.007712000000000013
-0.007712000000000013
-0.007712000000000013
-0.007712000000000013
-0.007712000000000013
-0.007712000000000013
-0.006972000000000027
-0.006972000000000027
-0.006972000000000027
-0.006972000000000027
-0.006972000000000027
-0.006972000000000027
-0.006972000000000027
-0.006972000000000027
-0.006972000000000027
-0.006972000000000027
-0.006972000000000027
-0.006972000000000027
-0.006972000000000027
-0.006972000000000027
-0.006972000000000027
-0.006972000000000027
-0.006972000000000027
-0.006972000000000027
-0.006957000000000002
-0.006957000000000002
-0.006957000000000002
-0.006957000000000002
-0.006957000000000002
-0.006957000000000002
-0.006957000000000002
-0.006957000000000002
-0.006957000000000002
-0.006957000000000002
-0.006957000000000002
-0.006745000000000036
-0.006745000000000036
-0.006745000000000036
-0.006745000000000036
-0.006745000000000036
-0.00628800000000001
-0.00628800000000001
-0.00628800000000001
-0.00628800000000001
-0.00628800000000001
-0.00628800000000001
-0.00628800000000001
-0.00628800000000001
-0.00628800000000001
-0.00628800000000001
-0.00576900000000001
-0.00576900000000001
-0.00576900000000001
-0.00576900000000001
-0.00576900000000001
-0.00576900000000001
-0.00576900000000001
-0.00576900000000001
-0.00576900000000001
-0.00576900000000001
-0.00576900000000001
-0.00576900000000001
-0.00576900000000001
-0.00576900000000001
-0.00576900000000001
-0.00576900000000001
-0.002505999999999997
-0.002505999999999997
-0.002505999999999997
-0.002505999999999997
-0.002505999999999997
-0.002505999999999997
-0.002505999999999997
-0.002505999999999997
-0.002505999999999997
-0.002505999999999997
-0.002505999999999997
-0.002505999999999997
-0.002505999999999997
-0.002505999999999997
-0.002505999999999997
-0.002505999999999997
-0.002505999999999997
-0.002505999999999997
-0.002505999999999997
-0.002505999999999997
-0.002505999999999997
-0.002505999999999997
-0.002505999999999997
-0.002505999999999997
-0.002505999999999997
-0.002505999999999997
-0.002505999999999997
-0.002505999999999997
-0.002505999999999997
-0.002505999999999997
-0.002505999999999997
-0.002505999999999997
-0.002505999999999997
-0.002505999999999997
-0.002505999999999997
-0.002505999999999997
-0.002505999999999997
-0.002505999999999997
-0.002505999999999997
-0.002505999999999997
-0.002505999999999997
-0.002505999999999997
-0.002505999999999997
-0.002505999999999997
-0.002505999999999997
-0.002505999999999997
-0.002505999999999997
-0.002505999999999997
-0.002505999999999997
-0.002505999999999997
-0.002505999999999997
-0.002505999999999997
-0.002505999999999997
-0.002505999999999997
-0.002505999999999997
-0.002505999999999997
-0.002505999999999997
-0.002505999999999997
-0.002505999999999997
-0.002505999999999997
-0.002505999999999997
-0.002505999999999997
-0.002505999999999997
-0.002505999999999997
-0.002505999999999997
-0.002505999999999997
-0.002505999999999997
-0.002505999999999997
-0.002505999999999997
-0.002505999999999997
-0.002505999999999997
-0.002505999999999997
-0.002505999999999997
-0.002505999999999997
-0.002505999999999997
-0.002505999999999997
-0.002505999999999997
-0.002505999999999997
-0.002505999999999997
-0.002505999999999997
-0.002505999999999997
-0.002505999999999997
-0.002505999999999997
-0.002505999999999997
-0.002505999999999997
-0.002505999999999997
-0.002505999999999997
-0.002505999999999997
-0.002505999999999997
-0.002505999999999997
-0.002505999999999997
-0.002505999999999997
-0.002505999999999997
-0.002505999999999997
-0.002505999999999997
-0.002505999999999997
-0.002505999999999997
-0.002505999999999997
-0.002505999999999997
-0.002505999999999997
-0.002505999999999997
-0.002505999999999997
-0.002505999999999997
-0.002505999999999997
-0.002505999999999997
-0.002505999999999997
-0.002505999999999997
-0.002505999999999997
-0.002505999999999997
-0.002505999999999997
-0.002505999999999997
-0.002505999999999997
-0.002505999999999997
-0.002505999999999997
-0.002505999999999997
-0.002505999999999997
-0.002505999999999997
-0.002505999999999997
-0.002505999999999997
-0.002505999999999997
-0.002505999999999997
-0.002505999999999997
-0.002505999999999997
-0.002505999999999997
-0.002505999999999997
-0.002505999999999997
-0.002505999999999997
-0.002505999999999997
-0.002505999999999997
-0.002505999999999997
-0.002505999999999997
-0.002505999999999997
-0.002505999999999997
-0.002505999999999997
-0.002505999999999997
-0.002505999999999997
-0.002505999999999997
-0.002505999999999997
-0.002505999999999997
-0.002505999999999997
-0.002505999999999997
-0.002505999999999997
-0.002505999999999997
-0.002505999999999997
-0.002505999999999997
-0.002505999999999997
-0.002505999999999997
-0.002505999999999997
-0.002505999999999997
-0.002505999999999997
-0.002505999999999997
-0.002505999999999997
-0.002505999999999997
-0.002505999999999997
-0.002505999999999997
-0.002505999999999997
-0.002505999999999997
-0.002505999999999997
-0.002505999999999997
-0.002505999999999997
-0.002505999999999997
-0.002505999999999997
-0.002505999999999997
-0.002505999999999997
-0.002505999999999997
-0.002505999999999997
-0.002505999999999997
-0.002505999999999997
-0.002505999999999997
-0.002505999999999997
-0.002505999999999997
-0.002505999999999997
-0.002505999999999997
-0.002505999999999997
-0.002505999999999997
-0.002505999999999997
-0.002505999999999997
-0.002505999999999997
-0.002505999999999997
-0.002505999999999997
-0.002505999999999997
-0.002505999999999997
-0.002505999999999997
-0.002505999999999997
-0.002505999999999997
-0.002505999999999997
-0.002505999999999997
-0.002505999999999997
-0.002505999999999997
-0.002505999999999997
-0.002505999999999997
-0.002505999999999997
-0.002505999999999997
-0.002505999999999997
-0.002505999999999997
-0.002505999999999997
-0.002505999999999997
-0.002505999999999997
-0.002505999999999997
-0.002505999999999997
-0.002505999999999997
-0.002505999999999997
-0.002505999999999997
-0.002505999999999997
-0.002505999999999997
-0.002505999999999997
-0.002505999999999997
-0.002505999999999997
-0.002505999999999997
-0.002505999999999997
-0.002505999999999997
-0.002505999999999997
-0.002505999999999997
-0.002505999999999997
-0.002505999999999997
-0.002505999999999997
-0.002505999999999997
-0.002505999999999997
-0.002505999999999997
-0.002505999999999997
-0.002505999999999997
-0.002505999999999997
-0.002505999999999997
-0.002505999999999997
-0.002505999999999997
-0.002505999999999997
-0.002505999999999997
-0.002505999999999997
-0.002505999999999997
-0.002505999999999997
-0.002505999999999997
-0.002505999999999997
-0.002505999999999997
-0.002505999999999997
-0.002505999999999997
-0.002505999999999997
-0.002505999999999997
-0.002505999999999997
-0.002505999999999997
-0.002505999999999997
-0.002505999999999997
-0.002505999999999997
-0.002505999999999997
-0.002505999999999997
-0.002505999999999997
-0.002505999999999997
-0.002505999999999997
-0.002505999999999997
-0.002505999999999997
-0.002505999999999997
-0.002505999999999997
-0.002505999999999997
-0.002505999999999997
-0.002505999999999997
-0.002505999999999997
-0.002505999999999997
-0.002505999999999997
-0.002505999999999997
-0.002505999999999997
-0.002505999999999997
-0.002505999999999997
-0.002505999999999997
-0.002505999999999997
-0.002505999999999997
-0.002505999999999997
-0.002505999999999997
-0.002505999999999997
-0.002505999999999997
-0.002505999999999997
-0.002505999999999997
-0.002505999999999997
-0.002505999999999997
-0.002505999999999997
-0.002505999999999997
-0.002505999999999997
-0.002505999999999997
-0.002505999999999997
-0.002505999999999997
-0.002505999999999997
-0.002505999999999997
-0.002505999999999997
-0.002505999999999997
-0.002505999999999997
-0.002505999999999997
-0.002505999999999997
-0.0019170000000000044
-0.0019170000000000044
-0.0019170000000000044
-0.0019170000000000044
-0.0019170000000000044
-0.0019170000000000044
-0.0019170000000000044
-0.0019170000000000044
-0.0019170000000000044
-0.0019170000000000044
-0.0019170000000000044
-0.0019170000000000044
-0.0019170000000000044
-0.0019170000000000044
-0.0019170000000000044
-0.0019170000000000044
-0.0019170000000000044
-0.0019170000000000044
-0.0019170000000000044
-0.0019170000000000044
-0.0019170000000000044
-0.0019170000000000044
-0.0019170000000000044
-0.0019170000000000044
-0.0019170000000000044
-0.0019170000000000044
-0.0019170000000000044
-0.0019170000000000044
-0.0019170000000000044
-0.0019170000000000044
-0.0019170000000000044
-0.0019170000000000044
-0.0019170000000000044
-0.0019170000000000044
-0.0019170000000000044
-0.0019170000000000044
-0.0019170000000000044
-0.0019170000000000044
-0.0019170000000000044
-0.0019170000000000044
-0.0019170000000000044
-0.0019170000000000044
-0.0019170000000000044
-0.0019170000000000044
-0.0019170000000000044
-0.0019170000000000044
-0.0019170000000000044
-0.0019170000000000044
-0.0019170000000000044
-0.0019170000000000044
-0.0019170000000000044
-0.0019170000000000044
-0.0019170000000000044
-0.0019170000000000044
-0.0019170000000000044
-0.0019170000000000044
-0.0019170000000000044
-0.0019170000000000044
-0.0019170000000000044
-0.0019170000000000044
-0.0019170000000000044
-0.0019170000000000044
-0.0019170000000000044
-0.0019170000000000044
-0.0019170000000000044
-0.0019170000000000044
-0.0019170000000000044
-0.0019170000000000044
-0.0019170000000000044
-0.0019170000000000044
-0.0019170000000000044
-0.0019170000000000044
-0.0019170000000000044
-0.0019170000000000044
-0.0019170000000000044
-0.0019170000000000044
-0.0019170000000000044
-0.0019170000000000044
-0.0019170000000000044
-0.0019170000000000044
-0.0019170000000000044
-0.0019170000000000044
-0.0019170000000000044
-0.0019170000000000044
-0.0019170000000000044
-0.0019170000000000044
-0.0019170000000000044
-0.0019170000000000044
-0.0019170000000000044
-0.0019170000000000044
-0.0019170000000000044
-0.0019170000000000044
-0.0019170000000000044
-0.0019170000000000044
-0.0019170000000000044
-0.0019170000000000044
-0.0019170000000000044
-0.0019170000000000044
-0.0019170000000000044
-0.0019170000000000044
-0.0019170000000000044
-0.0019170000000000044
-0.0019170000000000044
-0.0019170000000000044
-0.0019170000000000044
-0.0019170000000000044
-0.0019170000000000044
-0.0019170000000000044
-0.0019170000000000044
-0.0019170000000000044
-0.0019170000000000044
-0.0019170000000000044
-0.0019170000000000044
-0.0019170000000000044
-0.0019170000000000044
-0.0019170000000000044
-0.0019170000000000044
-0.0019170000000000044
-0.0019170000000000044
-0.0019170000000000044
-0.0019170000000000044
-0.0019170000000000044
-0.0019170000000000044
-0.0019170000000000044
-0.0019170000000000044
-0.0019170000000000044
-0.0019170000000000044
-0.0019170000000000044
-0.0019170000000000044
-0.0019170000000000044
-0.0019170000000000044
-0.0019170000000000044
-0.0019170000000000044
-0.0019170000000000044
-0.0019170000000000044
-0.0019170000000000044
-0.0019170000000000044
-0.0019170000000000044
-0.0019170000000000044
-0.0019170000000000044
-0.0019170000000000044
-0.0019170000000000044
-0.0019170000000000044
-0.0019170000000000044
-0.0019170000000000044
-0.0019170000000000044
-0.0019170000000000044
-0.0019170000000000044
-0.0019170000000000044
-0.0019170000000000044
-0.0019170000000000044
-0.0019170000000000044
-0.0019170000000000044
-0.0019170000000000044
-0.0019170000000000044
-0.0019170000000000044
-0.0019170000000000044
-0.0019170000000000044
-0.0019170000000000044
-0.0019170000000000044
-0.0019170000000000044
-0.0019170000000000044
-0.0019170000000000044
-0.0019170000000000044
-0.0019170000000000044
-0.0019170000000000044
-0.0019170000000000044
-0.0019170000000000044
-0.0019170000000000044
-0.0019170000000000044
-0.0019170000000000044
-0.0019170000000000044
-0.0019170000000000044
-0.0019170000000000044
-0.0019170000000000044
-0.0019170000000000044
-0.0019170000000000044
-0.0019170000000000044
-0.0019170000000000044
-0.0019170000000000044
-0.0019170000000000044
-0.0019170000000000044
-0.0019170000000000044
-0.0019170000000000044
-0.0019170000000000044
-0.0019170000000000044
-0.0019170000000000044
-0.0019170000000000044
-0.0019170000000000044
-0.0019170000000000044
-0.0019170000000000044
-0.0019170000000000044
-0.0019170000000000044
-0.0019170000000000044
-0.0019170000000000044
-0.0019170000000000044
-0.0019170000000000044
-0.0019170000000000044
-0.0019170000000000044
-0.0019170000000000044
-0.0019170000000000044
-0.0019170000000000044
-0.0019170000000000044
-0.0019170000000000044
-0.0019170000000000044
-0.0019170000000000044
-0.0019170000000000044
-0.0019170000000000044
-0.0019170000000000044
-0.0019170000000000044
-0.0019170000000000044
-0.0019170000000000044
-0.0019170000000000044
-0.0019170000000000044
-0.0019170000000000044
-0.0019170000000000044
-0.0019170000000000044
-0.0019170000000000044
-0.0019170000000000044
-0.0019170000000000044
-0.0019170000000000044
-0.0019170000000000044
-0.0019170000000000044
-0.0019170000000000044
-0.0019170000000000044
-0.0019170000000000044
-0.0019170000000000044
-0.0019170000000000044
-0.0019170000000000044
-0.0019170000000000044
-0.0019170000000000044
-0.0019170000000000044
-0.0019170000000000044
-0.0019170000000000044
-0.0019170000000000044
-0.0019170000000000044
-0.0019170000000000044
-0.0019170000000000044
-0.0019170000000000044
-0.0019170000000000044
-0.0019170000000000044
-0.0019170000000000044
-0.0019170000000000044
-0.0019170000000000044
-0.0019170000000000044
-0.0019170000000000044
-0.0019170000000000044
-0.0019170000000000044
-0.0019170000000000044
-0.0019170000000000044
-0.0019170000000000044
-0.0019170000000000044
-0.0019170000000000044
-0.0019170000000000044
-0.0019170000000000044
-0.0019170000000000044
-0.0019170000000000044
-0.0019170000000000044
-0.0019170000000000044
-0.0019170000000000044
-0.0019170000000000044
-0.0019170000000000044
-0.0019170000000000044
-0.0019170000000000044
-0.0019170000000000044
-0.0019170000000000044
-0.0019170000000000044
-0.0019170000000000044
-0.0019170000000000044
-0.0019170000000000044
-0.0019170000000000044
-0.0019170000000000044
-0.0019170000000000044
-0.0019170000000000044
-0.0019170000000000044
-0.0019170000000000044
-0.0019170000000000044
-0.0019170000000000044
-0.0019170000000000044
-0.0019170000000000044
-0.0019170000000000044
-0.0019170000000000044
-0.0019170000000000044
-0.0019170000000000044
-0.0019170000000000044
-0.0019170000000000044
-0.0019170000000000044
-0.0019170000000000044
-0.0019170000000000044
-0.0019170000000000044
-0.0019170000000000044
-0.0019170000000000044
-0.0019170000000000044
-0.0019170000000000044
-0.0019170000000000044
-0.0019170000000000044
-0.0019170000000000044
-0.0019170000000000044
-0.0019170000000000044
-0.0019170000000000044
-0.0019170000000000044
-0.0019170000000000044
-0.0019170000000000044
-0.0019170000000000044
-0.0019170000000000044
-0.0019170000000000044
-0.0019170000000000044
-0.0019170000000000044
-0.0019170000000000044
-0.0019170000000000044
-0.0019170000000000044
-0.0019170000000000044
-0.0019170000000000044
-0.0019170000000000044
-0.0019170000000000044
-0.0019170000000000044
-0.0019170000000000044
-0.0019170000000000044
-0.0019170000000000044
-0.0019170000000000044
-0.0019170000000000044
-0.0019170000000000044
-0.0019170000000000044
-0.0019170000000000044
-0.0019170000000000044
-0.0019170000000000044
-0.0019170000000000044
-0.0019170000000000044
-0.0019170000000000044
-0.0019170000000000044
-0.0019170000000000044
-0.0019170000000000044
-0.0019170000000000044
-0.0019170000000000044
-0.0019170000000000044
-0.0019170000000000044
-0.0019170000000000044
-0.0019170000000000044
-0.0019170000000000044
-0.0019170000000000044
-0.0019170000000000044
-0.0019170000000000044
-0.0019170000000000044
-0.0019170000000000044
-0.0019170000000000044
-0.0019170000000000044
-0.0019170000000000044
-0.0019170000000000044
-0.0019170000000000044
-0.0019170000000000044
-0.0019170000000000044
-0.0019170000000000044
-0.0019170000000000044
-0.0019170000000000044
-0.0019170000000000044
-0.0019170000000000044
-0.0019170000000000044
-0.0019170000000000044
-0.0019170000000000044
-0.0019170000000000044
-0.0019170000000000044
-0.0019170000000000044
-0.0019170000000000044
-0.0019170000000000044
-0.0019170000000000044
-0.0019170000000000044
-0.0019170000000000044
-0.0019170000000000044
-0.0019170000000000044
-0.0019170000000000044
-0.0019170000000000044
-0.0019170000000000044
-0.0019170000000000044
-0.0019170000000000044
-0.0019170000000000044
-0.0019170000000000044
-0.0019170000000000044
-0.0019170000000000044
-0.0019170000000000044
-0.0019170000000000044
-0.0019170000000000044
-0.0019170000000000044
-0.0019170000000000044
-0.0019170000000000044
-0.0019170000000000044
-0.0019170000000000044
-0.0019170000000000044
-0.0019170000000000044
-0.0019170000000000044
-0.0019170000000000044
-0.0019170000000000044
-0.0019170000000000044
-0.0019170000000000044
-0.0019170000000000044
-0.0019170000000000044
-0.0019170000000000044
-0.0019170000000000044
-0.0019170000000000044
-0.0019170000000000044
-0.0019170000000000044
-0.0019170000000000044
-0.0019170000000000044
-0.0019170000000000044
-0.0019170000000000044
-0.0019170000000000044
-0.0019170000000000044
-0.0019170000000000044
-0.0019170000000000044
-0.0019170000000000044
-0.0019170000000000044
-0.0019170000000000044
-0.0019170000000000044
-0.0019170000000000044
-0.0019170000000000044
-0.0019170000000000044
-0.0019170000000000044
-0.0019170000000000044
-0.0019170000000000044
-0.0019170000000000044
-0.0019170000000000044
-0.0019170000000000044
-0.0019170000000000044
-0.0019170000000000044
-0.0019170000000000044
-0.0019170000000000044
-0.0019170000000000044
-0.0019170000000000044
-0.0019170000000000044
-0.0019170000000000044
-0.0019170000000000044
-0.0019170000000000044
-0.0019170000000000044
-0.0019170000000000044
-0.0019170000000000044
-0.0019170000000000044
-0.0019170000000000044
-0.0019170000000000044
-0.0019170000000000044
-0.0019170000000000044
-0.0019170000000000044
-0.0019170000000000044
-0.0019170000000000044
-0.0019170000000000044
-0.0019170000000000044
-0.0019170000000000044
-0.0019170000000000044
-0.0019170000000000044
-0.0019170000000000044
-0.0019170000000000044
-0.0019170000000000044
-0.0019170000000000044
-0.0019170000000000044
-0.0019170000000000044
-0.0019170000000000044
-0.0019170000000000044
-0.0019170000000000044
-0.0019170000000000044
-0.0019170000000000044
-0.0019170000000000044
-0.0019170000000000044
-0.0019170000000000044
-0.0019170000000000044
-0.0019170000000000044
-0.0019170000000000044
-0.0019170000000000044
-0.0019170000000000044
-0.0019170000000000044
-0.0019170000000000044
-0.0019170000000000044
-0.0019170000000000044
-0.0019170000000000044
-0.0019170000000000044
-0.0019170000000000044
-0.0019170000000000044
-0.0019170000000000044
-0.0019170000000000044
-0.0019170000000000044
-0.0019170000000000044
-0.0019170000000000044
-0.0019170000000000044
-0.0019170000000000044
-0.0019170000000000044
-0.0019170000000000044
-0.0019170000000000044
-0.0019170000000000044
-0.0019170000000000044
-0.0019170000000000044
-0.0019170000000000044
-0.0019170000000000044
-0.0019170000000000044
-0.0019170000000000044
-0.0019170000000000044
-0.0019170000000000044
-0.0019170000000000044
-0.0019170000000000044
-0.0019170000000000044
-0.0019170000000000044
-0.0019170000000000044
-0.0019170000000000044
-0.0019170000000000044
-0.0019170000000000044
-0.0019170000000000044
-0.0019170000000000044
-0.0019170000000000044
-0.0019170000000000044
-0.0019170000000000044
-0.0019170000000000044
-0.0019170000000000044
-0.0019170000000000044
-0.0019170000000000044
-0.0019170000000000044
-0.0019170000000000044
-0.0019170000000000044
-0.0019170000000000044
-0.0019170000000000044
-0.0019170000000000044
-0.0019170000000000044
-0.0019170000000000044
-0.0019170000000000044
-0.0019170000000000044
-0.0019170000000000044
-0.0019170000000000044
-0.0019170000000000044
-0.0019170000000000044
-0.0019170000000000044
-0.0019170000000000044
-0.0019170000000000044
-0.0019170000000000044
-0.0019170000000000044
-0.0019170000000000044
-0.0019170000000000044
-0.0019170000000000044
-0.0019170000000000044
-0.0019170000000000044
-0.0019170000000000044
-0.0019170000000000044
-0.0019170000000000044
-0.0019170000000000044
-0.0019170000000000044
-0.0019170000000000044
-0.0019170000000000044
-0.0019170000000000044
-0.0019170000000000044
-0.0019170000000000044
-0.0019170000000000044
-0.0019170000000000044
-0.0019170000000000044
-0.0019170000000000044
-0.0019170000000000044
-0.0019170000000000044
-0.0019170000000000044
-0.0019170000000000044
-0.0019170000000000044
-0.0019170000000000044
-0.0019170000000000044
-0.0019170000000000044
-0.0019170000000000044
-0.0019170000000000044
-0.0019170000000000044
-0.0019170000000000044
-0.0019170000000000044
-0.0019170000000000044
-0.0019170000000000044
-0.0019170000000000044
-0.0019170000000000044
-0.0019170000000000044
-0.0019170000000000044
-0.0019170000000000044
-0.0019170000000000044
-0.0019170000000000044
-0.0019170000000000044
-0.0019170000000000044
-0.0019170000000000044
-0.0019170000000000044
-0.0019170000000000044
-0.0019170000000000044
-0.0019170000000000044
-0.0019170000000000044
-0.0019170000000000044
-0.0019170000000000044
-0.0019170000000000044
-0.0019170000000000044
-0.0019170000000000044
-0.0019170000000000044
-0.0019170000000000044
-0.0019170000000000044
-0.0019170000000000044
-0.0019170000000000044
-0.0019170000000000044
-0.0019170000000000044
-0.0019170000000000044
-0.0019170000000000044
-0.0019170000000000044
-0.0019170000000000044
-0.0019170000000000044
-0.0019170000000000044
-0.0019170000000000044
-0.0019170000000000044
-0.0019170000000000044
-0.0019170000000000044
-0.0019170000000000044
-0.0019170000000000044
-0.0019170000000000044
-0.0019170000000000044
-0.0019170000000000044
-0.0019170000000000044
-0.0019170000000000044
-0.0019170000000000044
-0.0019170000000000044
-0.0019170000000000044
-0.0019170000000000044
-0.0019170000000000044
-0.0019170000000000044
-0.0019170000000000044
-0.0019170000000000044
-0.0019170000000000044
-0.0019170000000000044
-0.0019170000000000044
-0.0019170000000000044
-0.0019170000000000044
-0.0019170000000000044
-0.0019170000000000044
-0.0019170000000000044
-0.0019170000000000044
-0.0019170000000000044
-0.0019170000000000044
-0.0019170000000000044
-0.0019170000000000044
-0.0019170000000000044
-0.0019170000000000044
-0.0019170000000000044
-0.0019170000000000044
-0.0019170000000000044
-0.0019170000000000044
-0.0019170000000000044
-0.0019170000000000044
-0.0019170000000000044
-0.0019170000000000044
-0.0019170000000000044
-0.0019170000000000044
-0.0019170000000000044
-0.0019170000000000044
-0.0019170000000000044
-0.0019170000000000044
-0.0019170000000000044
-0.0019170000000000044
-0.0019170000000000044
-0.0019170000000000044
-0.0019170000000000044
-0.0019170000000000044
-0.0019170000000000044
-0.0019170000000000044
-0.0019170000000000044
-0.0019170000000000044
-0.0019170000000000044
-0.0019170000000000044
-0.0019170000000000044
-0.0019170000000000044
-0.0019170000000000044
-0.0019170000000000044
-0.0019170000000000044
-0.0019170000000000044
-0.0019170000000000044
-0.0019170000000000044
-0.0019170000000000044
-0.0019170000000000044
-0.0019170000000000044
-0.0019170000000000044
-0.0019170000000000044
-0.0019170000000000044
-0.0019170000000000044
-0.0019170000000000044
-0.0019170000000000044
-0.0019170000000000044
-0.0019170000000000044
-0.0019170000000000044
-0.0019170000000000044
-0.001246000000000019
-0.001246000000000019
-0.001246000000000019
-0.001246000000000019
-0.0006880000000000154
-0.0006880000000000154
-0.0006880000000000154
-0.0006880000000000154
-0.0006880000000000154
-0.0006880000000000154
-0.0006880000000000154
-0.0006880000000000154
-0.0006880000000000154
-0.0006880000000000154
-0.0006880000000000154
-0.0006880000000000154
-0.0006880000000000154
-0.0006880000000000154
-0.0006880000000000154
-0.0006880000000000154
-0.0006880000000000154
-0.0006880000000000154
-0.0006880000000000154
-0.0006880000000000154
-0.0006880000000000154
-0.0006880000000000154
-0.0006880000000000154
-0.0006880000000000154
-0.0006880000000000154
-0.0006880000000000154
-0.0006880000000000154
-0.0006880000000000154
-0.0006880000000000154
-0.0006880000000000154
-0.0006880000000000154
-0.0006880000000000154
-0.0006880000000000154
-0.0006880000000000154
-0.0006880000000000154
-0.0006880000000000154
-0.0006880000000000154
-0.0006880000000000154
0.0002829999999999705
0.0002829999999999705
0.0002829999999999705
0.0002829999999999705
0.0002829999999999705
0.0002829999999999705
0.0002829999999999705
0.0002829999999999705
0.0002829999999999705
0.0002829999999999705
0.0002829999999999705
0.0002829999999999705
0.0002829999999999705
0.0002829999999999705
0.0002829999999999705
0.0002829999999999705
0.0002829999999999705
0.0002829999999999705
0.0002829999999999705
0.0002829999999999705
0.0011779999999999955
0.0011779999999999955
0.0011779999999999955
0.0011779999999999955
0.0011779999999999955
0.0011779999999999955
0.0012089999999999857
0.0012089999999999857
0.0012089999999999857
0.0012089999999999857
0.0012089999999999857
0.0012089999999999857
0.0012089999999999857
0.0012089999999999857
0.0012089999999999857
0.0012089999999999857
0.0012089999999999857
0.0012089999999999857
0.0012089999999999857
0.0012089999999999857
0.0012089999999999857
0.0012089999999999857
0.0012089999999999857
0.0012089999999999857
0.0012089999999999857
0.0012089999999999857
0.0012089999999999857
0.0012089999999999857
0.0012089999999999857
0.0012089999999999857
0.0012089999999999857
0.0012089999999999857
0.0012089999999999857
0.0012089999999999857
0.0012289999999999883
0.0012289999999999883
0.0012289999999999883
0.0012289999999999883
0.0012289999999999883
0.002474999999999988
0.002474999999999988
0.002474999999999988
0.002474999999999988
0.002474999999999988
0.002474999999999988
0.002474999999999988
0.002474999999999988
0.002474999999999988
0.002474999999999988
0.0035849999999999858
0.0035849999999999858
0.0035849999999999858
0.0035849999999999858
0.0035849999999999858
0.0035849999999999858
0.0035849999999999858
0.0035849999999999858
0.0035849999999999858
0.0035849999999999858
0.0035849999999999858
0.0035849999999999858
0.0035849999999999858
0.0035849999999999858
0.0035849999999999858
0.0035849999999999858
0.0035849999999999858
0.0035849999999999858
0.0035849999999999858
0.0035849999999999858
0.0035849999999999858
0.0035849999999999858
0.0035849999999999858
0.0035849999999999858
0.0035849999999999858
0.0035849999999999858
0.0035849999999999858
0.0035849999999999858
0.0035849999999999858
0.0035849999999999858
0.0035849999999999858
0.0035849999999999858
0.0035849999999999858
0.0035849999999999858
0.0035849999999999858
0.0035849999999999858
0.0035849999999999858
0.0035849999999999858
0.0035849999999999858
0.0035849999999999858
0.0035849999999999858
0.004108999999999987
0.004108999999999987
0.004108999999999987
0.004108999999999987
0.004108999999999987
0.004108999999999987
0.004108999999999987
0.004108999999999987
0.004108999999999987
0.004108999999999987
0.004108999999999987
0.004108999999999987
0.004108999999999987
0.004108999999999987
0.004108999999999987
0.004108999999999987
0.004108999999999987
0.004108999999999987
0.004108999999999987
0.004108999999999987
0.004108999999999987
0.004108999999999987
0.004108999999999987
0.004108999999999987
0.004108999999999987
0.004108999999999987
0.004108999999999987
0.004108999999999987
0.004108999999999987
0.004108999999999987
0.004108999999999987
0.004108999999999987
0.004108999999999987
0.004108999999999987
0.004108999999999987
0.004108999999999987
0.004108999999999987
0.004108999999999987
0.004108999999999987
0.004108999999999987
0.004108999999999987
0.004108999999999987
0.004108999999999987
0.004108999999999987
0.004108999999999987
0.004108999999999987
0.004108999999999987
0.004108999999999987
0.004108999999999987
0.004108999999999987
0.004108999999999987
0.004108999999999987
0.004108999999999987
0.004108999999999987
0.0045939999999999774
0.0045939999999999774
0.0045939999999999774
0.0045939999999999774
0.0045939999999999774
0.0045939999999999774
0.0045939999999999774
0.0045939999999999774
0.0045939999999999774
0.0045939999999999774
0.0045939999999999774
0.0045939999999999774
0.0045939999999999774
0.0045939999999999774
0.0045939999999999774
0.0045939999999999774
0.0045939999999999774
0.0045939999999999774
0.0045939999999999774
0.0045939999999999774
0.0045939999999999774
0.0045939999999999774
0.0045939999999999774
0.0045939999999999774
0.0045939999999999774
0.004634999999999983
0.004634999999999983
0.004634999999999983
0.004634999999999983
0.005306999999999991
0.005306999999999991
0.005306999999999991
0.005306999999999991
0.005306999999999991
0.005306999999999991
0.005306999999999991
0.005306999999999991
0.005306999999999991
0.005306999999999991
0.005306999999999991
0.005306999999999991
0.005306999999999991
0.005306999999999991
0.005322999999999991
0.005322999999999991
0.005322999999999991
0.005322999999999991
0.005322999999999991
0.005322999999999991
0.005322999999999991
0.005322999999999991
0.005322999999999991
0.005322999999999991
0.005322999999999991
0.005322999999999991
0.005322999999999991
0.005322999999999991
0.005322999999999991
0.005322999999999991
0.006413999999999986
0.0076619999999999674
0.0076619999999999674
0.0076619999999999674
0.0076619999999999674
0.0076619999999999674
0.0076619999999999674
0.0076619999999999674
0.0076619999999999674
0.0076619999999999674
0.0076619999999999674
0.0076619999999999674
0.0076619999999999674
0.0076619999999999674
0.0076619999999999674
0.0076619999999999674
0.0076619999999999674
0.0076619999999999674
0.0076619999999999674
0.0076619999999999674
0.0076619999999999674
0.0076619999999999674
0.0076619999999999674
0.009271999999999978
0.009271999999999978
0.009271999999999978
0.009271999999999978
0.009271999999999978
0.009271999999999978
0.009271999999999978
0.009271999999999978
0.009271999999999978
0.009271999999999978
0.009271999999999978
0.010198999999999948
0.010198999999999948
0.010198999999999948
0.010198999999999948
0.010198999999999948
0.010198999999999948
0.010198999999999948
0.010198999999999948
0.010198999999999948
0.010198999999999948
0.010198999999999948
0.010198999999999948
0.010198999999999948
0.010198999999999948
0.010198999999999948
0.010198999999999948
0.010198999999999948
0.010198999999999948
0.010198999999999948
0.010198999999999948
0.010198999999999948
0.010198999999999948
0.010198999999999948
0.010198999999999948
0.010198999999999948
0.010198999999999948
0.010198999999999948
0.010198999999999948
0.010198999999999948
0.010198999999999948
0.010198999999999948
0.010198999999999948
0.010198999999999948
0.010198999999999948
0.010726999999999973
0.010726999999999973
0.010726999999999973
0.010726999999999973
0.010726999999999973
0.010726999999999973
0.010726999999999973
0.010726999999999973
0.010726999999999973
0.010726999999999973
0.010726999999999973
0.010726999999999973
0.010726999999999973
0.010726999999999973
0.010726999999999973
0.010726999999999973
0.010726999999999973
0.010726999999999973
0.010726999999999973
0.010726999999999973
0.010726999999999973
0.010726999999999973
0.010726999999999973
0.010726999999999973
0.010726999999999973
0.010726999999999973
0.010726999999999973
0.010726999999999973
0.010726999999999973
0.010726999999999973
0.010726999999999973
0.010726999999999973
0.010726999999999973
0.010726999999999973
0.010726999999999973
0.010726999999999973
0.010726999999999973
0.010726999999999973
0.010726999999999973
0.010726999999999973
0.010726999999999973
0.010726999999999973
0.010726999999999973
0.010726999999999973
0.010726999999999973
0.010726999999999973
0.010726999999999973
0.010726999999999973
0.010726999999999973
0.010726999999999973
0.010899999999999964
0.010899999999999964
0.010899999999999964
0.010899999999999964
0.010899999999999964
0.010899999999999964
0.010899999999999964
0.010899999999999964
0.010899999999999964
0.010899999999999964
0.010899999999999964
0.010899999999999964
0.010899999999999964
0.010899999999999964
0.010899999999999964
0.010899999999999964
0.010899999999999964
0.010899999999999964
0.010899999999999964
0.010899999999999964
0.010899999999999964
0.010899999999999964
0.010899999999999964
0.010899999999999964
0.010899999999999964
0.010899999999999964
0.010899999999999964
0.010899999999999964
0.010899999999999964
0.010899999999999964
0.010899999999999964
0.010899999999999964
0.010899999999999964
0.010899999999999964
0.010899999999999964
0.010899999999999964
0.010899999999999964
0.010899999999999964
0.010899999999999964
0.010899999999999964
0.010899999999999964
0.010899999999999964
0.010899999999999964
0.010899999999999964
0.010899999999999964
0.010899999999999964
0.010899999999999964
0.010899999999999964
0.010899999999999964
0.010899999999999964
0.010899999999999964
0.010899999999999964
0.010899999999999964
0.010899999999999964
0.010899999999999964
0.010899999999999964
0.010899999999999964
0.010899999999999964
0.010899999999999964
0.010899999999999964
0.010899999999999964
0.010899999999999964
0.010899999999999964
0.010899999999999964
0.010899999999999964
0.010899999999999964
0.010899999999999964
0.010899999999999964
0.010899999999999964
0.010899999999999964
0.010899999999999964
0.010899999999999964
0.010899999999999964
0.010899999999999964
0.010899999999999964
0.010899999999999964
0.010899999999999964
0.010899999999999964
0.010899999999999964
0.010899999999999964
0.010899999999999964
0.010899999999999964
0.010899999999999964
0.010899999999999964
0.010899999999999964
0.010899999999999964
0.010899999999999964
0.010899999999999964
0.010899999999999964
0.010899999999999964
0.010899999999999964
0.010899999999999964
0.010899999999999964
0.010899999999999964
0.010899999999999964
0.010899999999999964
0.010899999999999964
0.010899999999999964
