-0.1380040000000001
-0.12750399999999965
-0.11785000000000011
-0.10940400000000018
-0.10739099999999988
-0.10901900000000017
-0.10799599999999983
-0.10321999999999977
-0.10066
-0.0992190000000001
-0.09599999999999992
-0.09806299999999983
-0.09583600000000013
-0.0943659999999999
-0.09432600000000009
-0.09347400000000015
-0.09134500000000013
-0.08917400000000004
-0.090386
-0.08657000000000008
-0.08845000000000008
-0.08617000000000005
-0.08479200000000006
-0.0853840000000001
-0.08450500000000008
-0.08363700000000009
-0.0831680000000001
-0.08272400000000009
-0.08066
-0.08111099999999999
-0.08009800000000004
-0.07960099999999999
-0.07997500000000012
-0.07610600000000003
-0.07970800000000001
-0.08071300000000001
-0.08266800000000006
-0.07719600000000011
-0.07760900000000011
-0.07762500000000011
-0.07764200000000006
-0.07516900000000004
-0.07394600000000004
-0.07749099999999998
-0.08002800000000002
-0.07164900000000005
-0.07384000000000003
-0.07229199999999987
-0.0687960000000001
-0.07029900000000007
-0.06987400000000009
-0.06805000000000003
-0.07096400000000003
-0.07040799999999996
-0.06684199999999996
-0.06803999999999998
-0.07027199999999997
-0.06542299999999998
-0.07087299999999994
-0.06797099999999989
-0.06649099999999998
-0.06441700000000006
-0.066316
-0.06385700000000004
-0.066365
-0.06548200000000005
-0.06796199999999997
-0.06880599999999998
-0.06458
-0.06436099999999997
-0.06350799999999995
-0.06337799999999993
-0.06365900000000002
-0.06524600000000005
-0.06309900000000006
-0.06640100000000008
-0.06334099999999998
-0.06703200000000012
-0.06654100000000004
-0.06267199999999996
-0.06198600000000003
-0.06045100000000002
-0.06086600000000002
-0.06206100000000007
-0.062323000000000114
-0.06249800000000006
-0.061136999999999934
-0.06152199999999998
-0.06346199999999996
-0.06119599999999996
-0.06210699999999995
-0.059463999999999996
-0.06061499999999994
-0.06336700000000005
-0.062426000000000065
-0.05810499999999998
-0.06404699999999995
-0.06192999999999999
-0.05956600000000001
-0.05865600000000003
-0.06344399999999983
-0.05816499999999993
-0.06015499999999997
-0.05896099999999992
-0.05842800000000002
-0.05578999999999993
-0.057918999999999936
-0.05904100000000005
-0.05506400000000002
-0.05805200000000002
-0.05624200000000002
-0.05588599999999997
-0.054405000000000044
-0.05351299999999994
-0.057915999999999974
-0.05598300000000002
-0.05475400000000003
-0.05507600000000004
-0.05552400000000001
-0.05444500000000006
-0.052099000000000055
-0.055874
-0.05137099999999996
-0.052385
-0.049022
-0.052035000000000026
-0.04961600000000002
-0.051753
-0.048003000000000004
-0.05063099999999997
-0.05050699999999995
-0.0513
-0.052049000000000026
-0.05340099999999994
-0.05185699999999998
-0.05116699999999997
-0.04886099999999995
-0.04746100000000001
-0.050044000000000026
-0.049216999999999976
-0.049037
-0.05081400000000005
-0.05323700000000007
-0.047321999999999954
-0.050548000000000065
-0.04932600000000001
-0.05031099999999995
-0.049889000000000024
-0.04720300000000002
-0.047424000000000056
-0.046714999999999986
-0.04546700000000003
-0.05061800000000003
-0.04736800000000002
-0.04681799999999999
-0.04657800000000003
-0.047985
-0.047560000000000005
-0.04861399999999996
-0.049075
-0.04849699999999996
-0.04602599999999999
-0.04455699999999998
-0.047038999999999956
-0.04614599999999993
-0.047855999999999996
-0.046229
-0.048991000000000055
-0.048562999999999974
-0.04912
-0.04546199999999999
-0.04924499999999999
-0.04892599999999997
-0.04446500000000001
-0.04391399999999999
-0.04748300000000007
-0.04660300000000001
-0.046676000000000044
-0.04673399999999996
-0.048728999999999946
-0.04962999999999996
-0.04712600000000008
-0.04641299999999992
-0.04647
-0.04864100000000003
-0.04753499999999993
-0.04578099999999995
-0.04525199999999999
-0.04516900000000003
-0.046016999999999954
-0.044397999999999986
-0.0442429999999999
-0.04899300000000001
-0.04631399999999992
-0.04489500000000001
-0.04499999999999995
-0.04678999999999997
-0.04542999999999999
-0.04399699999999999
-0.04866700000000002
-0.049491
-0.04514899999999993
-0.044327000000000005
-0.046888999999999945
-0.04510099999999997
-0.04555400000000003
-0.045605999999999945
-0.04770400000000001
-0.049513999999999996
-0.04463599999999997
-0.04392799999999999
-0.04997200000000003
-0.04460299999999998
-0.04564099999999997
-0.04898999999999995
-0.04767700000000002
-0.045668000000000084
-0.04747999999999994
-0.048143999999999965
-0.04441700000000002
-0.047240000000000046
-0.04626999999999995
-0.04426899999999996
-0.046075000000000026
-0.04643700000000001
-0.04627400000000003
-0.04689899999999999
-0.045458000000000075
-0.04622900000000001
-0.045169000000000036
-0.04557399999999995
-0.04277599999999993
-0.04782499999999995
-0.044319999999999984
-0.042085000000000074
-0.04266499999999997
-0.04782499999999994
-0.04276
-0.04381500000000002
-0.045319999999999916
-0.042262999999999995
-0.04592299999999997
-0.041136000000000054
-0.04299900000000001
-0.044236999999999964
-0.043761999999999905
-0.042632999999999935
-0.04567099999999996
-0.04608299999999992
-0.04350899999999992
-0.04399099999999994
-0.04147799999999999
-0.04631599999999993
-0.04504700000000001
-0.044492999999999956
-0.04493199999999992
-0.04628899999999991
-0.04714500000000005
-0.045112999999999966
-0.04110599999999997
-0.03982700000000001
-0.04408799999999992
-0.041041000000000036
-0.04470499999999998
-0.0425359999999999
-0.04578700000000001
-0.04324399999999997
-0.04584099999999999
-0.04343500000000003
-0.044044999999999945
-0.04449399999999995
-0.044956
-0.041165000000000014
-0.04176899999999994
-0.04061400000000005
-0.04553399999999992
-0.04154899999999992
-0.04101799999999998
-0.04169099999999999
-0.041587999999999924
-0.04191699999999994
-0.04391599999999994
-0.04176799999999998
-0.039925999999999996
-0.041717000000000004
-0.04142699999999996
-0.043134999999999965
-0.042065
-0.03897599999999997
-0.04125499999999997
-0.04478199999999997
-0.040714999999999966
-0.04546699999999999
-0.04085999999999994
-0.04093999999999989
-0.04144199999999996
-0.038634000000000016
-0.039718999999999983
-0.04443199999999998
-0.03942899999999994
-0.039767999999999984
-0.03975999999999996
-0.04438099999999997
-0.041543999999999984
-0.043435
-0.04235599999999996
-0.03906999999999993
-0.041033
-0.04360399999999992
-0.046886999999999984
-0.042191999999999966
-0.04218999999999994
-0.041081999999999945
-0.04144199999999999
-0.041783999999999946
-0.039468999999999976
-0.04337799999999997
-0.04065499999999994
-0.03977699999999997
-0.04274099999999991
-0.03949999999999999
-0.03743500000000002
-0.03974499999999996
-0.042840999999999935
-0.04091499999999994
-0.03858499999999994
-0.04035600000000002
-0.037398999999999995
-0.041743999999999906
-0.03845499999999992
-0.03777599999999993
-0.03693699999999999
-0.03870899999999995
-0.03818600000000003
-0.036995999999999966
-0.03888099999999999
-0.03862299999999989
-0.038278
-0.040447999999999935
-0.03996499999999991
-0.03932499999999996
-0.043426999999999875
-0.04031299999999986
-0.038900999999999956
-0.04068999999999999
-0.04019199999999992
-0.037263999999999936
-0.04112599999999989
-0.037429999999999936
-0.03899499999999986
-0.04103299999999995
-0.03758499999999988
-0.03643599999999998
-0.037233999999999934
-0.03776799999999998
-0.040438999999999926
-0.040771999999999954
-0.038181999999999966
-0.03641200000000001
-0.03744099999999996
-0.035496
-0.035658999999999975
-0.03617300000000001
-0.039622999999999915
-0.03553299999999998
-0.035276
-0.036662000000000014
-0.03757499999999994
-0.03388799999999996
-0.03561099999999999
-0.03611299999999997
-0.04074299999999992
-0.03523799999999998
-0.03314800000000002
-0.03525500000000001
-0.036968999999999926
-0.035488999999999944
-0.0365469999999999
-0.03661699999999996
-0.032860000000000014
-0.03744100000000001
-0.03421299999999999
-0.0365239999999999
-0.035913999999999946
-0.03661899999999993
-0.03608299999999994
-0.03920399999999992
-0.035663999999999925
-0.03775599999999996
-0.03357699999999997
-0.0384589999999999
-0.032162000000000045
-0.03713499999999994
-0.03913499999999983
-0.03454999999999997
-0.03915099999999992
-0.034540000000000015
-0.03494400000000003
-0.035777999999999935
-0.03531099999999992
-0.03517899999999993
-0.03440999999999998
-0.03402099999999996
-0.03305299999999995
-0.03442899999999998
-0.03483299999999993
-0.03498699999999997
-0.035307999999999916
-0.035477
-0.03496899999999995
-0.033084000000000016
-0.03295400000000006
-0.03380199999999996
-0.03395599999999992
-0.03255899999999996
-0.032532
-0.03503799999999995
-0.03450799999999989
-0.034890999999999846
-0.034619999999999956
-0.032701999999999995
-0.03468399999999995
-0.032842000000000045
-0.03514699999999993
-0.031505000000000005
-0.03241
-0.03536099999999999
-0.03322299999999997
-0.030219000000000072
-0.03622599999999992
-0.03250400000000003
-0.030808999999999996
-0.03772999999999994
-0.03433099999999999
-0.03132499999999999
-0.03196499999999994
-0.03169300000000002
-0.03272399999999999
-0.03259999999999997
-0.0330279999999999
-0.03218800000000001
-0.02994600000000006
-0.03204800000000003
-0.030729999999999997
-0.03451699999999991
-0.03474600000000004
-0.03439400000000004
-0.03407099999999996
-0.031088000000000015
-0.033773000000000004
-0.03040300000000004
-0.03297799999999994
-0.03265899999999995
-0.030750000000000034
-0.031358000000000025
-0.03074000000000009
-0.030968000000000065
-0.031118000000000035
-0.030712000000000027
-0.031784
-0.032004000000000005
-0.03056600000000003
-0.032563999999999975
-0.032223000000000016
-0.030105999999999983
-0.03181999999999997
-0.02969300000000001
-0.03154300000000009
-0.033635
-0.03130600000000002
-0.03076000000000002
-0.03467799999999997
-0.02801600000000003
-0.028157000000000067
-0.032461999999999956
-0.03161999999999996
-0.030380000000000053
-0.030623
-0.031106000000000033
-0.029525999999999993
-0.029129000000000047
-0.030875999999999983
-0.031398
-0.031627000000000065
-0.03104100000000002
-0.028847000000000008
-0.029952000000000003
-0.02756
-0.026803000000000042
-0.02977899999999999
-0.02860399999999999
-0.02903300000000002
-0.026906999999999993
-0.02915400000000002
-0.028970999999999997
-0.02844900000000003
-0.030892999999999973
-0.03205900000000001
-0.02958200000000003
-0.02801700000000003
-0.02849199999999999
-0.025499999999999995
-0.03307199999999998
-0.027526999999999947
-0.028149999999999988
-0.031258
-0.02745100000000001
-0.03012900000000005
-0.028724000000000024
-0.02836900000000003
-0.02830600000000004
-0.028817999999999972
-0.026446999999999984
-0.029814999999999998
-0.02958300000000001
-0.028252999999999997
-0.028906000000000036
-0.028054000000000048
-0.028302000000000025
-0.027455999999999977
-0.027984999999999958
-0.029664999999999993
-0.028637000000000013
-0.02900600000000002
-0.02738299999999997
-0.03258200000000003
-0.027806000000000018
-0.029476999999999958
-0.031123999999999978
-0.02848700000000003
-0.027545000000000004
-0.026426999999999982
-0.030249000000000036
-0.027521999999999998
-0.029804
-0.028457000000000034
-0.029622000000000013
-0.02683099999999999
-0.025781000000000002
-0.030104999999999996
-0.028549000000000022
-0.02948900000000006
-0.02668899999999997
-0.02894000000000003
-0.02692899999999998
-0.027313
-0.03186300000000004
-0.027106000000000022
-0.026045000000000006
-0.02635100000000002
-0.025539999999999993
-0.026272000000000024
-0.026870999999999975
-0.02803200000000004
-0.024391000000000038
-0.02768100000000001
-0.02588700000000001
-0.02377700000000004
-0.025080999999999982
-0.029383999999999993
-0.026979999999999997
-0.02681300000000002
-0.025751
-0.02931500000000007
-0.025924999999999976
-0.02979100000000002
-0.02667900000000001
-0.02538800000000003
-0.025806000000000058
-0.02611599999999998
-0.027995000000000016
-0.024769000000000003
-0.027123999999999995
-0.030417000000000048
-0.026081000000000024
-0.026148000000000008
-0.02913300000000002
-0.025409000000000025
-0.02486200000000001
-0.02601900000000001
-0.028818000000000007
-0.026362000000000007
-0.03113100000000003
-0.026993999999999994
-0.029101
-0.028381999999999987
-0.027119999999999995
-0.024556
-0.027280000000000023
-0.024210000000000006
-0.028849000000000034
-0.026831000000000035
-0.02670900000000005
-0.027167000000000014
-0.027047000000000036
-0.025103000000000035
-0.02679999999999996
-0.026225000000000005
-0.02802300000000003
-0.027938000000000015
-0.02554800000000001
-0.024489000000000018
-0.02647700000000002
-0.023818999999999983
-0.026558000000000005
-0.03246400000000005
-0.025974000000000007
-0.02692
-0.02585900000000001
-0.02704700000000001
-0.028556000000000033
-0.024527
-0.025751
-0.02678599999999999
-0.026751
-0.026631000000000005
-0.025856
-0.025591000000000044
-0.030552000000000034
-0.025264000000000033
-0.027565000000000037
-0.026197000000000033
-0.028280000000000013
-0.02901799999999997
-0.02721299999999997
-0.026605000000000024
-0.027408000000000033
-0.02305100000000001
-0.024843000000000025
-0.026301999999999985
-0.02610900000000003
-0.026630000000000018
-0.027161000000000053
-0.026349000000000046
-0.028956999999999976
-0.023809000000000007
-0.025318000000000018
-0.028126000000000005
-0.026645999999999986
-0.027051999999999993
-0.025708999999999968
-0.025205000000000023
-0.02453600000000002
-0.02561199999999998
-0.02482500000000002
-0.028036000000000037
-0.028092000000000037
-0.026346000000000036
-0.026769000000000032
-0.02567100000000001
-0.027314000000000026
-0.024392000000000007
-0.029699000000000024
-0.023873000000000047
-0.024072000000000024
-0.02632199999999998
-0.030877000000000026
-0.02647000000000001
-0.027288000000000038
-0.023363000000000026
-0.025264000000000036
-0.025338000000000017
-0.029066000000000026
-0.02866300000000003
-0.026469000000000006
-0.028990000000000002
-0.023599999999999996
-0.028264000000000032
-0.02764700000000001
-0.025699000000000034
-0.025533000000000004
-0.028399000000000008
-0.02484199999999999
-0.025729000000000002
-0.02666299999999997
-0.028405000000000007
-0.026118000000000016
-0.029258999999999993
-0.031631000000000055
-0.028316000000000018
-0.026323000000000003
-0.027644
-0.02551800000000002
-0.026780000000000005
-0.02416800000000006
-0.027990000000000022
-0.024575999999999997
-0.03037800000000003
-0.02809699999999999
-0.02652500000000001
-0.026751000000000018
-0.027134000000000037
-0.026348000000000007
-0.025966000000000038
-0.02694499999999997
-0.027889000000000004
-0.029072000000000042
-0.024949000000000002
-0.02627700000000001
-0.026452999999999973
-0.024359000000000006
-0.026747000000000076
-0.029048000000000025
-0.025961
-0.027157
-0.03129099999999998
-0.03154399999999999
-0.024904000000000034
-0.027601000000000046
-0.024933000000000004
-0.025172000000000024
-0.026413000000000006
-0.027268
-0.027575
-0.028438999999999957
-0.02472399999999998
-0.025167000000000026
-0.026542000000000013
-0.027856000000000047
-0.026437999999999993
-0.025793999999999977
-0.026360999999999996
-0.027308000000000002
-0.026526000000000015
-0.027656999999999994
-0.025301000000000025
-0.024949000000000016
-0.024814999999999997
-0.02431399999999998
-0.029193000000000024
-0.025428000000000024
-0.02897900000000001
-0.02779799999999999
-0.030817000000000046
-0.024343000000000038
-0.029943
-0.030477000000000073
-0.02640900000000006
-0.02439100000000003
-0.025998000000000025
-0.024982000000000035
-0.025950000000000056
-0.027237000000000008
-0.025221000000000004
-0.026165000000000042
-0.027374000000000023
-0.02993900000000005
-0.024663000000000032
-0.028545000000000032
-0.027375999999999987
-0.026067
-0.023391999999999996
-0.02244700000000002
-0.024994000000000023
-0.028231000000000013
-0.026518000000000017
-0.028164000000000022
-0.02497500000000002
-0.028484000000000002
-0.02652600000000003
-0.025224000000000052
-0.02702599999999998
-0.030409000000000123
-0.025535000000000016
-0.027745
-0.026850000000000016
-0.025392
-0.029328999999999997
-0.025678000000000013
-0.02580300000000001
-0.026255999999999988
-0.025443000000000014
-0.025751000000000027
-0.02792099999999997
-0.02695400000000003
-0.029114000000000022
-0.024534999999999984
-0.02653900000000001
-0.025727999999999997
-0.025082000000000004
-0.02489600000000003
-0.024808000000000056
-0.027941000000000014
-0.026749999999999982
-0.026039000000000017
-0.02606700000000003
-0.027749999999999993
-0.027233999999999987
-0.02607300000000003
-0.022657000000000052
-0.026569000000000034
-0.025064000000000048
-0.02607700000000003
-0.026043000000000007
-0.025576000000000012
-0.023538000000000007
-0.02581300000000004
-0.025442000000000048
-0.024739000000000046
-0.027833999999999998
-0.026978000000000026
-0.024414000000000036
-0.02629200000000003
-0.026981000000000012
-0.03006600000000001
-0.025605000000000086
-0.026219000000000034
-0.026740999999999997
-0.029376000000000034
-0.024367000000000066
-0.02577900000000003
-0.025983000000000037
-0.026828000000000067
-0.024868999999999995
-0.027766999999999955
-0.025255000000000017
-0.026667000000000003
-0.025799999999999993
-0.02435900000000003
-0.02692100000000004
-0.029848000000000034
-0.02788699999999995
-0.02773100000000004
-0.026862000000000007
-0.024002000000000034
-0.02507400000000005
-0.02942300000000001
-0.023535000000000025
-0.026167000000000034
-0.025851000000000027
-0.025646
-0.027224000000000005
-0.02531799999999999
-0.026904000000000025
-0.026843000000000023
-0.026224000000000008
-0.024655000000000045
-0.025243000000000026
-0.028228000000000027
-0.02346600000000008
-0.024072000000000014
-0.02434099999999999
-0.028408999999999993
-0.026539000000000045
-0.028509999999999997
-0.028142000000000018
-0.02924700000000001
-0.029132999999999992
-0.025133000000000034
-0.026672000000000008
-0.025713000000000007
-0.028945000000000068
-0.025440000000000053
-0.025305000000000022
-0.02590000000000004
-0.024973000000000047
-0.02499400000000003
-0.026181000000000017
-0.025399000000000026
-0.024221000000000027
-0.02682900000000002
-0.027527000000000055
-0.02993000000000003
-0.026199000000000014
-0.02514500000000006
-0.026427999999999997
-0.02966800000000001
-0.02767000000000001
-0.029033000000000028
-0.027605999999999995
-0.024880999999999986
-0.02942900000000005
-0.028484000000000002
-0.026583000000000027
-0.024860000000000035
-0.025185000000000013
-0.02865000000000003
-0.02540900000000006
-0.028932000000000034
-0.023846000000000027
-0.023991000000000044
-0.02646200000000004
-0.027067000000000025
-0.024947000000000042
-0.024820000000000026
-0.023049000000000028
-0.026210000000000032
-0.02470100000000003
-0.028203000000000044
-0.028482
-0.025838000000000028
-0.02643500000000003
-0.022049000000000013
-0.026267999999999972
-0.023847000000000052
-0.026793
-0.02629700000000002
-0.026767000000000006
-0.025322000000000004
-0.024410000000000015
-0.024863999999999976
-0.02813000000000002
-0.026588000000000066
-0.024468000000000024
-0.02611699999999999
-0.02621
-0.025270999999999988
-0.023834000000000036
-0.027326999999999987
-0.024262000000000013
-0.025780000000000056
-0.02648000000000003
-0.02666499999999999
-0.02747200000000005
-0.02772000000000006
-0.026408000000000032
-0.029108000000000023
-0.02395500000000002
-0.028626000000000068
-0.030758000000000042
-0.025106000000000028
-0.027353000000000002
-0.02372000000000003
-0.02817999999999998
-0.027637000000000047
-0.024567000000000044
-0.03093700000000006
-0.028440000000000038
-0.030957000000000078
-0.023806000000000046
-0.02734900000000002
-0.026059000000000044
-0.02807900000000002
-0.027323000000000024
-0.024630000000000058
-0.023903000000000053
-0.026002000000000032
-0.024142000000000045
-0.02583199999999997
-0.025342000000000062
-0.02528000000000002
-0.025331000000000017
-0.02805600000000001
-0.025659000000000015
-0.025093000000000035
-0.026033000000000067
-0.025188000000000044
-0.02503700000000004
-0.024038000000000004
-0.023389000000000028
-0.025449000000000034
-0.02526200000000001
-0.025047000000000014
-0.02246100000000004
-0.029293000000000017
-0.026166000000000043
-0.024654
-0.022386000000000045
-0.02803000000000005
-0.025952000000000055
-0.03311100000000001
-0.025804000000000025
-0.02935500000000005
-0.025548
-0.024981999999999994
-0.02477500000000005
-0.026639999999999987
-0.026077000000000048
-0.026425000000000053
-0.025094000000000016
-0.02409900000000004
-0.025568000000000007
-0.025788999999999992
-0.024420000000000004
-0.02321300000000004
-0.02642700000000001
-0.02302600000000001
-0.02328900000000003
-0.027005000000000057
-0.028492000000000017
-0.025524000000000022
-0.024063
-0.023780000000000034
-0.027565
-0.025173000000000008
-0.02458200000000002
-0.026158999999999998
-0.024746000000000042
-0.02318100000000001
-0.024992000000000018
-0.02486000000000002
-0.02710400000000004
-0.024700000000000014
-0.02458200000000002
-0.02460899999999998
-0.024355000000000026
-0.024883000000000082
-0.023138000000000034
-0.029318000000000025
-0.023985000000000006
-0.025246000000000005
-0.026495000000000032
-0.023446000000000036
-0.024602000000000023
-0.023790000000000037
-0.025948000000000037
-0.02867900000000004
-0.022137000000000004
-0.02622000000000001
-0.027043
-0.03133400000000005
-0.022728000000000047
-0.026896000000000045
-0.025456000000000034
-0.02528100000000006
-0.02455500000000001
-0.026374000000000022
-0.025142000000000074
-0.023595000000000015
-0.03268399999999999
-0.022400000000000034
-0.025238000000000038
-0.023042000000000035
-0.025864000000000005
-0.02702499999999996
-0.029738999999999995
-0.02559200000000005
-0.026055000000000036
-0.02949199999999998
-0.03274900000000007
-0.02381200000000004
-0.025572000000000025
-0.023065000000000033
-0.02788199999999997
-0.029825
-0.032923000000000015
-0.024641000000000024
-0.027342000000000026
-0.023791000000000055
-0.028783999999999997
-0.024241000000000023
-0.02521400000000005
-0.025205000000000026
-0.026841000000000004
-0.02856200000000003
-0.026598000000000014
-0.02512000000000002
-0.03193700000000002
-0.027964000000000003
-0.028699000000000034
-0.02613200000000001
-0.028957000000000028
-0.02361500000000004
-0.022342000000000063
-0.027349000000000023
-0.027737000000000022
-0.024254000000000064
-0.02927000000000001
-0.024771000000000033
-0.024943000000000028
-0.025670000000000043
-0.026425000000000018
-0.026525999999999935
-0.02431299999999999
-0.025465000000000022
-0.023448
-0.026684000000000003
-0.022940000000000044
-0.025998999999999994
-0.025050999999999997
-0.02457600000000003
-0.022835000000000015
-0.02582800000000006
-0.02403300000000004
-0.02434700000000001
-0.025051000000000042
-0.030091000000000038
-0.027296000000000056
-0.025667000000000037
-0.033938999999999976
-0.026073000000000054
-0.02852300000000002
-0.02787400000000006
-0.027124000000000013
-0.026267000000000002
-0.026740000000000014
-0.027270000000000027
-0.022614000000000092
-0.030905999999999965
-0.027395000000000017
-0.027302
-0.028530000000000014
-0.02479900000000003
-0.02472100000000002
-0.02556800000000002
-0.02477500000000002
-0.029507000000000005
-0.025635999999999996
-0.026286000000000018
-0.025662
-0.02749400000000001
-0.025483000000000065
-0.026664000000000004
-0.026215000000000044
-0.02337300000000002
-0.02605800000000005
-0.02536100000000005
-0.025104000000000015
-0.02791800000000002
-0.022967000000000088
-0.02729000000000002
-0.026542000000000003
-0.024743000000000025
-0.029170000000000005
-0.026705000000000013
-0.024938
-0.023471999999999993
-0.025906000000000023
-0.02655999999999999
-0.025937000000000033
-0.025922000000000067
-0.026284000000000026
-0.02799600000000001
-0.025469000000000044
-0.026428000000000024
-0.027670000000000004
-0.030156000000000013
-0.025638000000000022
-0.023928000000000022
-0.02354400000000003
-0.02322200000000004
-0.024305000000000004
-0.026775000000000007
-0.026885000000000055
-0.02996900000000005
-0.027078999999999985
-0.026195000000000062
-0.026728000000000047
-0.029114000000000022
-0.024298000000000014
-0.02604100000000002
-0.025375000000000016
-0.02456800000000004
-0.02587200000000004
-0.023916000000000055
-0.02514900000000004
-0.025035000000000023
-0.024747000000000033
-0.028700000000000045
-0.02703900000000002
-0.023994
-0.030722000000000055
-0.027006000000000016
-0.02576500000000002
-0.02496100000000004
-0.029992999999999985
-0.025428000000000027
-0.024426000000000024
-0.030532999999999998
-0.023454000000000065
-0.02589200000000003
-0.02523200000000001
-0.025755
-0.026725000000000058
-0.027726000000000015
-0.026529000000000042
-0.027526000000000033
-0.028246999999999998
-0.025466000000000003
-0.027229000000000014
-0.023649000000000035
-0.027478999999999986
-0.02768500000000003
-0.02334500000000005
-0.030389000000000038
-0.03083100000000001
-0.025050000000000044
-0.025239999999999985
-0.025878000000000033
-0.025812000000000047
-0.024562
-0.024796999999999996
-0.029986999999999982
-0.027232999999999986
-0.027638999999999983
-0.025946000000000014
-0.02524400000000001
-0.027944999999999994
-0.029753000000000043
-0.029151999999999997
-0.026414999999999998
-0.02477400000000003
-0.028357000000000018
-0.025342000000000052
-0.02527800000000005
-0.025796999999999973
-0.029065000000000025
-0.02562099999999997
-0.02741500000000002
-0.029382000000000033
-0.02522300000000005
-0.02662800000000002
-0.025125000000000054
-0.026174000000000024
-0.025675000000000035
-0.024204000000000017
-0.02444100000000004
-0.02486100000000004
-0.02538100000000002
-0.024613
-0.028188000000000032
-0.027931000000000022
-0.02792200000000003
-0.027573000000000007
-0.025262999999999973
-0.02537300000000002
-0.026104000000000037
-0.027237000000000056
-0.02423600000000003
-0.025895999999999985
-0.02454700000000003
-0.02673600000000006
-0.026927000000000027
-0.028789999999999996
-0.02927200000000003
-0.02634400000000001
-0.02789100000000002
-0.02907400000000005
-0.028117000000000048
-0.02665399999999999
-0.024264000000000063
-0.025895000000000015
-0.026779
-0.024974000000000003
-0.02550100000000007
-0.028118000000000046
-0.025976000000000037
-0.029604000000000064
-0.024111999999999998
-0.030060000000000007
-0.024846000000000014
-0.02529200000000004
-0.028796000000000037
-0.02709000000000002
-0.02486400000000003
-0.02784000000000001
-0.024803000000000023
-0.026167999999999983
-0.024875000000000033
-0.02784800000000002
-0.026895000000000016
-0.025882000000000016
-0.027151000000000026
-0.02547000000000007
-0.026306000000000045
-0.028586999999999977
-0.027076999999999993
-0.02424599999999999
-0.02462600000000007
-0.028986000000000064
-0.02367000000000005
-0.023948000000000046
-0.02590200000000004
-0.02667200000000005
-0.030511000000000035
-0.024902000000000046
-0.02591800000000008
-0.024592000000000027
-0.028308000000000038
-0.024113000000000058
-0.028785000000000026
-0.025951000000000026
-0.027628000000000073
-0.026696000000000008
-0.026764000000000027
-0.02486800000000001
-0.026895000000000023
-0.023237
-0.024399000000000056
-0.025557000000000017
-0.025936000000000046
-0.02694799999999999
-0.027249999999999962
-0.03141900000000002
-0.026350000000000047
-0.025571000000000014
-0.027120000000000005
-0.030837
-0.025074000000000034
-0.02757000000000006
-0.026888999999999993
-0.02719100000000004
-0.025742000000000043
-0.02427100000000001
-0.02801200000000004
-0.025306000000000047
-0.027753999999999963
-0.02845100000000004
-0.02363500000000005
-0.027723999999999985
-0.02509600000000006
-0.02880800000000004
-0.025320000000000023
-0.026688000000000017
-0.026476000000000006
-0.02519800000000001
-0.025691000000000012
-0.026169999999999992
-0.02819299999999998
-0.025349000000000052
-0.028613000000000027
-0.027368000000000024
-0.025702000000000034
-0.027906999999999994
-0.025887000000000073
-0.023939999999999996
-0.023982999999999987
-0.024712000000000008
-0.02672900000000004
-0.029617000000000074
-0.028085000000000037
-0.023072000000000033
-0.028593999999999984
-0.026985000000000026
-0.026552000000000017
-0.028034000000000028
-0.027095999999999988
-0.026256000000000033
-0.025502000000000035
-0.026580000000000048
-0.028733999999999964
-0.027404000000000008
-0.02499200000000002
-0.025123000000000013
-0.029865000000000027
-0.023407000000000008
-0.03272399999999994
-0.029526000000000035
-0.026199999999999994
-0.026004000000000006
-0.03229399999999999
-0.02956699999999999
-0.02651499999999998
-0.02690200000000001
-0.02551200000000004
-0.024658000000000013
-0.027253000000000013
-0.027300000000000033
-0.026264999999999986
-0.02821799999999998
-0.027692000000000026
-0.027019000000000005
-0.025847000000000016
-0.02816899999999999
-0.023556000000000004
-0.02498100000000001
-0.030635000000000048
-0.027339000000000016
-0.026448999999999983
-0.02586700000000003
-0.02568100000000004
-0.028005999999999972
-0.025849000000000018
-0.024112000000000022
-0.02708600000000005
-0.026027000000000015
-0.02585899999999998
-0.027632000000000045
-0.026651000000000015
-0.02570900000000003
-0.02758500000000002
-0.027241000000000036
-0.02502100000000003
-0.02586600000000006
-0.030887000000000067
-0.029578000000000004
-0.02817900000000004
-0.02740799999999996
-0.024653999999999995
-0.025023000000000056
-0.026757999999999976
-0.02551800000000002
-0.02595
-0.026400000000000007
-0.028061000000000013
-0.02595400000000003
-0.027250000000000038
-0.03006500000000001
-0.02593799999999996
-0.02836199999999996
-0.02540200000000005
-0.025271999999999996
-0.02852400000000001
-0.026566000000000013
-0.03266499999999999
-0.02926000000000002
-0.02835200000000007
-0.02551900000000003
-0.025659000000000008
-0.02479300000000005
-0.02474400000000003
-0.03300899999999999
-0.028550000000000027
-0.027778999999999967
-0.02667500000000003
-0.02599100000000002
-0.025607000000000015
-0.025911000000000007
-0.025684999999999996
-0.030955999999999973
-0.025830000000000023
-0.026442000000000035
-0.026313000000000034
-0.02429100000000004
-0.026429000000000015
-0.030015999999999998
-0.029064999999999987
-0.027531999999999987
-0.025741000000000038
-0.02604299999999998
-0.02801800000000002
-0.02757700000000001
-0.02424000000000002
-0.028166000000000007
-0.02397500000000006
-0.026761000000000014
-0.026967000000000012
-0.024528000000000078
-0.023596
-0.031598
-0.027547000000000047
-0.026534999999999958
-0.025270000000000035
-0.02745499999999999
-0.027325999999999993
-0.025379000000000006
-0.026390000000000004
-0.027482999999999997
-0.025729000000000012
-0.025140000000000023
-0.02697300000000006
-0.026551000000000012
-0.026956
-0.02557000000000001
-0.030725999999999993
-0.025086000000000008
-0.024835000000000034
-0.025855000000000013
-0.02434800000000001
-0.031046000000000008
-0.026390999999999974
-0.02521600000000001
-0.02639699999999998
-0.02813299999999999
-0.026491000000000015
-0.02915600000000003
-0.028191000000000018
-0.02664899999999997
-0.026235999999999995
-0.025710000000000025
-0.028259000000000045
-0.02702000000000005
-0.025413999999999957
-0.025014000000000057
-0.02538800000000001
-0.023530000000000016
-0.02201899999999999
-0.026563000000000045
-0.023957999999999986
-0.029287000000000063
-0.02973700000000004
-0.02505300000000005
-0.026050999999999998
-0.027227000000000008
-0.028178000000000026
-0.026917999999999984
-0.02521700000000001
-0.024062999999999998
-0.026960000000000064
-0.024883000000000027
-0.029521000000000016
-0.02374800000000001
-0.027709000000000053
-0.02702700000000002
-0.026238000000000004
-0.026290000000000015
-0.025330000000000005
-0.024052000000000035
-0.025147
-0.027014000000000017
-0.024630000000000048
-0.024229000000000025
-0.02462800000000002
-0.024526000000000027
-0.025792000000000037
-0.025935000000000007
-0.02566700000000003
-0.02723500000000001
-0.02576400000000007
-0.02455800000000001
-0.024216000000000043
-0.025816000000000037
-0.025574000000000006
-0.02241800000000005
-0.027389000000000028
-0.02745199999999998
-0.027103000000000002
-0.024324999999999996
-0.024246000000000045
-0.025660000000000037
-0.02240900000000005
-0.027377000000000016
-0.02409800000000006
-0.024066000000000004
-0.023253000000000038
-0.025491000000000003
-0.02568700000000004
-0.025843000000000012
-0.029757000000000026
-0.025920999999999975
-0.02530800000000004
-0.03107799999999999
-0.02522000000000005
-0.02565199999999996
-0.026087000000000034
-0.02418900000000006
-0.025470000000000007
-0.023927000000000025
-0.025507000000000005
-0.024311000000000058
-0.026446000000000004
-0.023082999999999996
-0.02400100000000003
-0.021306000000000037
-0.02427800000000002
-0.023845000000000043
-0.022322000000000022
-0.020752999999999994
-0.019698000000000035
-0.02193500000000005
-0.02688900000000001
-0.023487000000000025
-0.025567
-0.02297500000000003
-0.022940000000000058
-0.021448000000000054
-0.02127900000000001
-0.026599000000000046
-0.022891000000000043
-0.026778000000000076
-0.025183000000000032
-0.021083000000000046
-0.023056000000000066
-0.021247000000000033
-0.022342000000000035
-0.021949000000000076
-0.024842000000000045
-0.022595000000000046
-0.021051000000000018
-0.02363300000000001
-0.024150000000000033
-0.023212000000000035
-0.022570000000000003
-0.023135000000000034
-0.02142000000000003
-0.023943000000000034
-0.021349000000000055
-0.02191800000000004
-0.02215499999999999
-0.022960999999999957
-0.017631000000000036
-0.021269000000000017
-0.019369000000000032
-0.020702000000000033
-0.020531000000000018
-0.02126500000000003
-0.02290700000000001
-0.020398000000000065
-0.021777000000000008
-0.02209500000000002
-0.02256300000000002
-0.020341000000000057
-0.022224000000000046
-0.020335000000000037
-0.021075000000000017
-0.023116000000000043
-0.024338000000000026
-0.023696000000000016
-0.024023000000000044
-0.024538000000000018
-0.02194900000000003
-0.019432000000000022
-0.02829500000000001
-0.020395000000000055
-0.020303000000000036
-0.020200999999999986
-0.019251000000000046
-0.02291700000000001
-0.021723000000000058
-0.024550000000000016
-0.02142600000000005
-0.021608000000000016
-0.02058200000000002
-0.021474
-0.021516000000000035
-0.02575600000000003
-0.018726000000000038
-0.020480000000000047
-0.021562000000000026
-0.019642000000000066
-0.018314000000000052
-0.020086000000000017
-0.019985000000000034
-0.019825
-0.020994000000000023
-0.022818000000000036
-0.018696000000000015
-0.02258300000000001
-0.020649000000000042
-0.020205000000000035
-0.01655200000000002
-0.018557000000000018
-0.016679000000000027
-0.018646
-0.02160500000000004
-0.01909800000000003
-0.019213000000000025
-0.017599000000000017
-0.01691
-0.01912399999999999
-0.017339999999999987
-0.018793999999999998
-0.01870099999999999
-0.01991700000000004
-0.018191000000000054
-0.016428000000000012
-0.01880200000000006
-0.01997100000000003
-0.017951000000000012
-0.019140000000000008
-0.019398000000000047
-0.018884000000000033
-0.02059799999999997
-0.02072700000000002
-0.019381
-0.016696000000000086
-0.018323000000000037
-0.020138999999999983
-0.016847000000000036
-0.020097999999999998
-0.01773200000000002
-0.019383000000000015
-0.017668000000000027
-0.017186999999999952
-0.01876100000000005
-0.019456000000000064
-0.018647000000000035
-0.01626400000000003
-0.01644300000000004
-0.017760000000000005
-0.020805999999999995
-0.017757000000000005
-0.01840500000000003
-0.018214999999999985
-0.017749000000000043
-0.01826500000000006
-0.020002000000000016
-0.02194600000000001
-0.015791000000000024
-0.021311000000000035
-0.017558000000000032
-0.017863999999999998
-0.017068000000000028
-0.02142099999999999
-0.01821399999999997
-0.01675999999999998
-0.015512999999999997
-0.01958600000000002
-0.01717300000000005
-0.020808000000000024
-0.018955
-0.019744999999999985
-0.017352000000000034
-0.018528999999999993
-0.01930000000000002
-0.023455000000000028
-0.022579999999999996
-0.021625000000000012
-0.020599
-0.020795999999999988
-0.019169999999999982
-0.01860099999999999
-0.017878000000000022
-0.026969000000000028
-0.018698000000000013
-0.021568000000000014
-0.018849000000000036
-0.018798000000000054
-0.018681000000000062
-0.01903400000000003
-0.014520000000000047
-0.01925600000000002
-0.01875200000000001
-0.017501999999999983
-0.02071500000000002
-0.01932699999999999
-0.019606000000000016
-0.01862200000000001
-0.021068000000000024
-0.02238799999999999
-0.018890000000000004
-0.02057500000000001
-0.019066000000000003
-0.016801999999999984
-0.019189999999999985
-0.017132000000000033
-0.020330000000000004
-0.017321000000000007
-0.018505999999999984
-0.016544000000000024
-0.016980999999999982
-0.016197000000000038
-0.016152000000000024
-0.01605300000000005
-0.016417000000000043
-0.01678100000000002
-0.022539
-0.017443000000000007
-0.01574400000000003
-0.016206999999999982
-0.022577
-0.017028000000000012
-0.019019000000000022
-0.019802999999999973
-0.015483999999999977
-0.015665000000000005
-0.01636500000000003
-0.018935999999999995
-0.020813000000000012
-0.016679000000000017
-0.01978500000000006
-0.017712999999999986
-0.020358000000000046
-0.01621800000000002
-0.018440000000000022
-0.01731700000000001
-0.018694000000000013
-0.01841000000000004
-0.01807400000000005
-0.01805600000000002
-0.01783500000000002
-0.02215799999999998
-0.01772400000000006
-0.021206000000000034
-0.016952000000000054
-0.01747600000000001
-0.018407999999999994
-0.018372999999999983
-0.020462000000000025
-0.022136000000000003
-0.020041000000000007
-0.01698599999999999
-0.017023000000000028
-0.015795000000000038
-0.016858000000000015
-0.017622000000000013
-0.018636999999999994
-0.016993
-0.018400999999999994
-0.014729000000000034
-0.019639999999999953
-0.014370000000000013
-0.017002000000000052
-0.016759000000000045
-0.015254000000000028
-0.015225000000000015
-0.017082999999999997
-0.013238000000000014
-0.018404999999999987
-0.014890000000000032
-0.013808000000000053
-0.01696800000000001
-0.016327000000000026
-0.015490000000000006
-0.016261999999999985
-0.016557999999999982
-0.020010000000000003
-0.012618000000000002
-0.015735999999999983
-0.017028000000000026
-0.014197000000000022
-0.012469000000000018
-0.016845000000000037
-0.014046000000000015
-0.013247000000000014
-0.021059000000000046
-0.015390000000000001
-0.015185999999999979
-0.015476000000000037
-0.016682000000000016
-0.013091000000000018
-0.014536000000000007
-0.015070000000000002
-0.016760000000000004
-0.015295999999999992
-0.016298999999999994
-0.014447000000000036
-0.013505000000000015
-0.014608000000000032
-0.017662000000000008
-0.018129999999999962
-0.01957
-0.01890300000000003
-0.01832100000000001
-0.013974000000000044
-0.013917000000000018
-0.016547000000000044
-0.017581999999999997
-0.01880200000000001
-0.016822000000000028
-0.01578000000000001
-0.013161000000000018
-0.021590999999999964
-0.01684599999999999
-0.015658000000000036
-0.012374
-0.020469999999999974
-0.017017000000000036
-0.012083999999999987
-0.011642999999999995
-0.011206999999999993
-0.014458000000000026
-0.014147000000000045
-0.01427199999999996
-0.012201000000000007
-0.011615000000000028
-0.018009000000000032
-0.012936000000000024
-0.013367999999999994
-0.015819000000000007
-0.013385999999999967
-0.01018800000000001
-0.016519000000000016
-0.012092000000000009
-0.011619000000000025
-0.016672000000000027
-0.012269000000000025
-0.012977000000000022
-0.013432000000000017
-0.017380000000000017
-0.013985000000000025
-0.01780699999999998
-0.016703999999999972
-0.014796000000000016
-0.012341000000000041
-0.012395999999999992
-0.015320000000000028
-0.011916000000000026
-0.013147000000000032
-0.012987
-0.011262000000000022
-0.01899999999999998
-0.01143200000000002
-0.013610000000000046
-0.013347000000000029
-0.009340000000000017
-0.01150300000000002
-0.012088000000000015
-0.01693900000000001
-0.014556000000000024
-0.013008000000000018
-0.014904000000000008
-0.013069000000000037
-0.010623000000000025
-0.011789000000000023
-0.011010000000000044
-0.017953000000000028
-0.014971000000000033
-0.013207000000000023
-0.02009199999999999
-0.014028000000000018
-0.011742000000000025
-0.010734000000000004
-0.013333000000000038
-0.011874000000000016
-0.01173200000000003
-0.012008000000000033
-0.012144000000000012
-0.016747000000000036
-0.016406000000000007
-0.018107
-0.011449000000000023
-0.012484000000000045
-0.016359000000000002
-0.01378600000000003
-0.011594000000000014
-0.014741000000000011
-0.009663000000000034
-0.011206000000000034
-0.015123000000000022
-0.014200000000000003
-0.013849000000000024
-0.013528000000000017
-0.014648000000000033
-0.011035000000000026
-0.015916000000000017
-0.014034999999999994
-0.012471000000000001
-0.014937000000000035
-0.01426700000000001
-0.012794000000000033
-0.01503100000000004
-0.014922
-0.012488000000000027
-0.016759000000000003
-0.014869000000000037
-0.015426000000000004
-0.01100000000000003
-0.011438000000000021
-0.013964000000000008
-0.014583000000000018
-0.013165000000000026
-0.01128700000000001
-0.012053000000000025
-0.013683000000000039
-0.01332600000000003
-0.012577000000000041
-0.010476000000000027
-0.014057000000000023
-0.011735000000000028
-0.01828200000000001
-0.010396000000000027
-0.012457999999999993
-0.013001000000000042
-0.015467000000000024
-0.016287000000000027
-0.01642
-0.013965000000000047
-0.018449999999999984
-0.014188000000000017
-0.014126
-0.010930000000000013
-0.00957000000000003
-0.017581000000000027
-0.012283999999999967
-0.011836000000000024
-0.014575000000000038
-0.015138999999999974
-0.012505000000000033
-0.012789000000000042
-0.012147000000000024
-0.012922000000000017
-0.01087700000000003
-0.015704000000000006
-0.012518000000000033
-0.01242900000000003
-0.013150000000000004
-0.011706000000000034
-0.014067000000000022
-0.013924000000000021
-0.013891000000000028
-0.012325999999999967
-0.013213000000000029
-0.012517000000000037
-0.012544000000000038
-0.011333000000000044
-0.011163000000000017
-0.009598000000000027
-0.01136000000000003
-0.011779000000000022
-0.012545000000000018
-0.010913000000000015
-0.010600000000000016
-0.012312000000000007
-0.011258000000000027
-0.011806999999999986
-0.01634500000000002
-0.009946000000000017
-0.012834
-0.01277200000000002
-0.012428000000000036
-0.014298000000000045
-0.011672000000000031
-0.013907999999999972
-0.013327000000000044
-0.014096000000000011
-0.011840000000000045
-0.014369000000000014
-0.010649000000000028
-0.011101000000000024
-0.01181400000000003
-0.01124900000000003
-0.01375600000000002
-0.012342000000000027
-0.010568000000000029
-0.014016000000000015
-0.013013000000000025
-0.010036000000000024
-0.010638000000000036
-0.014046000000000046
-0.014441000000000008
