0.010584219999999998
0.021540979999999994
0.02977885999999999
0.036566579999999994
0.042379459999999994
0.04881203999999999
0.05234927999999999
0.058142099999999995
0.06245546
0.06580984
0.0687332
0.07228380000000001
0.07483079999999999
0.07679603999999998
0.07906537999999998
0.08064527999999997
0.08223955999999998
0.08452865999999996
0.08592103999999998
0.08788901999999998
0.09010609999999997
0.09314191999999995
0.09576083999999996
0.09914021999999996
0.10064953999999997
0.10271997999999995
0.10654293999999993
0.10837833999999993
0.10995787999999992
0.11235833999999992
0.11422887999999992
0.11609373999999992
0.11697387999999992
0.11915925999999988
0.1209925799999999
0.1222187999999999
0.1236625599999999
0.12484747999999989
0.1275130399999999
0.12801771999999992
0.1291130199999999
0.1309711599999999
0.13131681999999992
0.1323644599999999
0.1335415999999999
0.13470233999999992
0.1362232999999999
0.13810611999999992
0.13834137999999993
0.13914575999999992
0.1417053799999999
0.1425996799999999
0.14357441999999992
0.1451365199999999
0.14621179999999992
0.14665585999999992
0.14680507999999992
0.1474054999999999
0.14814739999999993
0.1488093199999999
0.14907311999999992
0.14957755999999992
0.1506876199999999
0.1514621999999999
0.1520297999999999
0.15249657999999994
0.15263171999999992
0.15351377999999993
0.15383623999999993
0.15460003999999994
0.15522361999999992
0.15566657999999992
0.1563372799999999
0.1566943799999999
0.15744199999999994
0.15869937999999995
0.15856295999999992
0.16042747999999993
0.16037317999999992
0.16081387999999994
0.16139075999999997
0.16179615999999997
0.16224481999999996
0.16391307999999996
0.16346097999999995
0.1658319999999999
0.16524977999999999
0.16630017999999996
0.1674840999999999
0.16773385999999998
0.16902499999999995
0.17004307999999996
0.17065092
0.17087989999999997
0.17172679999999996
0.17244961999999997
0.1727272
0.17391782
0.17374169999999997
0.17379479999999994
0.17534209999999995
0.17588023999999994
0.17618657999999995
0.17657515999999995
0.17743885999999992
0.1780311599999999
0.17823091999999996
0.17941169999999992
0.17857235999999993
0.17986677999999995
0.18045775999999997
0.1804896399999999
0.18086569999999993
0.18163239999999994
0.18160641999999994
0.18203861999999993
0.1822304599999999
0.1835111399999999
0.18420613999999993
0.18424651999999994
0.18426241999999993
0.1851699399999999
0.18440079999999992
0.1865948199999999
0.18546743999999993
0.18607381999999995
0.18711449999999993
0.18769165999999995
0.18793863999999993
0.1884754199999999
0.18886541999999992
0.1890207999999999
0.18966503999999992
0.1899752999999999
0.18965085999999992
0.1906262599999999
0.18942037999999994
0.19011871999999994
0.19070203999999993
0.19153025999999992
0.19072591999999994
0.19076279999999993
0.1911520399999999
0.19187825999999994
0.19261637999999992
0.1929928199999999
0.19275031999999992
0.19265887999999992
0.19328159999999994
0.19350755999999994
0.19359555999999994
0.19359971999999992
0.19408113999999999
0.19408351999999993
0.19499467999999992
0.19491351999999995
0.19536513999999994
0.19533489999999992
0.19632481999999993
0.1964016399999999
0.1971121199999999
0.19744085999999997
0.19749689999999995
0.19709055999999994
0.19782187999999995
0.19820215999999996
0.19872505999999995
0.19980849999999997
0.19966915999999998
0.19994535999999996
0.19923101999999995
0.19979805999999997
0.20031951999999995
0.20040453999999996
0.20062451999999997
0.20115045999999995
0.20200633999999998
0.20207889999999998
0.20262245999999998
0.20367741999999997
0.20311305999999998
0.20260128
0.20342292
0.20297637999999998
0.20410424
0.20419874
0.20438221999999995
0.20448131999999997
0.20398476000000001
0.20413486
0.20434272
0.20442284
0.20427031999999998
0.2044088
0.20522479999999999
0.20490176
0.20550666
0.20568902
0.20563158
0.20545464
0.20563386
0.20594874000000002
0.20619934
0.20635216
0.20677757999999996
0.20690038000000002
0.20706834000000002
0.20729996
0.20679262
0.20738642
0.20783222
0.20759945999999999
0.20791410000000002
0.20761182000000006
0.20721102000000002
0.20835112000000003
0.20828556000000004
0.20845508000000001
0.20856440000000004
0.20867380000000005
0.20924676000000006
0.20939684000000003
0.20882844000000006
0.2094341
0.20966768000000002
0.2103103
0.20917852000000003
0.20940330000000004
0.20916904000000008
0.20935868000000007
0.21000028000000007
0.20923566000000005
0.21022856000000004
0.21072768000000008
0.21157044000000005
0.21122642000000005
0.21111082000000003
0.21182318000000006
0.21098458
0.21196850000000006
0.21200554000000005
0.21244778000000003
0.21223440000000005
0.2125638800000001
0.21289024000000004
0.21305566000000006
0.21226334000000008
0.2139091800000001
0.21305164000000004
0.2142300800000001
0.21304046000000007
0.21388572000000006
0.21450042000000008
0.21405908000000007
0.21470894000000007
0.21546468000000008
0.21564374000000008
0.21574926000000005
0.21560500000000007
0.21598040000000013
0.2172687200000001
0.21767474000000012
0.2170032800000001
0.2182712800000001
0.21732692000000006
0.2173891000000001
0.2180274600000001
0.21917634000000008
0.2189236000000001
0.21945654000000012
0.22016152000000005
0.22117822000000012
0.22050640000000007
0.22059494000000013
0.22143412000000012
0.2212783000000001
0.2218236400000001
0.2216715400000001
0.22292108000000005
0.22283354000000005
0.2231665400000001
0.22291734000000005
0.22360892000000007
0.2243682800000001
0.2244477600000001
0.2243171400000001
0.22512298000000008
0.22612632000000008
0.22610654000000008
0.22610844000000008
0.2270064200000001
0.22685020000000009
0.22743050000000006
0.22809666000000012
0.22782496000000008
0.22779126000000013
0.2276090400000001
0.2283749600000001
0.22883162000000007
0.22897568000000007
0.22846872000000004
0.22916488000000007
0.2296281600000001
0.22975770000000006
0.2301372000000001
0.23021266000000012
0.2306709800000001
0.2316389200000001
0.23158776000000011
0.23178708000000012
0.2312182400000001
0.2321517400000001
0.23164510000000013
0.23156208000000011
0.23301946000000015
0.2316922000000001
0.23238152000000006
0.23283162000000013
0.23306278000000014
0.2328011600000001
0.23204362000000012
0.23248754000000013
0.2337150600000001
0.2333551400000001
0.23390974000000012
0.23381870000000013
0.23384458000000014
0.2338513800000001
0.2348469200000001
0.2340615600000001
0.2348793800000001
0.2344805600000001
0.23523044000000012
0.23558698000000014
0.23549898000000014
0.23571726000000012
0.2356041200000001
0.23634250000000012
0.23713514000000013
0.23613274000000012
0.23731980000000014
0.23711266000000011
0.23736994000000017
0.23704884000000015
0.23742454000000013
0.23685072000000013
0.23808672000000017
0.23857058000000017
0.23838590000000015
0.23820704000000015
0.23866932000000013
0.2384735200000001
0.23897050000000014
0.23891036000000013
0.23966838000000018
0.23901330000000015
0.2387810000000001
0.23849900000000013
0.2391691400000001
0.23951164000000014
0.23967612000000013
0.24012408000000016
0.23938330000000016
0.24048990000000017
0.23992978000000015
0.23979278000000015
0.24031264000000013
0.24046680000000017
0.24083888000000017
0.24100236000000017
0.24099350000000017
0.24153740000000012
0.24099460000000014
0.2409878600000001
0.24112490000000014
0.24133592000000015
0.24233128000000015
0.24217616000000017
0.24200130000000017
0.24272436000000017
0.24264830000000015
0.24200224000000017
0.24227524000000017
0.24220066000000012
0.24233764000000016
0.24177404000000013
0.24322596000000016
0.24262408000000016
0.24235046000000018
0.24272350000000015
0.24301940000000016
0.24267596000000016
0.24296686000000012
0.24291342000000016
0.2434343000000002
0.24340082000000016
0.24289862000000015
0.24335288000000016
0.24415648000000015
0.24438078000000016
0.2433402800000002
0.24370060000000016
0.24392910000000015
0.24405556000000012
0.24323738000000017
0.24389820000000015
0.24479454000000014
0.24420746000000015
0.24445488000000015
0.24470772000000018
0.24408164000000018
0.24432186000000017
0.24431978000000015
0.24429238000000017
0.24461664000000016
0.24562692000000014
0.24510242000000018
0.24472410000000014
0.24514912000000016
0.24542716000000017
0.24506138000000013
0.24588396000000018
0.24561236000000014
0.24487252000000012
0.24557722000000012
0.24575112000000018
0.24547530000000017
0.24552288000000014
0.24460306000000018
0.24581024000000012
0.24579596000000017
0.24571298000000014
0.24596358000000015
0.24577492000000017
0.24662200000000017
0.24696826000000016
0.24649422000000015
0.24639146000000017
0.24659516000000017
0.2468576000000002
0.2466499200000002
0.24702298000000017
0.24681212000000016
0.2469812200000002
0.2464639800000002
0.24624090000000018
0.24801864000000015
0.24732306000000015
0.24719032000000016
0.2473681000000002
0.24655768000000017
0.24821300000000016
0.24813878000000017
0.24745034000000019
0.24805502000000018
0.24748824000000016
0.24782314000000022
0.24776366000000016
0.24769606000000016
0.2483583400000002
0.2480184600000002
0.24805146000000014
0.2478696800000002
0.24831552000000015
0.24765686000000017
0.24876932000000018
0.2482170600000002
0.24853284000000017
0.24836218000000015
0.24758794000000017
0.24807544000000017
0.24794102000000018
0.24776376000000014
0.2485809800000002
0.24840662000000016
0.24781450000000013
0.24812750000000017
0.2486661600000002
0.24904460000000023
0.24862160000000016
0.24870248000000017
0.24790220000000018
0.24793948000000018
0.24790252000000015
0.2486522400000002
0.2487795000000002
0.24924156000000017
0.2489183000000002
0.24830218000000015
0.2487414000000002
0.24838298000000017
0.2490918600000002
0.24870134000000022
0.2496437600000002
0.24927672000000015
0.24952872000000018
0.24904912000000018
0.24969882000000015
0.24922426000000017
0.24908496000000016
0.24992592000000016
0.24946156000000017
0.24991480000000021
0.24950694000000018
0.24970044000000016
0.2500685800000002
0.2503118000000002
0.24975746000000018
0.25054430000000016
0.24958732000000017
0.25039600000000023
0.25000528000000016
0.24951396000000017
0.25070050000000016
0.2502086000000002
0.2500211000000002
0.2503077000000002
0.2505626800000002
0.2503817200000002
0.2505328800000002
0.2504575800000002
0.25063550000000023
0.2504383400000002
0.25015176000000017
0.25116378000000017
0.2510255400000002
0.2507399400000002
0.25036332000000017
0.2513688200000002
0.2507360000000002
0.25099620000000017
0.2510032400000002
0.2504762400000002
0.2508722200000002
0.25014564000000017
0.2510240800000002
0.2508874200000002
0.2515257800000002
0.2508948800000002
0.2511003400000002
0.2508344000000002
0.2510532400000002
0.25061390000000017
0.2514735600000002
0.25132662000000017
0.2508513600000002
0.2519584200000002
0.25161746000000024
0.25212858000000016
0.25233212000000016
0.25215672000000017
0.25199780000000016
0.2516424800000002
0.2520241600000002
0.2519237800000002
0.2526960000000002
0.2525241800000002
0.25336646000000024
0.2525268600000002
0.2525974800000002
0.2531864000000002
0.2532531600000002
0.2534290600000002
0.2525608600000002
0.2535623800000002
0.25359172000000024
0.25283944000000025
0.2533933000000002
0.2536585400000002
0.2536660800000002
0.2540718200000002
0.2535950400000002
0.2532928400000002
0.2535006200000002
0.25393754000000024
0.2541822000000002
0.2550849400000002
0.2537686200000002
0.25473082000000025
0.2550450600000002
0.2544698800000002
0.2547359400000002
0.2545008000000002
0.2551215600000002
0.2556199600000002
0.25520460000000017
0.2551127600000002
0.2554408200000002
0.2556534600000002
0.2557476400000002
0.2559441800000002
0.25588816000000025
0.25592668000000024
0.2556239600000002
0.2560686400000002
0.2563151800000002
0.25668844000000024
0.2563277800000002
0.2562893400000002
0.25673600000000024
0.2557927200000002
0.2567320600000002
0.2568828400000002
0.2567461800000002
0.2565521800000002
0.2566684600000002
0.2568355400000002
0.2567688000000002
0.2572376800000002
0.2570194600000002
0.25638916000000017
0.25722898000000016
0.2569571400000002
0.2572447800000002
0.25726466000000026
0.2576490000000002
0.2575920200000002
0.25713856000000024
0.25751628000000015
0.2579421200000002
0.2575241000000002
0.2579157600000002
0.2576671400000002
0.2574267200000002
0.25748396000000023
0.2573115200000002
0.2571925200000002
0.2579175800000002
0.2579796800000002
0.2575313600000002
0.2576134400000002
0.2582340800000002
0.2586470000000002
0.25734204000000016
0.25788392000000016
0.25804856000000015
0.2578790200000002
0.2582377800000002
0.2579214800000002
0.25826114000000017
0.2583824800000002
0.2584016600000002
0.25815540000000015
0.25867490000000015
0.25868860000000016
0.2593181400000002
0.25846586000000016
0.25911048000000014
0.2585720000000002
0.25861472000000013
0.25797546000000016
0.2596400200000002
0.25923504000000014
0.25869216000000017
0.25876920000000014
0.2594830800000002
0.2594184800000001
0.25877580000000017
0.25901774000000016
0.25867410000000013
0.25927754000000014
0.26028046000000016
0.25980168000000015
0.25914684000000016
0.25997652000000016
0.2593130000000001
0.25908462000000015
0.25991640000000016
0.2599121400000002
0.25976750000000015
0.25907246000000017
0.26037654000000016
0.25963886000000014
0.2596683200000001
0.25993320000000014
0.2594784000000001
0.25981706000000016
0.25913890000000017
0.26022032000000017
0.2598120600000001
0.25988966000000013
0.2597671400000002
0.2597303200000001
0.2604833200000002
0.25947366000000016
0.2595625800000001
0.2606735600000002
0.25985890000000017
0.26048296000000015
0.26089908000000017
0.26025990000000016
0.26038524000000013
0.26060260000000013
0.26072068000000015
0.2605999600000002
0.26093674000000017
0.26042046000000013
0.2615369000000001
0.26097214000000013
0.2611391200000001
0.26118978000000015
0.26209522000000013
0.2608579400000001
0.2605413400000002
0.2612919200000002
0.26071876000000016
0.26215384000000014
0.2615765600000002
0.2622881000000002
0.26190612000000013
0.2619048800000002
0.26202042000000014
0.2618106800000002
0.2619723600000001
0.26195688000000017
0.26307528000000013
0.2623214400000002
0.26234514000000014
0.2622193600000002
0.2631113800000001
0.2618855800000002
0.26224570000000014
0.26282856000000016
0.2617566800000002
0.26219430000000016
0.2627304400000001
0.26232154000000013
0.26215020000000017
0.26245166000000014
0.26302366000000016
0.26247442000000015
0.26353466000000014
0.26309016000000013
0.2637391000000001
0.26213822000000014
0.26356822000000013
0.26322324000000014
0.2635082000000002
0.26337622000000016
0.26329242000000014
0.26362532000000016
0.2637387800000002
0.2637554400000002
0.2633251400000001
0.26372298000000016
0.26341726000000015
0.2631947800000002
0.26335936000000015
0.2641888600000002
0.26353622000000015
0.26376072000000017
0.26407852000000015
0.26415596000000013
0.26478374000000016
0.2638272600000002
0.2638717000000001
0.26407550000000013
0.26388194000000015
0.2635699000000002
0.2635690800000001
0.26413428000000017
0.26448318000000015
0.2650246800000002
0.26442188000000016
0.26442820000000017
0.26432130000000015
0.26447104000000016
0.2643046200000001
0.2651639600000002
0.2644065800000001
0.26433488000000016
0.2647410600000002
0.26447224000000014
0.26501756000000015
0.2642772600000001
0.26467302000000015
0.26493940000000016
0.26446486000000013
0.2646549200000002
0.26482710000000015
0.26449650000000013
0.26583824000000017
0.26463250000000016
0.2650310000000002
0.26520940000000015
0.26505768000000013
0.26535416000000017
0.26478278000000016
0.26546192000000013
0.2660781600000001
0.2657304400000002
0.26568674000000014
0.2657762000000002
0.26622066000000016
0.26580252000000015
0.2653702800000002
0.26645038000000015
0.26568010000000014
0.2657283000000002
0.26547418000000017
0.26663488000000013
0.2662090600000002
0.26671424000000016
0.2656867800000001
0.2670974600000002
0.26682732000000015
0.2662128400000002
0.2666929800000002
0.26701284000000014
0.2660648600000001
0.26643780000000017
0.2664569600000002
0.26605298000000016
0.2676125400000002
0.26667152000000016
0.26642542000000013
0.2667496400000002
0.2670788200000002
0.26704286000000016
0.26615614000000015
0.2665615000000001
0.26651358000000014
0.2661141000000002
0.26788032000000017
0.2672367800000002
0.2669453800000002
0.2674770000000002
0.26758504000000016
0.2663992800000001
0.2667730200000002
0.2677906200000002
0.26801048000000016
0.2678433600000002
0.2676715800000002
0.2678363400000001
0.26805470000000015
0.26760772000000016
0.26836590000000016
0.26781156000000017
0.2690125600000001
0.26868100000000017
0.26832070000000013
0.2686010200000002
0.26813484000000015
0.26881022000000016
0.2676327000000001
0.26902288000000013
0.26848110000000014
0.2687479000000001
0.2686711600000001
0.26932044000000016
0.26862448000000017
0.2695783800000001
0.2687200200000001
0.26920142000000014
0.26903068000000013
0.2692781200000001
0.26965364000000014
0.2694068400000001
0.2699565800000001
0.26921440000000013
0.27013118000000014
0.27002378000000016
0.27025236000000014
0.2703365200000001
0.2705782600000001
0.2702257200000001
0.2703979200000001
0.2705849600000001
0.27012032000000014
0.26991952000000013
0.2705640200000001
0.2698955400000001
0.27091704000000016
0.2713344000000001
0.2710646000000001
0.2706825600000001
0.2717918000000001
0.27137660000000013
0.2716900200000001
0.2718265600000001
0.27263098000000013
0.2720519200000001
0.2716817800000001
0.2718336200000001
0.2715752000000001
0.27133958000000014
0.27167790000000014
0.27277914000000014
0.2717265400000001
0.27212424000000013
0.2722299200000001
0.2728050400000001
0.27283896000000013
0.27275660000000007
0.2728443000000001
0.27311662000000014
0.27329182000000013
0.27385444000000014
0.27304722000000015
0.2731751400000001
0.2730033400000001
0.27396468000000007
0.2736539000000001
0.2739185600000001
0.2735491000000001
0.2735067400000001
0.2738621800000001
0.2739470200000001
0.2740706400000001
0.27363054000000014
0.27360020000000007
0.2742812200000001
0.2734986600000001
0.27383852000000014
0.2745421400000001
0.2743124800000001
0.2745405000000001
0.2746953400000001
0.27467538
0.2743934200000001
0.2750473800000001
0.2749779000000001
0.2747997000000001
0.27469558000000016
0.27555094000000013
0.2750300800000001
0.2746309600000001
0.27514706000000005
0.2756087200000001
0.2752870800000001
0.2752506200000001
0.2760471600000001
0.2755592200000001
0.27593172000000016
0.27613340000000014
0.2761652400000001
0.27671198000000014
0.2761379800000001
0.2758734800000001
0.2760502800000001
0.2763733200000001
0.2764821400000001
0.2765372600000001
0.27616816000000016
0.2765759800000001
0.2766103800000001
0.2771165200000001
0.2757335200000001
0.2761980800000001
0.2763631000000001
0.2763365800000001
0.2771332000000001
0.2775176800000001
0.2779043000000001
0.2770434000000001
0.27769990000000006
0.2770973800000001
0.2779757000000001
0.2778728800000001
0.2773533400000001
0.2779022800000001
0.27771882000000014
0.2775848800000001
0.2784585400000001
0.2783625200000001
0.2782950000000001
0.2785299800000001
0.27809294000000007
0.2789756200000001
0.27856972000000013
0.2795326200000001
0.2779885800000001
0.2792245800000001
0.2788702000000001
0.2788258400000001
0.2792966600000001
0.2791591000000001
0.2790861600000001
0.2797436200000001
0.27954214000000005
0.27936714000000007
0.2798607400000001
0.2796282400000001
0.2796947800000001
0.2804432000000001
0.2800596800000001
0.28069706000000005
0.2806733800000001
0.28075256000000004
0.28108528000000016
0.28050572000000007
0.2811184600000001
0.2802153800000001
0.2809460400000001
0.2804183600000001
0.2806383000000001
0.2813031400000001
0.28084710000000007
0.2811520800000001
0.28171192000000006
0.2811051200000001
0.2816544000000001
0.2820941400000001
0.2820499200000001
0.2820687600000001
0.2820162200000001
0.28211932000000006
0.28209074000000006
0.2820804600000001
0.28278726000000004
0.28241302000000007
0.28220506000000006
0.28295776000000006
0.28309222000000006
0.2833951800000001
0.28346068
0.2832078800000001
0.28446942000000003
0.28337002000000006
0.28322880000000006
0.2840231
0.2836883400000001
0.28406322
0.28429248
0.2837529000000001
0.28382922
0.2841117
0.28380392000000004
0.28539169999999997
0.28472916000000004
0.28495416
0.2847512
0.28535472
0.28589414
0.28534596
0.28555692
0.28485482
0.2858876
0.28580146
0.2856752
0.28600896
0.28611516000000004
0.28580898
0.28627032
0.28650166
0.2860581
0.2867005
0.28644082
0.28677238
0.2868099
0.28609694
0.28675302
0.28731397999999997
0.28704250000000003
0.28729318
0.28767699999999996
0.28793962
0.28765318
0.28693354
0.28688296
0.28772556
0.28770012
0.28819432
0.2873451
0.2886149
0.28807573999999997
0.28768384
0.28795144
0.28826844
0.28854512
0.28823573999999996
0.28844618
0.28876324
0.28834188
0.28830202
0.2890888
0.2881572
0.28858878
0.28904961999999995
0.28942581999999994
0.28963985999999997
0.28998749999999995
0.28960127999999996
0.2892978599999999
0.28965095999999996
0.29010137999999996
0.2901181799999999
0.29036663999999995
0.28986638
0.2904570999999999
0.29018125999999994
0.28985147999999994
0.2906728999999999
0.29011367999999993
0.29045437999999996
0.2908921999999999
0.29071299999999994
0.29075478
0.29114001999999994
0.29104749999999996
0.2913115799999999
0.2920248399999999
0.29096211999999994
0.2915319599999999
0.2903404399999999
0.29118315999999994
0.29151369999999993
0.2920289999999999
0.29171713999999993
0.2913811799999999
0.29194777999999993
0.29126195999999993
0.29189047999999995
0.29136749999999995
0.29161255999999997
0.29150429999999994
0.2919167399999999
0.2917289599999999
0.2916950599999999
0.29266977999999993
0.29243373999999994
0.2919287399999999
0.2930843999999999
0.2930231599999999
0.2940886999999999
0.2935126199999999
0.2927790399999999
0.2936077999999999
0.2935837199999999
0.2941325999999999
0.29424223999999993
0.29455261999999993
0.2942159199999999
0.2934340999999999
0.2943882799999999
0.29416599999999987
0.2940212999999999
0.2944451199999999
0.29447375999999986
0.2943007199999999
0.2948320399999999
0.2953235199999999
0.2952786399999999
0.2956472799999999
0.2956141199999999
0.2960102199999999
0.29587409999999986
0.2963764999999999
0.29537589999999986
0.2963403199999999
0.2965355799999999
0.29625447999999993
0.29673267999999986
0.2968529999999999
0.2968768999999999
0.2960330799999999
0.2966456599999999
0.2969390199999999
0.2970111599999999
0.2967175599999999
0.2965642999999999
0.2974360799999999
0.2981320999999999
0.2977411399999999
0.2978493399999999
0.2981086599999999
0.2979872399999999
0.29741947999999985
0.2971782999999999
0.29860695999999987
0.29878441999999983
0.29877659999999984
0.29854337999999986
0.29784033999999987
0.2982037999999999
0.2981292399999999
0.2979972599999999
0.29854589999999986
0.2987509399999999
0.29834635999999987
0.2985969199999998
0.29946933999999986
0.29928979999999983
0.29844393999999985
0.29933931999999985
0.29992749999999985
0.3006211799999998
0.2994062599999998
0.29956027999999985
0.29960901999999984
0.30031633999999985
0.2997157199999998
0.30020357999999986
0.2996346399999998
0.3004703599999998
0.30086551999999983
0.3006807999999998
0.30081867999999984
0.30023377999999984
0.3008976999999998
0.3007637599999998
0.30024285999999983
0.30132751999999985
0.30183555999999984
0.3025162399999998
0.30151401999999977
0.3014623599999998
0.3013222999999998
0.3010627799999998
0.30231585999999977
0.3023675599999998
0.3020884599999998
0.3027801599999998
0.30205047999999984
0.30238935999999983
0.30300065999999976
0.30232345999999977
0.3025302199999998
0.30323467999999976
0.30272275999999976
0.3033576999999998
0.3036092999999998
0.3030797599999998
0.3026411799999998
0.3025981799999998
0.3035233199999998
0.3032819399999998
0.30398623999999974
0.3040859399999998
0.3039743399999998
0.3035790599999998
0.30478825999999976
0.3041196799999998
0.3041618199999998
0.3040903599999998
0.3048084599999997
0.30459539999999974
0.3050323599999998
0.3046993799999998
0.3059128799999998
0.30517309999999975
0.30550121999999974
0.30543737999999976
0.30597527999999974
0.30535521999999976
0.3054045399999998
0.3057145999999997
0.30572147999999977
0.30593319999999974
0.3064502199999997
0.30633825999999975
0.3068271399999998
0.3066540999999997
0.3070725599999997
0.3075461799999997
0.30702061999999974
0.30748843999999975
0.3067679799999998
0.30726999999999977
0.30747513999999976
0.30830861999999976
0.30810657999999974
0.3082685199999997
0.3079332599999997
0.3081445799999997
0.30805761999999975
0.30790627999999975
0.3078200199999997
0.30734277999999976
0.30782033999999975
0.30797819999999976
0.3085567399999998
0.3076098799999997
0.3089892799999997
0.3085442799999997
0.30811749999999977
0.3078492599999998
0.30857785999999976
0.30839783999999976
0.30943107999999975
0.3095649999999997
0.3084281999999997
0.3097323399999997
0.30925045999999967
0.3097345399999997
0.3087874999999997
0.3098663799999997
0.31003443999999974
0.30995171999999976
0.3097596399999997
0.31019949999999974
0.3104873799999997
0.3102442599999997
0.31116761999999976
0.3103020799999997
0.3103399399999997
0.31024707999999973
0.3113355999999997
0.31074745999999975
0.3114136399999997
0.3112022999999997
0.31146865999999973
0.3115269399999997
0.31209405999999973
0.3118099599999997
0.31173051999999973
0.3118479199999997
0.31197741999999967
0.3118958199999997
0.3115146999999997
0.3127125999999997
0.3118942199999997
0.3116823399999997
0.3120629599999997
0.3131146399999997
0.31218747999999974
0.3126089999999997
0.31264257999999967
0.3129777999999997
0.3121252799999997
0.31249359999999976
0.3128575199999997
0.31208065999999973
0.3124757999999997
0.3129506999999997
0.3134341199999997
0.3135263799999997
0.3128557399999997
0.3135955799999997
0.3132416399999997
0.31317079999999975
0.3132495599999997
0.3137319399999997
0.3139130999999997
0.3142362199999997
0.3136680199999997
0.3135283799999997
0.3145089599999997
0.3139968999999997
0.3146061199999997
0.3140861799999997
0.3149081799999997
0.3143217799999997
0.3144183999999997
0.3140535799999997
0.31510917999999966
0.3154863599999997
0.3147710599999997
0.31414283999999976
0.3153444999999997
0.3152183999999997
0.3154277199999997
0.3149870599999997
0.31586293999999965
0.31534119999999966
0.31606699999999965
0.3152726599999997
0.3163540199999997
0.31590281999999964
0.31580501999999966
0.3161299799999997
0.3167572399999997
0.3161775599999997
0.3164033999999997
0.31620723999999967
0.3159575599999997
0.3161702999999997
0.3157087599999997
0.31539843999999967
0.3166535399999997
0.31655563999999964
0.31704767999999967
0.31701227999999965
0.31692395999999967
0.3162209399999997
0.3165826599999997
0.31687937999999966
0.3163906399999996
0.3166912399999997
0.31601945999999964
0.3175041999999997
0.31726439999999967
0.31742419999999966
0.3168990199999997
0.31735165999999965
0.31701605999999966
0.31727511999999963
0.31680157999999964
0.3168679399999997
0.3169488399999997
0.31780681999999966
0.3169345599999997
0.3179653599999997
0.3191279399999996
0.31765759999999965
0.31719261999999965
0.31857439999999965
0.31729883999999964
0.31892339999999963
0.31791963999999967
0.31929419999999964
0.31793573999999963
0.3175480399999997
0.31811075999999966
0.31812641999999963
0.31858745999999966
0.31836481999999966
0.31864169999999964
0.31871507999999965
0.31816213999999965
0.3183350199999997
0.3185294399999996
0.31904983999999964
0.3186059799999997
0.31888359999999966
0.3194018999999997
0.31929867999999967
0.31932863999999966
0.3199815799999996
0.31937211999999965
0.3194601199999997
0.3198054599999996
0.3190339599999997
0.31887581999999964
0.31949685999999966
0.31953969999999965
0.31904863999999966
0.3196386799999997
0.31948689999999963
0.31931145999999966
0.31938647999999964
0.3191422599999996
0.31953703999999966
0.3195725399999996
0.32047327999999964
0.31991189999999964
0.3204842199999996
0.31978593999999966
0.32032591999999965
0.31981253999999965
0.31957443999999957
0.3200739199999997
0.32029803999999973
0.3202941599999996
0.31941359999999963
0.3203915799999997
0.3196396999999997
0.3202496999999996
0.32039639999999964
0.3203603999999997
0.32054205999999963
0.31966853999999967
0.3207061999999996
0.32120705999999966
0.3197418399999996
0.3209466199999996
0.31997769999999964
0.32102355999999965
0.32081993999999964
0.32014423999999964
0.3202098599999996
0.32092655999999964
0.32087917999999965
0.32019643999999964
0.32109021999999965
0.3212042799999997
0.3208631399999996
0.32106897999999967
0.3202107399999996
0.3215431199999996
0.32089823999999967
0.32082619999999973
0.3210616199999996
0.3218023199999997
0.32071915999999967
0.3220009399999996
0.32154045999999964
0.32208069999999966
0.32107847999999967
0.3218800799999997
0.3215810999999997
0.32158011999999964
0.32122519999999966
0.3211828599999997
0.32225181999999963
0.32173183999999966
0.3223191999999996
0.32160189999999966
0.32188789999999967
0.3224056799999997
0.32182211999999966
0.3218181599999997
0.32195793999999966
0.3222373999999996
0.3225165799999996
0.3228106599999997
0.3223554399999997
0.3221961599999996
0.32201351999999966
0.3214931399999996
0.3216644199999996
0.3227179999999997
0.3229378599999997
0.3218918799999997
0.32259095999999965
0.3231650399999997
0.32175783999999963
0.3228727999999997
0.32250299999999965
0.32266741999999965
0.32298767999999967
0.3223320199999996
0.3229914199999997
0.32278629999999964
0.32337429999999967
0.3226383599999997
0.32276777999999967
0.32334075999999967
0.3228403199999997
0.32268253999999963
0.3229434599999996
0.3227297999999996
0.3231225599999996
0.32270423999999964
0.32315505999999966
0.32378925999999963
0.32361891999999964
0.3239276599999997
0.3231761999999997
0.3238420199999997
0.32382361999999965
0.32328929999999967
0.3232904599999996
0.3232655999999997
0.32356363999999965
0.32333255999999966
0.3234617399999996
0.32353467999999963
0.32380323999999966
0.32403083999999965
0.32441135999999965
0.3237371999999996
0.32396713999999965
0.32366023999999965
0.3239216599999996
0.32409929999999965
0.3242678799999997
0.32414487999999964
0.3230382799999997
0.3246706399999997
0.3240672799999997
0.3241765199999997
0.32401007999999965
0.32394617999999964
0.32423335999999964
0.32374067999999967
0.3244755199999997
0.3229642399999997
0.32401535999999964
0.32370495999999965
0.32390553999999966
0.3242471599999996
0.3246125999999997
0.32484405999999966
0.3242859999999997
0.32388933999999964
0.32405521999999964
0.3236334999999997
0.3246031199999996
0.3239046199999997
0.32484425999999966
0.3251055199999996
0.32464513999999967
0.3249076199999996
0.3251440999999996
0.32438835999999965
0.3244919199999996
0.3253069799999996
0.3254400599999997
0.3249047999999996
0.3244472399999996
0.3249994999999997
0.32511453999999956
0.3260281399999997
0.3253450799999996
0.32511323999999964
0.32616827999999964
0.32634689999999966
0.3256923599999996
0.3253917599999997
0.3256533199999997
0.32611473999999957
0.3265977799999996
0.32563903999999966
0.3259491799999996
0.3264443399999996
0.32722199999999957
0.32671559999999955
0.32655519999999966
0.3266023399999996
0.3259232799999996
0.3265303799999996
0.3261390999999996
0.32685917999999964
0.3264283999999996
0.32637425999999964
0.3264643799999996
0.32710583999999954
0.32725245999999963
0.3278926999999996
0.3272333999999997
0.3265341999999996
0.32716197999999963
0.32695751999999956
0.3280514199999996
0.3272462999999996
0.3276623199999997
0.3278411799999996
0.3283991799999997
0.32736411999999965
0.3275452399999996
0.3282399399999996
0.32759297999999965
0.32753761999999964
0.3276702199999997
0.32753339999999964
0.32806885999999963
0.32919853999999965
0.3279999799999997
0.32865979999999967
0.32850733999999965
0.32822931999999966
0.32849971999999966
0.32909755999999973
0.3286315599999996
0.32858061999999966
0.3291553599999996
0.3286070399999997
0.3290483199999997
0.3285933399999996
0.3293412199999996
0.32948589999999967
0.3288867599999996
0.3292108199999997
0.3294932999999996
0.3297624599999996
0.3292631199999997
0.32976373999999964
0.3292898999999996
0.32966693999999963
0.3301198199999996
0.3297247199999997
0.3289475599999996
0.32908093999999966
0.32978595999999966
0.3290114599999997
0.3297472599999997
0.3303150999999997
0.32952643999999964
0.33033785999999965
0.33082361999999965
0.3301493199999996
0.32982643999999967
0.33030137999999964
0.3307341799999996
0.3299027799999996
0.3302063599999997
0.3305136599999997
0.33019539999999964
0.33087399999999967
0.33039793999999967
0.33068739999999963
0.3311308999999996
0.33089745999999964
0.33060897999999966
0.33111777999999975
0.3306655799999996
0.3316224799999996
0.3317622999999996
0.3316688599999996
0.33130613999999964
0.33161217999999965
0.3317952199999997
0.33158109999999974
0.3305901799999997
0.3309217599999997
0.3314069999999997
0.33124483999999965
0.3316000999999996
0.3308357999999997
0.33154553999999964
0.3315565399999997
0.33154901999999964
0.33170351999999964
0.33190617999999966
0.3321130399999997
0.3323248799999996
0.33160277999999965
0.33145197999999965
0.3326378199999997
0.3320277999999996
0.33211969999999963
0.33218297999999963
0.33181115999999966
0.33256109999999967
0.33235113999999966
0.3324902399999997
0.3321124399999997
0.33196585999999967
0.33258349999999964
0.3324269199999996
0.33237357999999967
0.3322023399999996
0.3318049799999997
0.3323571199999996
0.3327033399999996
0.3321979399999997
0.33303599999999967
0.33313971999999964
0.33296939999999964
0.3330811399999996
0.3325691599999996
0.33295267999999967
0.3332420399999997
0.33329515999999965
0.3329141599999997
0.33299741999999966
0.3328162599999997
0.33392001999999965
0.33323953999999967
0.33368915999999965
0.3328119599999997
0.33339547999999963
0.33290823999999963
0.3328633399999997
0.33385809999999966
0.3336355199999997
0.3333302199999996
0.3337021799999997
0.33409223999999965
0.3329873599999997
0.3338577999999997
0.3332788399999997
0.3337922199999997
0.3341207399999997
0.3344826799999997
0.33353297999999965
0.33375831999999966
0.33304147999999967
0.33352493999999966
0.33398867999999965
0.3345722599999996
0.3348974599999997
0.33476143999999963
0.3344734399999997
0.33307807999999967
0.33502487999999964
0.33470375999999974
0.33482091999999974
0.3347623799999997
0.33413783999999963
0.3341367799999997
0.33404343999999964
0.33525015999999963
0.33435155999999977
0.33510313999999963
0.3348737399999997
0.33591873999999977
0.33530503999999967
0.3351999399999997
0.33471117999999966
0.3352233799999996
0.3353677599999997
0.3353470799999997
0.33519651999999966
0.33463345999999966
0.33561955999999965
0.3361663999999997
0.33502371999999964
0.33519679999999963
0.33511605999999966
0.3353684599999997
0.3357992399999997
0.33498863999999967
0.3345290599999997
0.3355783799999997
0.3357634999999997
0.3359123799999996
0.33540205999999967
0.3357624599999997
0.3348647399999997
0.3363859999999997
0.33520833999999966
0.33536003999999975
0.3363990599999997
0.33665859999999964
0.3359580799999996
0.3362283599999996
0.33650679999999966
0.33620279999999964
0.33654253999999967
0.3354812799999996
0.3359795799999998
0.3368631599999997
0.3368711399999997
0.3361748599999997
0.3362179799999997
0.3370407599999997
0.3367917599999997
0.3360575999999997
0.3365231199999997
0.3366092799999997
0.3366474199999997
0.3366260999999997
0.33628031999999974
0.33658263999999966
0.3366580999999996
0.3368136399999996
0.33664087999999964
0.33662589999999964
0.33699373999999965
0.3366280399999997
0.33729181999999974
0.3371911199999997
0.33731199999999967
0.33715497999999966
0.3374146199999997
0.33660349999999967
0.3376198999999997
0.3368895799999997
0.33733217999999965
0.33777649999999965
0.3380596399999996
0.33742199999999967
0.3368297599999997
0.3371354999999997
0.3377144399999997
0.3380948199999997
0.3370638199999997
0.33689349999999973
0.3372047799999997
0.3377662999999997
0.33694993999999967
0.33780391999999965
0.3382714399999997
0.33694495999999974
0.3373961799999997
0.33816503999999975
0.33810301999999964
0.3376578599999997
0.3383149399999996
0.3378331999999996
0.3379576599999997
0.3387003999999997
0.3377551799999997
0.3382986199999996
0.33804245999999966
0.3385971199999996
0.3379460799999997
0.3383769399999996
0.3385504799999996
0.3382343199999997
0.3383574199999997
0.3387784399999997
0.33877615999999977
0.33794475999999973
0.33857751999999963
0.3390105599999997
0.3385006599999997
0.3383699599999997
0.3390340799999997
0.3387531399999997
0.33816719999999967
0.3386494199999997
0.3384425199999997
0.33827985999999965
0.3385367599999997
0.3395077799999997
0.3388353599999997
0.3392250799999996
0.33876211999999967
0.33909105999999967
0.3390502999999997
0.33938639999999964
0.3391570199999997
0.3391906599999997
0.33913377999999966
0.33900447999999966
0.33990345999999966
0.34011973999999967
0.33867293999999964
0.33908467999999964
0.3406377399999997
0.33961263999999963
0.3395166799999997
0.33988857999999966
0.3401225999999996
0.3406958999999996
0.33945643999999964
0.3393677199999996
0.33990411999999964
0.33968895999999965
0.34002761999999964
0.3401040799999997
0.34052513999999967
0.3401236199999997
0.33958693999999967
0.34074569999999965
0.34016041999999963
0.3404242399999997
0.34050889999999967
0.33972875999999963
0.3401124199999997
0.3405330399999996
0.3410604599999996
0.3407834599999996
0.34056721999999967
0.34086227999999963
0.34079571999999964
0.3403882399999996
0.34108571999999965
0.3404777799999997
0.34056327999999964
0.34050717999999963
0.34065493999999974
0.34082597999999964
0.34112851999999966
0.34061539999999974
0.34102251999999966
0.34057163999999956
0.34138521999999966
0.34116829999999965
0.34165353999999964
0.3408819199999996
0.34111285999999963
0.34031987999999963
0.3411372799999996
0.34103237999999964
0.34074389999999966
0.3421587599999997
0.34100449999999966
0.3416889199999996
0.3404263599999997
0.3408876999999996
0.3409486799999996
0.34174609999999966
0.34130765999999957
0.34102625999999964
0.3411741799999996
0.3409559999999996
0.3416661399999997
0.34096003999999963
0.3415913599999996
0.34127957999999964
0.34223139999999963
0.34127431999999963
0.3415003399999996
0.34179667999999963
0.34205787999999965
0.34278221999999964
0.3420828399999996
0.34312037999999956
0.3431840799999996
0.34269151999999964
0.34281265999999966
0.3427117599999997
0.3424697799999996
0.34313317999999965
0.3424490999999997
0.34299289999999966
0.3427490199999997
0.3427868199999996
0.34355989999999964
0.3440070799999996
0.3437770799999996
0.3424450799999997
0.3441543199999997
0.3431730999999996
0.34347697999999965
0.34400521999999967
0.34408241999999967
0.3433779599999997
0.3443927199999996
0.3443996199999997
0.3439659799999996
0.34341383999999964
0.3439280399999996
0.34348007999999963
0.3441895599999997
0.34425043999999966
0.34352729999999965
0.34396959999999965
0.3440342199999997
0.3442753799999997
0.34341389999999966
0.3446093199999997
0.34396461999999967
0.3437738799999997
0.34440931999999974
0.34421521999999966
