-0.11998818
-0.115381025
-0.11179682
-0.108730665
-0.106371365
-0.10397099
-0.10186312
-0.100024745
-0.098735725
-0.09680023
-0.09486548
-0.09310713
-0.09166699
-0.090293885
-0.08922866
-0.088116805
-0.08705635
-0.08620678
-0.085079085
-0.08458401
-0.08404713
-0.083167165
-0.08259491
-0.082279215
-0.081486235
-0.08092699
-0.08004457
-0.079174215
-0.078352345
-0.07778846
-0.076870535
-0.076231785
-0.07553401
-0.074946265
-0.07456444
-0.07399551
-0.07336411
-0.072849895
-0.072258675
-0.07195488
-0.071488665
-0.07110835
-0.070306195
-0.069623235
-0.06917292
-0.068267295
-0.067592625
-0.066988835
-0.06662459
-0.06590239
-0.06566326
-0.06533781
-0.064524015
-0.06400101
-0.06359808
-0.063071935
-0.062330725
-0.06188271
-0.061242855
-0.06085139
-0.06033304
-0.05978154
-0.05881603
-0.05839203
-0.057700275
-0.05716618
-0.056537855
-0.05626577
-0.05580872
-0.055452655
-0.054836015
-0.05477495
-0.054018535
-0.05376416
-0.05347841
-0.05314358
-0.05274794
-0.052098715
-0.052295945
-0.05173513
-0.051507655
-0.051274365
-0.05098408
-0.05070707
-0.05004196
-0.05023889
-0.049464325
-0.049766495
-0.04957718
-0.049648205
-0.0491751
-0.04914198
-0.04891301
-0.048683405
-0.04837916
-0.048331545
-0.047981645
-0.04762289
-0.047525435
-0.047263855
-0.04692155
-0.046943075
-0.046828645
-0.04664945
-0.046345795
-0.04633134
-0.045992765
-0.046132565
-0.0459362
-0.045515685
-0.045408
-0.04552693
-0.04502396
-0.04499252
-0.044827975
-0.04435407
-0.044168495
-0.04450389
-0.044259925
-0.04429329
-0.044043285
-0.04419161
-0.044059365
-0.04388927
-0.043598485
-0.043501385
-0.04348491
-0.04304399
-0.04318964
-0.042793805
-0.04274965
-0.042822565
-0.042935215
-0.04274762
-0.04250141
-0.042119295
-0.04206067
-0.042402045
-0.041886505
-0.041923235
-0.041665675
-0.04148978
-0.04162124
-0.04122285
-0.040714065
-0.040865605
-0.040692705
-0.04075761
-0.040287725
-0.04004755
-0.0397876
-0.03981126
-0.039358355
-0.03881913
-0.03849533
-0.038195245
-0.037360675
-0.03708551
-0.03615356
-0.036173485
-0.035694295
-0.035018045
-0.034773135
-0.03419021
-0.034263505
-0.033883465
-0.033738795
-0.033592465
-0.033571375
-0.033348865
-0.03361591
-0.033403075
-0.033010115
-0.0329639
-0.033028055
-0.03282247
-0.03302583
-0.032509185
-0.03220563
-0.032008995
-0.03211188
-0.03196266
-0.032068405
-0.031854545
-0.031645785
-0.03184479
-0.03172784
-0.03198235
-0.031332885
-0.031830875
-0.03130841
-0.031402105
-0.03101383
-0.03127562
-0.03118384
-0.03104178
-0.030725045
-0.030966605
-0.03066814
-0.03079752
-0.030559865
-0.030929415
-0.030357635
-0.03052792
-0.030728435
-0.030328315
-0.03032899
-0.03046286
-0.03031573
-0.03022019
-0.03007105
-0.030170795
-0.03039899
-0.02990693
-0.030052845
-0.02977149
-0.02992045
-0.02938806
-0.02989683
-0.029474975
-0.029380835
-0.02956022
-0.02942175
-0.029169475
-0.0291236
-0.028902795
-0.02896222
-0.02888672
-0.029001865
-0.028719445
-0.028394405
-0.02871574
-0.02848496
-0.02839936
-0.02807331
-0.028247045
-0.027947415
-0.027805235
-0.02755947
-0.027376465
-0.02728331
-0.027526945
-0.027393285
-0.027349915
-0.026965825
-0.026844045
-0.02699144
-0.02686838
-0.026828115
-0.0265943
-0.02659145
-0.026815575
-0.02653887
-0.026420575
-0.02619475
-0.02608051
-0.026264135
-0.025767195
-0.025899985
-0.025812055
-0.025722845
-0.025569635
-0.025545715
-0.025716945
-0.02556572
-0.025589365
-0.025206615
-0.025232375
-0.02526614
-0.02497521
-0.024839275
-0.02479231
-0.02496333
-0.024863325
-0.024667975
-0.024421115
-0.024413495
-0.024353025
-0.024139
-0.024117445
-0.02378408
-0.02388611
-0.024045755
-0.02367883
-0.02388529
-0.0235728
-0.023792015
-0.02375819
-0.02358385
-0.02312935
-0.02342859
-0.02332475
-0.02300698
-0.02304503
-0.0229751
-0.02288576
-0.02249279
-0.022920045
-0.022570115
-0.022380335
-0.02225824
-0.022154225
-0.022244195
-0.022154375
-0.0221562
-0.02209304
-0.021816505
-0.02160153
-0.021846785
-0.02144239
-0.02151003
-0.021649305
-0.021499095
-0.021251475
-0.021344065
-0.02108879
-0.0210728
-0.021023125
-0.020935165
-0.02046802
-0.020447185
-0.0204445
-0.020562905
-0.020214205
-0.020432905
-0.02024981
-0.02033677
-0.02022443
-0.02001942
-0.01996901
-0.020164605
-0.01983046
-0.020114165
-0.01977964
-0.01947508
-0.01942181
-0.0194402
-0.01943885
-0.01937218
-0.01916154
-0.019234845
-0.01897059
-0.019277135
-0.01865574
-0.0187932
-0.01876267
-0.01815491
-0.018342645
-0.017989775
-0.01799779
-0.01773052
-0.01745004
-0.017295415
-0.01703695
-0.017256055
-0.01693198
-0.016555
-0.016557145
-0.01666293
-0.01636426
-0.016558345
-0.01620201
-0.015889575
-0.01602767
-0.01605386
-0.015808165
-0.01575916
-0.01542709
-0.015537925
-0.01557451
-0.015442335
-0.01504059
-0.0149789
-0.014923645
-0.01484991
-0.0145599
-0.0141956
-0.0141712
-0.013863755
-0.013682145
-0.013928365
-0.01378764
-0.0131009
-0.01287556
-0.013105875
-0.01260714
-0.012492685
-0.01254421
-0.012242515
-0.01232028
-0.012014145
-0.01179236
-0.011506825
-0.011430365
-0.01152632
-0.011291065
-0.011133955
-0.010937405
-0.01116963
-0.010978465
-0.010723965
-0.01052298
-0.010426535
-0.01035087
-0.010249855
-0.010009515
-0.009848295
-0.009559755
-0.00991125
-0.00956182
-0.00944204
-0.009711045
-0.00943881
-0.00932634
-0.009480845
-0.00928311
-0.00939819
-0.009357345
-0.009190585
-0.00876343
-0.008898165
-0.00870638
-0.008670665
-0.00828355
-0.008435535
-0.008266935
-0.008090155
-0.00817588
-0.008079025
-0.00801615
-0.007879425
-0.00797822
-0.007883445
-0.007959285
-0.007685925
-0.00782643
-0.00778124
-0.007483675
-0.00769125
-0.007445885
-0.00724919
-0.007439545
-0.00737296
-0.00703251
-0.006821385
-0.00689346
-0.00682474
-0.006986135
-0.00696162
-0.006597895
-0.006367295
-0.006774795
-0.00672968
-0.00687756
-0.006626495
-0.00668615
-0.00626594
-0.006205605
-0.00639801
-0.006280555
-0.00633828
-0.006261375
-0.006091785
-0.005716245
-0.00600316
-0.005526765
-0.00586819
-0.005666055
-0.00560281
-0.005454445
-0.00549876
-0.005291325
-0.005236445
-0.00539718
-0.005444855
-0.00529742
-0.00515945
-0.005283575
-0.00499006
-0.00488551
-0.004854565
-0.004978665
-0.00473135
-0.00473249
-0.00467017
-0.00444963
-0.004770375
-0.004566205
-0.004237795
-0.0043156
-0.004188295
-0.004382585
-0.004421
-0.00432123
-0.00401883
-0.00417598
-0.0042319
-0.00396688
-0.003714525
-0.00362581
-0.00398482
-0.003552955
-0.00380311
-0.00371634
-0.00357486
-0.003561085
-0.003641715
-0.003598895
-0.003329675
-0.00315645
-0.003406115
-0.00359955
-0.003257605
-0.0031635
-0.002954985
-0.003253545
-0.0034646
-0.00293138
-0.00276515
-0.00288319
-0.002614655
-0.00281179
-0.00282967
-0.002444655
-0.002653735
-0.002605735
-0.002432235
-0.002554895
-0.002354225
-0.00263425
-0.002627325
-0.00220662
-0.002306295
-0.002228785
-0.002110125
-0.00226584
-0.002290635
-0.00207818
-0.00217007
-0.002236365
-0.00212318
-0.00191044
-0.00175611
-0.001668445
-0.00206533
-0.00174644
-0.00169142
-0.001461895
-0.00185018
-0.00143411
-0.001502645
-0.0013534
-0.001168455
-0.00145065
-0.00112334
-0.001364885
-0.00119916
-0.00129376
-0.0012562
-0.001212915
-0.00096879
-0.00134478
-0.0011588
-0.001122565
-0.00103029
-0.000881125
-0.00082296
-0.000978675
-0.000587
-0.000571775
-0.00051972
-0.000832395
-0.000774045
-0.000677675
-0.00080248
-0.00068321
-0.00034808
-0.00036398
-0.00044645
-0.00056866
-0.000471065
-0.00062155
-0.00021834
-0.000358725
-0.000270825
-0.000247025
-0.000374415
-9.4245e-05
-0.000309975
-0.00018521
-0.000270335
-0.00021475
-0.000160585
-0.00011172
-7.5515e-05
5.884e-05
-0.000124265
0.0001556
-2.857e-05
0.000141495
5.6935e-05
0.000203855
-1.7005e-05
-0.00017535
0.00015542
-9.4735e-05
0.00041857
0.00075727
0.00054949
0.000353685
0.000268015
0.000390965
0.00010445
3.344e-05
0.000345125
0.000532515
0.000416825
-0.000113175
0.00045058
0.00047876
0.000587415
0.000312555
0.00077173
0.00031321
0.000516215
0.000659115
0.000769145
0.00047964
0.00055983
0.000374075
0.000441905
0.000895
0.000690055
0.000885545
0.001145225
0.00059751
0.00098155
0.00082509
0.00098876
0.000761065
0.000727105
0.00098999
0.00116629
0.00120276
0.001050995
0.001002925
0.001175405
0.001025565
0.001005195
0.00100338
0.00096685
0.00110699
0.00077693
0.001224275
0.000996
0.00117244
0.00116815
0.001415975
0.00151937
0.001129805
0.001161455
0.001000045
0.00133265
0.001391005
0.00131626
0.00153874
0.001264365
0.001200965
0.0016997
0.00130479
0.001543385
0.001806505
0.00171341
0.002077695
0.00160005
0.001661525
0.001595855
0.001794735
0.001685895
0.002002705
0.001281945
0.00169423
0.00172297
0.002111965
0.002118135
0.00234103
0.002198645
0.00259534
0.002384265
0.002287995
0.00236517
0.00280203
0.00246205
0.002764575
0.00282813
0.002454345
0.00286647
0.00282091
0.002877605
0.00288935
0.002993055
0.0032679
0.003069175
0.002979665
0.00311681
0.00307832
0.00308541
0.003226895
0.00348874
0.003137095
0.003469945
0.003323565
0.00332121
0.00316977
0.003320325
0.00363309
0.003756195
0.00331538
0.003688025
0.003573655
0.00362573
0.003506845
0.00391629
0.003576505
0.003537935
0.00365027
0.003364015
0.003676395
0.00391818
0.00363709
0.00367414
0.003733645
0.003980805
0.003802085
0.00388029
0.004132445
0.00401614
0.003993265
0.0040341
0.00406976
0.004184265
0.00371854
0.004164325
0.004116435
0.00409474
0.0040158
0.00398271
0.00417126
0.004006885
0.003882735
0.003800425
0.00416522
0.004253825
0.004140295
0.00429485
0.00416052
0.004262615
0.004127705
0.004247795
0.004133485
0.004098695
0.00446492
0.00453199
0.00434515
0.004728905
0.00450323
0.004342715
0.004471575
0.004389075
0.004293285
0.00459203
0.004420945
0.00453334
0.00463722
0.00432753
0.004320785
0.00507894
0.004595875
0.00473299
0.00469862
0.00481576
0.0046484
0.0044381
0.004724755
0.00472695
0.00487529
0.004833085
0.004844305
0.00493843
0.00514534
0.005128905
0.004979865
0.00501618
0.00486234
0.00517282
0.004908915
0.005210355
0.004966865
0.00526078
0.0053293
0.005564285
0.005409845
0.005576485
0.005344225
0.0054977
0.00543634
0.00556328
0.005620535
0.00573483
0.005072425
0.005915485
0.00574331
0.00575763
0.005722165
0.00571189
0.0056375
0.005591455
0.005358375
0.00579177
0.00567489
0.005498145
0.00581394
0.00569435
0.006131535
0.00539379
0.005799375
0.005887175
0.006047935
0.00572421
0.00596222
0.005829055
0.0060857
0.005936435
0.005989905
0.00585978
0.00601295
0.005928915
0.00630723
0.0062352
0.006069345
0.006349965
0.00630522
0.00616227
0.006348415
0.006109885
0.006606375
0.006677785
0.00655122
0.00652117
0.00632324
0.006674325
0.00635333
0.00652072
0.006580685
0.006664035
0.006640985
0.006789585
0.006414915
0.006737225
0.00686211
0.00675463
0.006892255
0.006902145
0.006869945
0.00700908
0.006649955
0.00687201
0.006979995
0.006843085
0.00683971
0.00703014
0.006989715
0.006969175
0.007043635
0.00709725
0.006935735
0.00702295
0.0072337
0.00700895
0.006830715
0.00727589
0.007302585
0.00705984
0.00737158
0.007129105
0.00732225
0.007016225
0.00747242
0.007372695
0.0077443
0.007430735
0.00760442
0.007107025
0.007610745
0.00788903
0.0075362
0.00777653
0.00758857
0.007873965
0.00773962
0.007544445
0.00763896
0.00781536
0.0077195
0.007658885
0.008239425
0.00778954
0.007784765
0.0079256
0.008121595
0.008101845
0.00791913
0.00777342
0.0080415
0.008124345
0.00818778
0.008267
0.00834784
0.00808845
0.00822445
0.008418345
0.00783071
0.00823933
0.008097065
0.008208825
0.008236435
0.008257365
0.008330295
0.008291155
0.00839761
0.008170445
0.00802231
0.00827509
0.00851826
0.008503825
0.008343165
0.008176905
0.008661465
0.008817805
0.008746775
0.008809495
0.0086666
0.008865265
0.008934065
0.00896592
0.009086935
0.009069985
0.00879749
0.009011135
0.00876488
0.009082585
0.00930261
0.00906386
0.008967965
0.00919366
0.00921182
0.0093794
0.00935717
0.00921018
0.00928428
0.009373575
0.009229825
0.00933593
0.00927618
0.009471155
0.00945423
0.009586475
0.00968716
0.009359405
0.009530775
0.00948812
0.00966429
0.009483155
0.009643555
0.009779005
0.00959365
0.009740405
0.00983237
0.00978158
0.009885995
0.009570405
0.00976093
0.009626125
0.009691035
0.00988942
0.0100079
0.009923955
0.00986249
0.010020385
0.00959181
0.009724655
0.009811705
0.0101652
0.009754485
0.009760095
0.00996797
0.009766795
0.00993731
0.01034821
0.010058285
0.00999187
0.010408825
0.00982622
0.010137645
0.01048803
0.010153855
0.01033496
0.009885005
0.0103595
0.010175735
0.010109285
0.01032056
0.010335625
0.010389455
0.01036024
0.010545035
0.01045817
0.010643905
0.010338715
0.0104148
0.010752805
0.01106689
0.01052934
0.010769775
0.010936705
0.010863525
0.01094591
0.011072715
0.010957845
0.011026555
0.01069445
0.010810315
0.01085899
0.010804055
0.010750045
0.010764325
0.01081942
0.01106514
0.01074024
0.010843065
0.01088868
0.01085864
0.011127935
0.0109526
0.010844815
0.01107145
0.010661855
0.010860045
0.0110706
0.011212805
0.01112085
0.011004755
0.01115484
0.01128187
0.01122963
0.01107139
0.01097945
0.01114942
0.011297085
0.01139752
0.011250925
0.01124056
0.011402
0.011421755
0.01119766
0.011314365
0.011415425
0.011392005
0.011185235
0.01148232
0.01131561
0.011314975
0.01162674
0.011314795
0.011298575
0.011656065
0.01150018
0.011418065
0.01161989
0.011534555
0.011496315
0.011453595
0.01167115
0.01173956
0.011765515
0.011687305
0.011743485
0.011552645
0.01184223
0.01164683
0.011719565
0.011669495
0.01159186
0.011785
0.011998925
0.011627475
0.011651835
0.01204533
0.011535625
0.011700055
0.01170884
0.01186547
0.011870675
0.011820045
0.01190262
0.01181563
0.01176637
0.01189122
0.012001545
0.011640185
0.011755845
0.011986635
0.01175496
0.01199727
0.01205565
0.01197175
0.01201393
0.012068025
0.01186516
0.012203495
0.01211356
0.01191514
0.01177039
0.011876065
0.011998165
0.011939085
0.01177434
0.012084625
0.01203963
0.01205152
0.011992075
0.01212621
0.01189019
0.0120916
0.012237935
0.011991745
0.01231303
0.011917455
0.01203683
0.012152205
0.012216645
0.012215055
0.01196075
0.012318295
0.012221515
0.0121934
0.0122584
0.012269455
0.012449335
0.01227611
0.012244835
0.012279475
0.012600405
0.0125029
0.01229381
0.01237341
0.012093155
0.012482065
0.01229634
0.012333095
0.01237939
0.012924
0.012115685
0.012343135
0.012310945
0.012654615
0.012278105
0.01258716
0.012409155
0.012342805
0.012616735
0.012410425
0.0125688
0.01259974
0.01245418
0.0121774
0.0126373
0.012378
0.012573885
0.012541185
0.012729095
0.01290351
0.01251345
0.01269414
0.012574445
0.0127753
0.01287514
0.01254036
0.012791015
0.012539905
0.012955215
0.01277609
0.012548925
0.01306869
0.01288678
0.012758315
0.012950855
0.012705195
0.0132856
0.012719145
0.01276615
0.012997395
0.012766605
0.012893825
0.01288907
0.012927605
0.012895425
0.012913025
0.013390585
0.013090215
0.01254432
0.012958865
0.012932815
0.012885805
0.01303218
0.01290205
0.01319859
0.0129507
0.012982555
0.013002355
0.01316654
0.013210575
0.013041405
0.013003345
0.01271979
0.01289491
0.013146
0.01326684
0.01312892
0.01321975
0.013139405
0.0130893
0.013069035
0.01304325
0.01310729
0.013245565
0.0130959
0.013353005
0.01338035
0.01322469
0.013082845
0.01323117
0.013251065
0.0133945
0.01323636
0.01319712
0.01358613
0.01356344
0.01315702
0.013601575
0.013353975
0.01357951
0.013375915
0.0133199
0.013381105
0.013297515
0.013359615
0.01317752
0.013356255
0.01353812
0.013464535
0.01363434
0.013539445
0.01377835
0.013588805
0.013593685
0.013875495
0.013486885
0.013698725
0.01367351
0.013634865
0.013628565
0.013861185
0.01371603
0.01373925
0.013849205
0.01341191
0.01358371
0.013797115
0.014178435
0.013484935
0.013641695
0.013625795
0.013903785
0.01396374
0.01356147
0.013811165
0.013980255
0.01420049
0.013805555
0.013712825
0.01405586
0.01392147
0.01404228
0.013754785
0.014093655
0.01399456
0.01392644
0.01408566
0.014081935
0.01392731
0.01411012
0.014158805
0.01386233
0.01404404
0.01421353
0.01405682
0.01407072
0.01397688
0.013704415
0.013940515
0.01389336
0.01412529
0.01394939
0.014046375
0.01397323
0.013998315
0.01401694
0.01402569
0.014100315
0.01424553
0.01418264
0.01414977
0.014411275
0.0143872
0.014351015
0.01428725
0.01423669
0.01442942
0.014248015
0.01442365
0.014210415
0.014293665
0.01438443
0.01421554
0.0141205
0.01410049
0.014377595
0.014266085
0.0143786
0.014209215
0.01437548
0.01411243
0.014779955
0.014372025
0.014675
0.014647275
0.014417795
0.01476765
0.01457001
0.01414936
0.01458112
0.01431593
0.01496551
0.01418994
0.01462236
0.0145982
0.01444459
0.01446191
0.014196625
0.01482419
0.014551175
0.014865425
0.0145711
0.01432253
0.014924895
0.014644175
0.014421505
0.014686985
0.01467611
0.014810455
0.015118895
0.014890645
0.01467784
0.01475103
0.014676045
0.014985185
0.014990075
0.01489085
0.014573025
0.014796945
0.014974145
0.014750935
0.014776425
0.01506675
0.014898855
0.014879385
0.014921535
0.01490165
0.014819515
0.01524002
0.014824995
0.014661255
0.01476576
0.01482086
0.015056035
0.015004195
0.01507728
0.014981725
0.015000615
0.01506361
0.01490471
0.01503753
0.01496867
0.01500226
0.014915925
0.01520762
0.01491794
0.015080945
0.01508312
0.015586785
0.015000035
0.01504808
0.014726525
0.015122395
0.01510922
0.015211965
0.01511662
0.015239
0.014773155
0.01487404
0.015228175
0.015244905
0.015144045
0.015264915
0.014997255
0.01524517
0.015199685
0.015145345
0.01499747
0.015026715
0.015006915
0.014937925
0.0152184
0.01505785
0.014815525
0.015143885
0.01518552
0.01532413
0.01505856
0.01535934
0.015293325
0.01501607
0.01513887
0.01539657
0.015374795
0.015222245
0.015133025
0.01522856
0.0151802
0.01547319
0.01521098
0.015445035
0.015544045
0.015027635
0.01525627
0.015121965
0.015267395
0.01534686
0.014937235
0.0153637
0.01540055
0.0152844
0.01524789
0.015232435
0.01515217
0.01517602
0.015678205
0.01512009
0.01518186
0.015226885
0.015224935
0.015171675
0.01552817
0.01552914
0.01515418
0.01533595
0.015359925
0.01531482
0.0152969
0.01513974
0.015497835
0.01542506
0.015305455
0.01522661
0.015429145
0.015805805
0.015513315
0.01565456
0.01540823
0.01556566
0.01548075
0.01527729
0.015700385
0.015491845
0.015631465
0.01547019
0.01569283
0.0154949
0.015758125
0.01549087
0.015588875
0.015494795
0.01540375
0.015676955
0.015825195
0.01531627
0.01566337
0.01555545
0.01556198
0.015251125
0.01590333
0.01522865
0.01597043
0.015914395
0.01570314
0.01572937
0.01557167
0.01542309
0.01587726
0.0157935
0.01550186
0.015573385
0.015487445
0.01562934
0.01555604
0.015574525
0.015537215
0.01545626
0.01567579
0.01559679
0.015488005
0.01578553
0.015462555
0.015612385
0.015786025
0.015711005
0.01548743
0.01550253
0.015589345
0.015431125
0.0158745
0.0158796
0.01599711
0.015880665
0.015896095
0.015692855
0.01558338
0.0160921
0.01582045
0.015884525
0.015973165
0.01578305
0.016058815
0.015989665
0.015808285
0.015904115
0.01596209
0.01605837
0.015975045
0.015789535
0.015834475
0.015905745
0.01588368
0.01575239
0.01596819
0.015960605
0.015910895
0.015772
0.01594732
0.01592387
0.01610494
0.016066105
0.015846155
0.01587384
0.01581637
0.01590653
0.01602491
0.015869205
0.01605146
0.015801435
0.016068435
0.015867545
0.016222855
0.015903365
0.016135005
0.015978935
0.01587574
0.015925245
0.01593733
0.01608986
0.016103965
0.016022455
0.01626042
0.01603079
0.0163109
0.01635936
0.015908965
0.01632933
0.01605368
0.015982
0.015964045
0.01637769
0.01625046
0.01614475
0.01594552
0.016345725
0.01612519
0.01599728
0.016155135
0.01591069
0.016006675
0.01611604
0.016101265
0.016202625
0.01610887
0.01634287
0.01604985
0.016119005
0.01620546
0.016152415
0.016213315
0.016382475
0.01619547
0.016274025
0.016540115
0.016147215
0.01631786
0.016367845
0.01640949
0.016300615
0.016265325
0.016567815
0.01613612
0.01619862
0.01668388
0.016875525
0.016513735
0.016650035
0.01633904
0.01642591
0.016311335
0.016576425
0.01615083
0.016402845
0.016491845
0.01647547
0.01650644
0.016341775
0.016656445
0.0162357
0.016545885
0.016397125
0.016706755
0.01622019
0.016674985
0.016380425
0.01655512
0.016676185
0.016490435
0.016425475
0.016401225
0.01668664
0.01688195
0.016882855
0.016627805
0.016844555
0.016737575
0.01652697
0.016530255
0.016799725
0.016897865
0.01672702
0.016540455
0.016581375
0.016751305
0.01682456
0.016928855
0.016524255
0.016880755
0.016837175
0.01672998
0.016593855
0.01650695
0.01691193
0.016771345
0.0167549
0.01670929
0.016634205
0.01700777
0.016873245
0.0169357
0.0168075
0.01696438
0.01688978
0.01670748
0.017085375
0.016867335
0.01716223
0.017087315
0.01704554
0.01700995
0.017192915
0.0170675
0.016976955
0.017161815
0.01704947
0.017186895
0.016973315
0.01695948
0.016847235
0.01718453
0.01695795
0.01696212
0.016709015
0.017070415
0.01709539
0.016955775
0.01722972
0.017123615
0.01700434
0.01705345
0.017039355
0.01719437
0.017125435
0.01726827
0.016891515
0.0171285
0.017219505
0.017032395
0.017238355
0.01733646
0.017069845
0.017308875
0.017163665
0.016925135
0.017063005
0.017167055
0.017186665
0.01725843
0.017207125
0.01752394
0.017234145
0.01726043
0.017316615
0.01740675
0.01719331
0.01712523
0.017491205
0.017073855
0.017241475
0.01727094
0.01713183
0.01749235
0.01710542
0.017490225
0.01739694
0.017388825
0.017305555
0.017583385
0.017534775
0.017256985
0.01743823
0.017548565
0.017223385
0.01719638
0.017459265
0.01728019
0.017541595
0.0172234
0.017421715
0.017498045
0.017390965
0.01747095
0.01745572
0.01767728
0.01739099
0.01742219
0.017447815
0.01741009
0.017583745
0.017203105
0.01715203
0.01739736
0.01758669
0.01759319
0.017434195
0.017565495
0.017194585
0.01771452
0.01735756
0.017558045
0.017507535
0.017458645
0.01742484
0.017319575
0.017333045
0.01748226
0.017824915
0.01758751
0.017553615
0.018030385
0.01775611
0.017569865
0.01755152
0.01748268
0.017598785
0.017712355
0.01762315
0.017595055
0.017514865
0.01739842
0.017436925
0.017666715
0.017549975
0.0178484
0.01778452
0.017731255
0.017598395
0.0175431
0.01779026
0.017761085
0.01756456
0.017381385
0.01771801
0.01771235
0.017506405
0.01784269
0.017945355
0.017580865
0.017633005
0.017812975
0.017854885
0.017885685
0.0179708
0.017796315
0.017936095
0.017914015
0.01778182
0.017883385
0.017847845
0.017758605
0.018038175
0.0178423
0.01786115
0.0177021
0.017827945
0.01770733
0.01830647
0.018171155
0.01820934
0.01811652
0.01805879
0.01780015
0.018077855
0.01803092
0.017885185
0.017700235
0.018026265
0.01783876
0.017876135
0.01814634
0.01818317
0.017995375
0.01785593
0.018199585
0.01803432
0.01770953
0.01828199
0.01819736
0.01821015
0.018142645
0.017997495
0.018148205
0.01805789
0.01806119
0.01818672
0.018403915
0.0179454
0.018158395
0.01815399
0.01790317
0.017890535
0.01805272
0.0181589
0.01805299
0.01818026
0.01831255
0.01843361
0.01810233
0.018340815
0.01850981
0.01834275
0.0180904
0.018023065
0.0182646
0.018153595
0.018210095
0.018193145
0.01827926
0.0182484
0.017985445
0.01825193
0.0183684
0.01833653
0.01836138
0.01832184
0.018235175
0.018229315
0.01824749
0.0182157
0.018425835
0.01830238
0.01852702
0.01820725
0.01825164
0.018149085
0.018392915
0.01844401
0.018604635
0.018105225
0.01844945
0.018092085
0.018355825
0.01841238
0.01847291
0.018421125
0.018531545
0.0183903
0.018196805
0.01864019
0.01841543
0.01841813
0.018567295
0.018425855
0.0183685
0.018344965
0.018356185
0.018502635
0.01848043
0.018670545
0.0185199
0.018438995
0.01853687
0.018496045
0.018360085
0.018632635
0.018275745
0.01865887
0.01833462
0.01880049
0.018147105
0.0187849
0.018724545
0.018724785
0.018495465
0.0185308
0.018874935
0.01819254
0.018796875
0.01881663
0.018639185
0.01867568
0.01882372
0.018560385
0.018806735
0.018981
0.01888784
0.018849595
0.01890907
0.018848755
0.018870285
0.01863815
0.0188432
0.018999305
0.019104795
0.018689505
0.018581905
0.018982795
0.018859245
0.01922257
0.01900365
0.018937715
0.01881422
0.019161235
0.01900296
0.019059735
0.018884095
0.0187941
0.01903843
0.0192788
0.019124515
0.019132245
0.01925469
0.01924141
0.019483305
0.0189491
0.01901339
0.01920751
0.0191613
0.01933847
