-0.101007
-0.101007
-0.096352
-0.096318
-0.09284
-0.09284
-0.091237
-0.091237
-0.089378
-0.082107
-0.082107
-0.082107
-0.082107
-0.082107
-0.082107
-0.081119
-0.079755
-0.079755
-0.079155
-0.077981
-0.077981
-0.076904
-0.074887
-0.074887
-0.073256
-0.072398
-0.072398
-0.071692
-0.071429
-0.070381
-0.0697
-0.06957
-0.06957
-0.06957
-0.067219
-0.067219
-0.066153
-0.066153
-0.066153
-0.066153
-0.06521
-0.064168
-0.064168
-0.062277
-0.062277
-0.062271
-0.061896
-0.061245
-0.059855
-0.059537
-0.059537
-0.059283
-0.054362
-0.054362
-0.049048
-0.049048
-0.049048
-0.049048
-0.049048
-0.049048
-0.049048
-0.049048
-0.049048
-0.049048
-0.049048
-0.049048
-0.049048
-0.049048
-0.049048
-0.048003
-0.046664
-0.046664
-0.046664
-0.046664
-0.046664
-0.046664
-0.046664
-0.046664
-0.046664
-0.045143
-0.045143
-0.044281
-0.044281
-0.044281
-0.043088
-0.043088
-0.042289
-0.042289
-0.042289
-0.042289
-0.042289
-0.042289
-0.042289
-0.040634
-0.040634
-0.040634
-0.040634
-0.040634
-0.040634
-0.040634
-0.040634
-0.040634
-0.040634
-0.040634
-0.040634
-0.04013
-0.04013
-0.04013
-0.04013
-0.038515
-0.038515
-0.038515
-0.038371
-0.038358
-0.038358
-0.038032
-0.038032
-0.038032
-0.038032
-0.038032
-0.038032
-0.037931
-0.037931
-0.037931
-0.037756
-0.037756
-0.037756
-0.037756
-0.037756
-0.037756
-0.037756
-0.037756
-0.037756
-0.037756
-0.0361
-0.0361
-0.0361
-0.0361
-0.0361
-0.0361
-0.0361
-0.0361
-0.0361
-0.0361
-0.034477
-0.034265
-0.034265
-0.034265
-0.034265
-0.034265
-0.031948
-0.031948
-0.031948
-0.030395
-0.029751
-0.029751
-0.029751
-0.029751
-0.027797
-0.027797
-0.027797
-0.027797
-0.027797
-0.027797
-0.027797
-0.027509
-0.027509
-0.027509
-0.027509
-0.027509
-0.027509
-0.026957
-0.026782
-0.026782
-0.026782
-0.025633
-0.025633
-0.025633
-0.025633
-0.025633
-0.025633
-0.025633
-0.025633
-0.025633
-0.025633
-0.025633
-0.025633
-0.025633
-0.025633
-0.025633
-0.024197
-0.024197
-0.023104
-0.023104
-0.023104
-0.023104
-0.023104
-0.023104
-0.023104
-0.023104
-0.023104
-0.023104
-0.023104
-0.023104
-0.023104
-0.023104
-0.023104
-0.023104
-0.023104
-0.023104
-0.023104
-0.023104
-0.023104
-0.023104
-0.023104
-0.023104
-0.023104
-0.022848
-0.022848
-0.022848
-0.021836
-0.021836
-0.021836
-0.021836
-0.021836
-0.021836
-0.021836
-0.021836
-0.021836
-0.021836
-0.021836
-0.020942
-0.020942
-0.020942
-0.020942
-0.020942
-0.020942
-0.020942
-0.020942
-0.020942
-0.020942
-0.020837
-0.020749
-0.020749
-0.020749
-0.020749
-0.020749
-0.020749
-0.020749
-0.020749
-0.020749
-0.020749
-0.018808
-0.018059
-0.018059
-0.018059
-0.018059
-0.018059
-0.018059
-0.018059
-0.018059
-0.018059
-0.018059
-0.018059
-0.018059
-0.018059
-0.018059
-0.016813
-0.016813
-0.016813
-0.016813
-0.016813
-0.016813
-0.016813
-0.016813
-0.016813
-0.016813
-0.016813
-0.016813
-0.016813
-0.016813
-0.016813
-0.016813
-0.016813
-0.016813
-0.016813
-0.016813
-0.016813
-0.016813
-0.016813
-0.016813
-0.016813
-0.016813
-0.016813
-0.016813
-0.016813
-0.016813
-0.016813
-0.016813
-0.016813
-0.014823
-0.014823
-0.014823
-0.014823
-0.014823
-0.014823
-0.014823
-0.014823
-0.014823
-0.013752
-0.013752
-0.013752
-0.013752
-0.012825
-0.012825
-0.012825
-0.012825
-0.012825
-0.012825
-0.012825
-0.012825
-0.012825
-0.012825
-0.012825
-0.012825
-0.012825
-0.012825
-0.012825
-0.012825
-0.012825
-0.012825
-0.012825
-0.012825
-0.012825
-0.012825
-0.012825
-0.012825
-0.012389
-0.012389
-0.012389
-0.012389
-0.012389
-0.012389
-0.011118
-0.011118
-0.011118
-0.011118
-0.011118
-0.011118
-0.011118
-0.011118
-0.011118
-0.011118
-0.011118
-0.011118
-0.011118
-0.009298
-0.009298
-0.008909
-0.008909
-0.008909
-0.008909
-0.008909
-0.007247
-0.007247
-0.007247
-0.007247
-0.007247
-0.007247
-0.007247
-0.007247
-0.007247
-0.007247
-0.007247
-0.007247
-0.00639
-0.00639
-0.005654
-0.005654
-0.005654
-0.005654
-0.005654
-0.004464
-0.004464
-0.004464
-0.004464
-0.004464
-0.004464
-0.004464
-0.004464
-0.004464
-0.004464
-0.004464
-0.004464
-0.004464
-0.004464
-0.004464
-0.004464
-0.004464
-0.004149
-0.004149
-0.004149
-0.004149
-0.004149
-0.004149
-0.003821
-0.003648
-0.003648
-0.003648
-0.003648
-0.003418
-0.003418
-0.003418
-0.003141
-0.003047
-0.003047
-0.003047
-0.003047
-0.003047
-0.003047
-0.003047
-0.003047
-0.002544
-0.001758
-0.001758
-0.001758
-0.001758
-0.001758
-0.001758
-0.001758
-0.001758
-0.001758
-0.001758
-0.001758
-0.001758
-0.001758
-1.6e-05
-1.6e-05
-1.6e-05
-1.6e-05
-1.6e-05
-1.6e-05
-1.6e-05
-1.6e-05
-1.6e-05
-1.6e-05
-1.6e-05
-1.6e-05
-1.6e-05
-1.6e-05
-1.6e-05
-1.6e-05
-1.6e-05
-1.6e-05
-1.6e-05
-1.6e-05
-1.6e-05
-1.6e-05
-1.6e-05
5e-06
5e-06
5e-06
0.002959
0.003779
0.003779
0.003779
0.003779
0.003779
0.003779
0.003779
0.003779
0.003779
0.003779
0.003779
0.003779
0.003779
0.003779
0.003779
0.003779
0.003779
0.003779
0.003779
0.003779
0.003969
0.003969
0.003969
0.003969
0.003969
0.003969
0.003969
0.003969
0.003969
0.003969
0.003969
0.003969
0.003969
0.003969
0.003969
0.003969
0.003969
0.003969
0.003969
0.003969
0.003969
0.003969
0.003969
0.003969
0.003969
0.003969
0.003969
0.003969
0.003969
0.003969
0.003969
0.003969
0.003969
0.003969
0.003969
0.003969
0.003969
0.004384
0.004384
0.004384
0.004384
0.004384
0.00605
0.00605
0.00605
0.00605
0.00605
0.00605
0.00605
0.00605
0.00605
0.00605
0.00605
0.00605
0.00605
0.00605
0.00605
0.00605
0.00605
0.00605
0.00605
0.00605
0.00605
0.00605
0.00605
0.00605
0.00605
0.00605
0.00605
0.00631
0.00631
0.00631
0.00631
0.00631
0.00631
0.00631
0.00631
0.00631
0.00631
0.00631
0.00631
0.00631
0.00631
0.00631
0.00631
0.00631
0.00631
0.00631
0.00631
0.00631
0.00631
0.00631
0.00631
0.00631
0.00631
0.00631
0.00631
0.00631
0.00631
0.00631
0.00631
0.00631
0.00631
0.00631
0.00631
0.00631
0.00631
0.00631
0.00631
0.00631
0.00631
0.00631
0.00631
0.00631
0.00631
0.00631
0.00631
0.00631
0.00631
0.00631
0.00631
0.00631
0.00631
0.00631
0.00631
0.00631
0.006868
0.006868
0.007303
0.007303
0.007303
0.007303
0.007303
0.007303
0.007303
0.007303
0.007303
0.007303
0.007303
0.007303
0.007303
0.007303
0.007303
0.007303
0.007303
0.007303
0.007303
0.007303
0.007303
0.007303
0.007303
0.007303
0.007303
0.007303
0.007303
0.007303
0.007303
0.007303
0.007303
0.007303
0.007303
0.007303
0.007303
0.007303
0.007303
0.007303
0.007303
0.007303
0.007303
0.007303
0.007303
0.007303
0.007303
0.007303
0.007303
0.007303
0.007303
0.007303
0.007642
0.007642
0.007642
0.007642
0.007642
0.007642
0.007642
0.010559
0.010559
0.010559
0.010559
0.010559
0.010559
0.010559
0.010559
0.010559
0.010559
0.010559
0.010559
0.010559
0.010559
0.010559
0.010559
0.010559
0.010559
0.010559
0.010559
0.010559
0.010559
0.010559
0.010559
0.010559
0.010559
0.010559
0.010559
0.010559
0.010559
0.010559
0.010559
0.010559
0.011367
0.011367
0.011367
0.011367
0.011367
0.011367
0.011367
0.011367
0.011367
0.011367
0.011367
0.011367
0.011367
0.011367
0.011367
0.011367
0.011367
0.011367
0.011367
0.011367
0.011367
0.011367
0.011367
0.011367
0.011367
0.011367
0.011367
0.011367
0.011367
0.011367
0.011367
0.011367
0.011367
0.011367
0.011367
0.011367
0.011367
0.011367
0.011367
0.011367
0.011367
0.011367
0.01138
0.01138
0.01138
0.01138
0.01138
0.01138
0.01138
0.01138
0.01138
0.01138
0.01138
0.01138
0.01138
0.01138
0.01138
0.01138
0.01138
0.01138
0.01138
0.01138
0.01138
0.01138
0.01138
0.01138
0.01138
0.01138
0.01138
0.01138
0.01138
0.01138
0.01138
0.01138
0.01138
0.01138
0.01138
0.01138
0.01138
0.01138
0.01138
0.01138
0.01138
0.01138
0.01138
0.01138
0.01138
0.01138
0.011843
0.011843
0.011843
0.011843
0.011843
0.011843
0.011843
0.011843
0.011843
0.011843
0.011843
0.011843
0.011843
0.011843
0.011843
0.011843
0.011843
0.011843
0.011843
0.011843
0.011843
0.011843
0.011843
0.011843
0.014694
0.014694
0.014694
0.014694
0.014694
0.014694
0.014694
0.014694
0.014694
0.014694
0.014694
0.014694
0.014694
0.014694
0.014694
0.014694
0.014694
0.014694
0.014694
0.014694
0.014694
0.014694
0.014694
0.014694
0.014694
0.014694
0.014694
0.014694
0.014694
0.014694
0.014694
0.014694
0.014694
0.014694
0.014694
0.014694
0.014694
0.014694
0.014694
0.014694
0.014694
0.014694
0.014694
0.014694
0.014694
0.014694
0.014694
0.014694
0.014694
0.014694
0.014694
0.014694
0.014694
0.014694
0.014694
0.014694
0.014694
0.014694
0.014694
0.014694
0.014694
0.014694
0.014694
0.014694
0.014694
0.014694
0.014694
0.014694
0.014694
0.014694
0.014694
0.014694
0.014694
0.014694
0.014694
0.014694
0.015793
0.015793
0.015793
0.015793
0.015793
0.015793
0.015793
0.015793
0.015793
0.015793
0.015793
0.015793
0.015793
0.015793
0.015793
0.015793
0.015793
0.015793
0.015793
0.016316
0.016316
0.016316
0.016316
0.016316
0.016316
0.016316
0.016316
0.016316
0.016316
0.016316
0.016316
0.016316
0.016316
0.016316
0.016316
0.016316
0.016316
0.016316
0.016316
0.016316
0.016316
0.016316
0.016316
0.016316
0.016316
0.016316
0.016316
0.016316
0.016316
0.016316
0.016316
0.016316
0.016316
0.016316
0.016316
0.016316
0.016316
0.016316
0.016316
0.016316
0.016316
0.016316
0.016316
0.016316
0.016316
0.016316
0.016316
0.016316
0.016316
0.016316
0.016316
0.016316
0.016316
0.016316
0.016316
0.016316
0.016316
0.016316
0.016316
0.016316
0.016316
0.016316
0.016316
0.016316
0.016316
0.016316
0.016316
0.016316
0.016316
0.016316
0.016316
0.016316
0.016316
0.016316
0.016316
0.016316
0.016316
0.016316
0.016316
0.016316
0.016316
0.016316
0.016316
0.016316
0.016316
0.016316
0.016316
0.016316
0.016316
0.016316
0.016316
0.018862
0.018862
0.018862
0.018862
0.018862
0.018862
0.018862
0.018862
0.018862
0.018862
0.018862
0.018862
0.018862
0.018862
0.018862
0.018862
0.018862
0.018862
0.018862
0.018862
0.018862
0.018862
0.018862
0.018862
0.018862
0.018862
0.018862
0.018862
0.018862
0.018862
0.018862
0.018862
0.018862
0.018862
0.018862
0.018862
0.018862
0.018862
0.018862
0.018862
0.018862
0.018862
0.018862
0.018862
0.018862
0.018862
0.018862
0.018862
0.018862
0.018862
0.018862
0.018862
0.018862
0.018862
0.018862
0.018862
0.018862
0.018862
0.018862
0.018862
0.018862
0.018862
0.018862
0.018862
0.018862
0.018862
0.018862
0.018862
0.018862
0.018862
0.018862
0.018862
0.018862
0.018862
0.018862
0.018862
0.018862
0.018862
0.018862
0.018862
0.018862
0.018862
0.018862
0.018862
0.018862
0.018862
0.018862
0.018862
0.018862
0.018862
0.018862
0.018862
0.018862
0.018862
0.018862
0.018862
0.018862
0.018862
0.018862
0.018862
0.018862
0.018862
0.018862
0.018862
0.018862
0.018862
0.018862
0.018862
0.018862
0.018862
0.018862
0.018862
0.018862
0.018862
0.018862
0.018862
0.018862
0.018862
0.018862
0.018862
0.018862
0.018862
0.018862
0.018862
0.018862
0.018862
0.018862
0.018862
0.018862
0.018862
0.018862
0.018862
0.018862
0.018862
0.018862
0.018862
0.018862
0.018862
0.018996
0.018996
0.018996
0.018996
0.018996
0.019598
0.019598
0.019598
0.019598
0.019598
0.019598
0.019598
0.019598
0.019598
0.019598
0.019598
0.019598
0.019598
0.019598
0.019598
0.019598
0.019598
0.019598
0.019598
0.019598
0.019598
0.019598
0.019598
0.019598
0.019598
0.019598
0.019598
0.019598
0.019598
0.019598
0.019598
0.019598
0.019598
0.019598
0.019598
0.019598
0.019598
0.019598
0.019598
0.019598
0.019598
0.019598
0.019598
0.019598
0.019598
0.019598
0.019598
0.019598
0.019598
0.019598
0.019598
0.019598
0.019598
0.019598
0.019598
0.019598
0.019598
0.019598
0.019598
0.019598
0.019598
0.019598
0.019598
0.019598
0.019598
0.020083
0.020083
0.020083
0.020083
0.020083
0.020083
0.020083
0.020083
0.020083
0.020083
0.020083
0.020083
0.020083
0.020083
0.020083
0.020083
0.020083
0.020083
0.020083
0.020083
0.020083
0.020083
0.020083
0.020083
0.020083
0.022811
0.022811
0.022811
0.022811
0.022811
0.022811
0.022811
0.022811
0.022811
0.022811
0.022811
0.022811
0.022811
0.022811
0.022811
0.022811
0.022811
0.022811
0.022811
0.022811
0.022811
0.022811
0.022811
0.022811
0.022811
0.022811
0.022811
0.022811
0.022811
0.022811
0.022811
0.022811
0.022811
0.022811
0.022811
0.022811
0.022811
0.022811
0.022811
0.022811
0.022811
0.022811
0.022811
0.022811
0.022811
0.022811
0.022811
0.022811
0.022811
0.022811
0.022811
0.022811
0.022811
0.022811
0.022811
0.022811
0.022811
0.022811
0.022811
0.022811
0.022811
0.022811
0.022811
0.022811
0.022811
0.022811
0.022811
0.022811
0.022811
0.022811
0.022811
0.022811
0.022811
0.022811
0.022811
0.022811
0.022811
0.022811
0.022811
0.022811
0.022811
0.022811
0.022811
0.022811
0.022811
0.022811
0.022811
0.022811
0.022811
0.022811
0.022811
0.022811
0.022811
0.022811
0.022811
0.022811
0.022811
0.022811
0.022811
0.022811
0.022811
0.022811
0.022811
0.022811
0.022811
0.022811
0.022811
0.022811
0.022811
0.022811
0.022811
0.022811
0.022811
0.022811
0.022811
0.022811
0.022811
0.022811
0.022811
0.022811
0.022811
0.022811
0.022811
0.022811
0.022811
0.022811
0.022811
0.022811
0.022811
0.022811
0.022811
0.022811
0.022811
0.022811
0.022811
0.022811
0.022811
0.022811
0.022811
0.022811
0.022811
0.022811
0.022811
0.022811
0.022811
0.022811
0.022811
0.022811
0.022811
0.022811
0.022811
0.022811
0.022811
0.022811
0.022811
0.022811
0.022811
0.022811
0.022811
0.022811
0.022811
0.022811
0.022811
0.022811
0.022811
0.022811
0.022811
0.022811
0.022811
0.022811
0.022811
0.022811
0.022811
0.022811
0.022811
0.022811
0.022811
0.022811
0.022811
0.022811
0.022811
0.022811
0.022811
0.022811
0.022811
0.022811
0.022811
0.022811
0.022811
0.022811
0.022811
0.022811
0.022811
0.022811
0.022811
0.022811
0.022811
0.022811
0.022811
0.022811
0.022811
0.022811
0.022811
0.022811
0.022811
0.022811
0.022811
0.022811
0.022811
0.022811
0.022811
0.022811
0.022811
0.022811
0.022811
0.022811
0.022811
0.022811
0.022811
0.022811
0.022811
0.022811
0.022811
0.022811
0.022811
0.022811
0.022811
0.022811
0.022811
0.022811
0.022811
0.022811
0.022811
0.022811
0.022811
0.022811
0.022811
0.022811
0.022811
0.022811
0.022811
0.022811
0.022811
0.022811
0.022811
0.022811
0.022811
0.022811
0.024533
0.024533
0.024533
0.024533
0.024533
0.024533
0.024533
0.024533
0.024533
0.024533
0.024533
0.024533
0.024533
0.024533
0.024533
0.024533
0.024533
0.024533
0.024533
0.024533
0.024533
0.024533
0.024533
0.024533
0.024533
0.024533
0.024533
0.024533
0.024533
0.024533
0.024533
0.024533
0.024533
0.024533
0.024533
0.024533
0.024533
0.024533
0.024533
0.024533
0.024533
0.024533
0.024533
0.024533
0.024533
0.024533
0.024533
0.024533
0.024533
0.024533
0.024533
0.024533
0.024533
0.024533
0.024533
0.024533
0.024533
0.024533
0.024533
0.024533
0.024533
0.024533
0.024533
0.024533
0.024533
0.024533
0.024533
0.024533
0.024533
0.024533
0.024533
0.024533
0.024533
0.024533
0.024533
0.024533
0.024533
0.024533
0.024533
0.024533
0.024533
0.024533
0.024533
0.024533
0.024533
0.024533
0.024533
0.024533
0.024533
0.024533
0.024533
0.024533
0.024533
0.024533
0.024533
0.024533
0.024533
0.024533
0.024533
0.024533
0.024533
0.024533
0.024533
0.024533
0.024533
0.024533
0.024533
0.024533
0.024533
0.024533
0.024533
0.024533
0.024533
0.024533
0.024533
0.024533
0.024533
0.024533
0.024533
0.024533
0.024533
0.024533
0.024533
0.024533
0.024533
0.024533
0.024533
0.024533
0.024533
0.024533
0.024533
0.024533
0.024533
0.024533
0.024533
0.024533
0.024533
0.024533
0.024533
0.024533
0.024533
0.024533
0.024533
0.024533
0.024533
0.024533
0.024533
0.024533
0.024533
0.024533
0.024533
0.024533
0.024533
0.024533
0.024533
0.024533
0.024533
0.024533
0.024533
0.024533
0.024533
0.024533
0.024533
0.024533
0.024533
0.024533
0.024533
0.024533
0.024533
0.024533
0.024533
0.024533
0.024533
0.024533
0.024533
0.024533
0.024533
0.024533
0.024533
0.024533
0.024533
0.024533
0.024533
0.024533
0.024533
0.024533
0.024533
0.024533
0.024533
0.024533
0.024533
0.024533
0.024533
0.024533
0.024533
0.024533
0.024533
0.024533
0.024533
0.024533
0.024533
0.024533
0.024533
0.024533
0.024533
0.024533
0.024533
0.024533
0.024533
0.024533
0.024533
0.024533
0.024533
0.024533
0.024533
0.024533
0.024533
0.024533
0.024533
0.024533
0.024533
0.024533
0.024533
0.024533
0.024533
0.024533
0.024533
0.024533
0.024533
0.024533
0.024533
0.024533
0.024533
0.024533
0.024533
0.024533
0.024533
0.024533
0.024533
0.024533
0.024533
0.024533
0.024533
0.024533
0.024533
0.024533
0.024533
0.024533
0.024533
0.024533
0.024533
0.024533
0.024533
0.024533
0.024533
0.024533
0.024533
0.024533
0.024533
0.024533
0.024533
0.024533
0.024533
0.024533
0.024533
0.024533
0.024533
0.024533
0.024533
0.024533
0.024533
0.024533
0.024533
0.024533
0.024533
0.024533
0.024533
0.024533
0.024533
0.024533
0.024533
0.024533
0.024533
0.024533
0.024533
0.024533
0.024533
0.024533
0.024533
0.024533
0.024533
0.024533
0.024533
0.024533
0.024533
0.024533
0.024533
0.024533
0.024533
0.024533
0.024533
0.024533
0.024533
0.024533
0.024533
0.024533
0.024533
0.024533
0.024533
0.024533
0.024533
0.024533
0.024533
0.024533
0.024533
0.024533
0.024533
0.024533
0.024533
0.024533
0.024533
0.024533
0.024533
0.024533
0.024533
0.024533
0.024533
0.024533
0.024533
0.024533
0.024533
0.024533
0.025334
0.025334
0.025334
0.025334
0.025334
0.025334
0.025334
0.025334
0.025334
0.025334
0.025334
0.025334
0.025334
0.025334
0.025334
0.025334
0.025334
0.025334
0.025334
0.025334
0.025334
0.025334
0.025334
0.025334
0.025334
0.025334
0.025334
0.025334
0.025334
0.025334
0.025334
0.025334
0.025334
0.025334
0.025334
0.025334
0.025334
0.025334
0.025334
0.025334
0.025334
0.025334
0.025334
0.025334
0.025334
0.025334
0.025334
0.025334
0.025334
0.025334
0.025334
0.025334
0.025334
0.025334
0.025334
0.025334
0.025334
0.025334
0.025334
0.025334
0.025334
0.025334
0.025334
0.025334
0.025334
0.025334
0.025334
0.025334
0.025334
0.025334
0.025334
0.025334
0.025334
0.025334
0.025334
0.025334
0.025334
0.025334
0.025334
0.025334
0.025334
0.025334
0.025334
0.025334
0.025334
0.025334
0.025334
0.025334
0.025334
0.025334
0.025334
0.025334
0.025334
0.025334
0.025334
0.025334
0.025334
0.025334
0.025334
0.025334
0.025334
0.025334
0.025334
0.025334
0.025334
0.025334
0.025334
0.025334
0.025334
0.025334
0.025334
0.025334
0.025334
0.025334
0.025334
0.025334
0.025334
0.025334
0.025334
0.025334
0.025334
0.025334
0.025334
0.025334
0.025334
0.025334
0.025334
0.025334
0.025334
0.025334
0.025334
0.025334
0.025334
0.025334
0.025334
0.025334
0.025334
0.025334
0.025334
0.025334
0.025334
0.025334
0.025334
0.025334
0.025588
0.025588
0.025588
0.025588
0.025588
0.025588
0.025588
0.026075
0.026075
0.026075
0.026075
0.026075
0.026075
0.026075
0.026075
0.027029
0.027029
0.027029
0.027029
0.027029
0.027029
0.027029
0.027029
0.027029
0.027029
0.027029
0.027029
0.027029
0.027029
0.027029
0.027029
0.027029
0.027029
0.027029
0.027029
0.027029
0.027029
0.027029
0.027029
0.027029
0.027029
0.027029
0.027029
0.027029
