-0.136429
-0.128925
-0.12123
-0.117818
-0.116431
-0.114617
-0.112452
-0.10959
-0.111029
-0.106956
-0.105299
-0.104662
-0.10219
-0.098459
-0.096246
-0.099087
-0.095277
-0.094862
-0.094582
-0.094387
-0.092788
-0.092469
-0.09059
-0.093848
-0.09052
-0.088584
-0.089964
-0.088789
-0.085821
-0.092856
-0.086288
-0.085113
-0.08493
-0.085358
-0.083808
-0.082095
-0.083458
-0.080532
-0.081666
-0.080371
-0.079108
-0.079279
-0.082057
-0.078124
-0.078518
-0.081143
-0.079334
-0.076096
-0.075814
-0.076802
-0.074362
-0.074106
-0.07439
-0.072511
-0.073795
-0.074115
-0.070755
-0.072368
-0.07333
-0.07205
-0.071755
-0.070338
-0.068354
-0.068702
-0.069084
-0.067824
-0.064339
-0.063699
-0.065586
-0.065369
-0.064509
-0.066578
-0.063136
-0.062528
-0.064007
-0.063858
-0.063675
-0.062758
-0.063131
-0.062126
-0.062721
-0.062687
-0.061053
-0.060546
-0.06102
-0.061068
-0.059111
-0.058534
-0.060886
-0.060205
-0.06022
-0.05913
-0.058084
-0.056919
-0.05695
-0.059983
-0.057297
-0.059129
-0.058102
-0.058742
-0.056336
-0.057728
-0.05725
-0.057308
-0.055476
-0.054821
-0.055197
-0.05611
-0.059932
-0.055937
-0.056885
-0.059079
-0.054836
-0.057084
-0.054186
-0.056463
-0.055301
-0.053972
-0.054054
-0.053482
-0.05711
-0.055348
-0.055227
-0.053936
-0.053507
-0.054365
-0.053947
-0.054253
-0.054856
-0.055248
-0.051061
-0.053766
-0.053776
-0.052887
-0.056557
-0.05549
-0.052559
-0.053681
-0.050268
-0.054109
-0.052472
-0.050165
-0.051128
-0.050317
-0.050135
-0.049351
-0.050051
-0.049084
-0.050157
-0.051235
-0.048652
-0.049944
-0.049186
-0.049593
-0.049631
-0.050975
-0.049536
-0.04906
-0.045893
-0.048041
-0.046133
-0.046139
-0.047327
-0.044201
-0.044373
-0.043427
-0.044598
-0.043536
-0.043472
-0.042688
-0.046075
-0.045272
-0.041929
-0.043695
-0.041741
-0.046753
-0.044934
-0.043787
-0.043464
-0.04092
-0.047043
-0.041015
-0.040514
-0.04248
-0.041555
-0.041447
-0.043638
-0.042393
-0.045068
-0.041156
-0.041061
-0.042379
-0.042803
-0.042688
-0.042588
-0.042566
-0.041447
-0.040998
-0.040179
-0.041933
-0.039766
-0.040998
-0.041214
-0.039818
-0.041115
-0.039741
-0.043284
-0.039732
-0.040824
-0.040519
-0.039768
-0.040269
-0.041538
-0.040827
-0.041069
-0.038499
-0.041278
-0.03986
-0.040914
-0.043628
-0.040422
-0.039551
-0.039954
-0.041572
-0.039984
-0.039973
-0.03818
-0.038612
-0.040084
-0.040876
-0.038751
-0.040872
-0.039425
-0.040645
-0.038284
-0.04172
-0.039782
-0.040412
-0.037715
-0.0374
-0.038047
-0.039941
-0.037502
-0.038919
-0.035819
-0.037421
-0.037465
-0.038251
-0.037092
-0.035733
-0.038395
-0.037725
-0.03651
-0.03791
-0.037943
-0.03661
-0.03885
-0.035733
-0.038331
-0.039095
-0.037213
-0.036161
-0.039056
-0.035168
-0.036969
-0.038615
-0.039488
-0.034551
-0.036771
-0.037634
-0.037209
-0.035939
-0.038467
-0.034955
-0.036219
-0.036608
-0.036077
-0.035223
-0.035417
-0.03342
-0.034383
-0.034538
-0.034235
-0.031895
-0.037469
-0.034475
-0.032794
-0.034057
-0.034295
-0.032944
-0.033613
-0.034055
-0.032392
-0.034327
-0.034039
-0.034306
-0.034284
-0.031763
-0.032866
-0.033992
-0.031193
-0.03351
-0.03504
-0.031364
-0.034273
-0.032525
-0.030591
-0.031147
-0.035853
-0.033065
-0.032798
-0.031741
-0.03228
-0.030522
-0.032381
-0.030253
-0.031812
-0.030147
-0.030053
-0.029533
-0.030699
-0.030061
-0.030831
-0.031792
-0.032388
-0.029813
-0.029863
-0.032058
-0.030159
-0.03051
-0.030609
-0.029133
-0.031619
-0.02931
-0.028434
-0.028713
-0.030172
-0.032189
-0.030491
-0.028628
-0.031338
-0.028711
-0.031618
-0.028252
-0.029721
-0.029394
-0.032015
-0.027173
-0.030007
-0.02815
-0.029696
-0.026097
-0.027866
-0.027818
-0.02785
-0.030028
-0.025883
-0.02747
-0.029195
-0.024741
-0.0278
-0.029016
-0.02636
-0.025997
-0.025923
-0.024162
-0.026833
-0.024645
-0.026773
-0.025628
-0.027343
-0.030274
-0.02452
-0.024562
-0.025596
-0.024477
-0.025395
-0.025188
-0.023253
-0.025922
-0.025278
-0.025178
-0.023863
-0.023225
-0.024747
-0.026516
-0.02408
-0.023283
-0.024302
-0.022188
-0.023549
-0.025681
-0.022266
-0.021919
-0.021078
-0.020664
-0.022475
-0.023096
-0.026598
-0.021116
-0.021875
-0.021057
-0.021889
-0.022251
-0.022613
-0.021105
-0.019698
-0.018323
-0.017785
-0.0189
-0.018972
-0.020757
-0.019793
-0.020115
-0.019197
-0.019247
-0.020323
-0.020896
-0.021176
-0.0217
-0.020126
-0.023208
-0.021556
-0.021212
-0.02114
-0.01867
-0.018071
-0.022057
-0.021382
-0.019112
-0.018279
-0.01779
-0.017834
-0.018788
-0.016856
-0.021456
-0.017747
-0.019269
-0.01801
-0.021548
-0.020132
-0.017279
-0.016579
-0.020309
-0.015039
-0.01764
-0.016992
-0.017359
-0.018376
-0.017049
-0.01728
-0.01966
-0.017062
-0.01912
-0.017844
-0.016327
-0.019768
-0.020423
-0.017529
-0.017781
-0.015983
-0.017906
-0.022504
-0.015925
-0.015929
-0.016136
-0.015551
-0.016372
-0.019051
-0.015829
-0.017238
-0.020469
-0.017024
-0.01618
-0.021519
-0.01562
-0.020448
-0.01471
-0.017048
-0.015259
-0.015378
-0.016734
-0.014975
-0.015748
-0.015665
-0.016316
-0.014975
-0.014987
-0.014359
-0.015967
-0.020334
-0.0154
-0.015131
-0.015753
-0.016542
-0.016504
-0.017576
-0.016074
-0.015326
-0.015074
-0.015565
-0.012546
-0.01768
-0.014278
-0.013728
-0.013495
-0.018434
-0.01608
-0.016851
-0.015965
-0.018655
-0.014799
-0.014287
-0.014606
-0.014156
-0.014801
-0.014246
-0.013451
-0.01469
-0.015633
-0.013343
-0.016844
-0.017584
-0.011339
-0.014461
-0.018691
-0.012988
-0.012886
-0.012977
-0.015127
-0.013539
-0.012312
-0.013428
-0.01333
-0.014005
-0.01111
-0.012802
-0.014284
-0.01406
-0.017316
-0.015646
-0.012103
-0.016759
-0.012955
-0.017316
-0.01283
-0.012792
-0.012219
-0.01399
-0.011959
-0.014094
-0.012232
-0.012806
-0.012782
-0.011107
-0.015537
-0.011516
-0.014461
-0.012132
-0.012991
-0.011489
-0.013353
-0.017744
-0.013825
-0.011984
-0.013354
-0.01107
-0.011532
-0.012747
-0.010364
-0.012421
-0.012255
-0.013139
-0.011195
-0.012642
-0.014045
-0.011495
-0.01186
-0.01152
-0.011897
-0.011003
-0.011404
-0.01023
-0.011537
-0.013231
-0.011367
-0.011951
-0.009958
-0.011883
-0.011841
-0.011875
-0.011706
-0.01034
-0.01082
-0.011144
-0.012018
-0.011306
-0.010903
-0.01372
-0.00909
-0.011641
-0.013082
-0.011466
-0.012217
-0.011933
-0.013573
-0.01063
-0.00952
-0.012669
-0.010936
-0.012463
-0.012499
-0.016175
-0.011408
-0.009983
-0.008737
-0.011513
-0.010642
-0.011266
-0.014541
-0.009113
-0.012093
-0.010968
-0.012544
-0.010325
-0.012046
-0.009529
-0.012546
-0.012068
-0.012994
-0.010666
-0.012081
-0.00971
-0.008835
-0.008497
-0.011796
-0.014848
-0.01062
-0.009446
-0.011965
-0.009383
-0.010696
-0.00872
-0.012861
-0.012489
-0.012001
-0.00964
-0.009983
-0.013056
-0.012837
-0.010833
-0.010813
-0.009355
-0.011659
-0.011728
-0.009351
-0.011436
-0.009957
-0.010616
-0.010781
-0.009495
-0.011224
-0.008384
-0.010108
-0.010974
-0.00916
-0.011473
-0.01112
-0.010244
-0.009101
-0.008443
-0.009871
-0.011818
-0.012136
-0.007915
-0.011655
-0.009567
-0.009152
-0.009621
-0.008459
-0.012387
-0.008705
-0.011482
-0.01222
-0.011232
-0.009233
-0.009127
-0.009274
-0.010165
-0.009068
-0.010573
-0.00722
-0.007984
-0.009577
-0.009007
-0.011271
-0.007521
-0.008538
-0.008694
-0.008632
-0.009108
-0.006867
-0.009934
-0.009181
-0.011118
-0.011139
-0.008787
-0.010766
-0.00861
-0.009236
-0.009563
-0.008138
-0.007371
-0.007306
-0.007718
-0.008863
-0.011415
-0.008938
-0.007116
-0.009546
-0.00873
-0.00773
-0.007501
-0.010937
-0.008799
-0.008255
-0.014613
-0.009082
-0.01024
-0.009639
-0.009727
-0.009115
-0.007945
-0.014025
-0.009672
-0.008962
-0.006549
-0.007621
-0.008884
-0.008758
-0.010239
-0.009388
-0.009782
-0.009488
-0.007688
-0.009935
-0.009613
-0.012786
-0.009201
-0.008243
-0.011235
-0.010733
-0.009697
-0.009439
-0.008828
-0.008061
-0.009373
-0.00931
-0.008854
-0.01204
-0.008302
-0.006351
-0.009341
-0.009156
-0.007693
-0.01046
-0.010218
-0.010302
-0.006612
-0.010399
-0.010243
-0.009122
-0.007052
-0.007162
-0.00779
-0.009809
-0.010856
-0.007292
-0.008508
-0.009605
-0.006339
-0.006803
-0.009406
-0.007273
-0.008379
-0.00893
-0.006376
-0.009714
-0.006697
-0.007367
-0.005831
-0.006442
-0.0107
-0.009703
-0.006329
-0.007829
-0.008619
-0.010011
-0.006716
-0.008675
-0.005244
-0.00528
-0.005619
-0.008932
-0.005544
-0.007294
-0.007447
-0.004784
-0.005927
-0.012223
-0.005096
-0.005069
-0.005145
-0.00631
-0.009784
-0.00877
-0.007224
-0.009663
-0.007624
-0.008022
-0.007796
-0.007742
-0.00682
-0.006287
-0.009468
-0.008258
-0.006502
-0.006364
-0.006445
-0.007623
-0.007791
-0.005478
-0.00783
-0.007095
-0.006681
-0.008916
-0.007891
-0.006812
-0.005695
-0.005726
-0.005318
-0.007615
-0.006091
-0.004931
-0.007656
-0.004747
-0.002826
-0.006891
-0.00699
-0.007538
-0.005587
-0.004733
-0.003969
-0.005211
-0.005657
-0.005079
-0.004703
-0.005467
-0.005014
-0.004667
-0.006639
-0.003525
-0.00651
-0.005413
-0.003855
-0.009336
-0.007118
-0.007887
-0.004771
-0.004778
-0.003419
-0.006559
-0.006034
-0.005071
-0.007078
-0.003783
-0.004624
-0.005119
-0.009533
-0.003437
-0.005315
-0.00637
-0.00822
-0.003896
-0.005456
-0.007534
-0.004827
-0.003269
-0.003744
-0.005675
-0.007343
-0.004972
-0.005806
-0.003842
-0.002679
-0.003897
-0.005502
-0.006769
-0.003513
-0.005278
-0.006649
-0.005443
-0.002358
-0.004237
-0.004773
-0.003608
-0.011646
-0.005849
-0.005673
-0.006188
-0.003981
-0.003961
-0.003487
-0.003787
-0.004531
-0.005447
-0.002517
-0.009599
-0.004122
-0.003188
-0.002355
-0.004581
-0.00479
-0.003662
-0.003463
-0.006113
-0.004664
-0.003622
-0.005889
-0.004146
-0.003976
-0.002903
-0.005421
-0.006091
-0.00279
-0.004035
-0.005968
-0.001896
-0.001832
-0.003211
-0.002295
-0.002733
-0.000589
-0.001543
-0.003135
-0.003511
-0.002345
-0.003637
-0.003094
-0.003985
-0.004271
-0.001553
-0.004617
-0.001915
-0.003941
-0.001047
-0.002234
-0.002891
-0.002732
-0.000928
-0.001434
-0.001458
-0.002438
-0.003229
-0.00133
-0.000301
-0.001934
-0.005029
-0.003312
-0.001602
0.000158
-0.002421
-0.001675
-0.00125
-0.001686
-0.002606
-0.000783
-0.001801
-0.002741
-0.001121
-0.006135
-0.000866
-0.001734
-0.001584
-0.002939
-0.001807
-0.001135
-0.002829
-0.001986
-0.003155
0.000372
-0.002241
-0.002512
-0.004395
-0.003869
-0.00483
-0.001778
-0.004097
-0.000738
-0.001502
-0.002344
-0.002159
-0.002609
1.4e-05
-0.002307
-0.000362
2.1e-05
-0.001722
-0.000542
0.000388
-0.000134
-0.001968
-0.001831
-0.002652
-0.003359
-0.000607
-0.001567
-0.00103
-0.003143
-0.001438
-0.000613
-0.000629
-0.000708
-0.000404
-0.002683
0.000787
-0.000234
-0.000273
-0.002094
0.000453
-4.8e-05
2.93098878501e-18
-0.001197
-2e-06
-0.000745
8.6e-05
-0.000833
-0.003693
-0.00101
-0.002148
0.001075
-0.001501
-0.00086
0.000275
-0.001606
-0.000823
-0.00276
-0.001637
-0.001971
0.000506
-0.002263
0.000806
-0.000543
-9.4e-05
-0.001439
-0.001182
-0.000709
-0.000418
-0.000338
-0.000936
-0.000316
0.000129
-0.001712
0.000997
-1e-05
-0.000667
0.001505
-8e-06
-0.001115
0.000388
-0.002564
-0.003747
0.00082
0.000523
-0.002107
-0.003554
-0.001618
-0.000438
-0.002239
-0.00386
-0.0008
0.00012
-0.001077
-0.002763
0.001515
-0.001011
0.000118
-0.000901
0.000181
0.000503
-0.000806
-0.001763
0.000932
0.000168
0.001003
-0.001495
-2.00000000001e-06
0.000277
0.001465
-0.001058
6.8e-05
-0.000727
0.001392
0.001026
-0.001226
-0.000564
0.000527
0.000567
0.001628
-0.000732
0.000557
0.001413
-0.002792
0.002158
0.001829
0.000155
0.000256
0.001135
-0.00014
-0.001313
0.001398
0.00064
-0.000742
-0.000452
-0.002155
0.000172
0.00094
8.6e-05
0.001196
0.001187
0.00012
0.000589
-0.000196
0.000636
0.000157
0.001065
0.002281
0.000952
-0.001908
-0.000107
0.001323
-0.001397
-0.000578
0.00018
0.000411
0.002109
0.000361
0.00086
0.002141
-0.000863
0.001753
0.000431
-0.001944
0.00103
0.000463
0.00125
-0.001267
0.000839
-0.005206
0.0008
-0.001349
0.000463
0.000746
0.000599
0.001255
0.000891
-0.001284
-0.001815
0.000529
0.001139
-0.001135
-0.001401
-0.001333
0.000834
-0.001367
-0.00117
-0.002314
0.001433
0.001731
0.001262
-0.000628
-0.000253
-0.000115
-0.000754
-0.00307
-0.000794
0.001321
0.001997
0.000634
-0.000591
0.001233
0.000854
-0.001287
0.002403
0.001928
0.000994
0.000462
0.000873
0.001059
-0.001249
-0.000752
0.002943
0.000719
0.001862
0.000249
-0.000612
0.000267
-0.001418
0.001979
0.001676
-0.00053
0.002309
-0.001469
-0.000705
1.9e-05
0.000884
0.000724
-0.001366
0.000169
-0.002966
0.001681
0.002165
-0.002934
-0.002001
-0.000209
0.001032
0.002907
0.000985
0.001432
-2.00000000001e-06
0.001052
0.001752
0.001568
0.003211
0.000217
0.002979
0.002222
0.000603
0.003237
0.00169
0.001657
0.001776
0.002772
-0.000689
0.000782
0.002252
-0.001261
0.00101
-0.001399
-0.001371
-0.002153
0.000249
0.001919
0.001649
0.002672
-0.00134
-0.000653
0.000517
0.000491
0.001195
0.002629
0.002747
0.002501
0.003675
0.001628
-0.002646
0.003896
0.001854
0.002097
0.002001
0.00306
0.001078
0.001105
0.001023
0.002171
0.002117
0.001275
0.000912
0.001377
0.002355
0.001476
0.000163
0.00119
0.002034
0.001151
0.003249
-0.000753
0.002052
0.002765
0.001882
0.002683
0.00336
0.002014
0.001477
0.001251
0.003548
0.001707
0.000198
0.001302
0.000202
0.001652
0.002652
0.001912
0.001156
0.002404
0.00338
0.002173
0.000127
0.00263
-0.000479
0.002265
0.003221
0.002276
0.002919
0.002381
0.003577
-0.000119
0.000775
0.000882
0.002791
0.002397
0.001234
0.000351
0.002347
0.001557
0.00054
0.002879
0.003043
0.004042
0.00323
0.004322
0.003292
0.004548
-7.8e-05
0.001845
-5.9e-05
0.002005
0.002174
0.001516
0.000954
-0.002198
0.000912
0.000946
0.003841
0.002193
0.002987
0.001718
0.003146
0.001932
0.002766
0.002861
0.001259
0.003097
0.003324
0.003744
0.001027
0.002893
0.003512
0.002546
-0.001041
0.000646
0.00178
0.002247
0.002138
0.002504
0.003261
0.003543
0.001585
0.001915
0.003907
0.002556
0.004432
0.003528
0.003303
0.001173
0.002312
0.002876
0.002738
0.003012
0.002296
0.003577
0.001071
0.003193
0.002248
0.004014
-7.5e-05
0.002751
0.00171
0.001182
0.003349
0.002092
0.001852
0.001916
0.002171
0.003839
0.002538
0.001775
0.001495
0.002358
0.002517
0.002713
0.002796
0.003667
0.003893
0.002254
0.00277
0.003752
0.004975
0.002948
0.003275
0.003628
0.001754
0.002553
0.003796
-0.000342
0.004562
7.1e-05
0.001508
0.002394
0.001595
0.000983
0.00349
0.00346
0.001797
0.005152
0.001107
0.002365
0.003524
0.003345
0.003363
0.002261
0.004055
0.001208
0.003
0.004907
0.003616
0.001529
0.003729
0.002929
0.003878
0.001637
0.004105
0.002973
0.003848
0.003878
0.004026
0.003444
0.004713
0.003765
0.001539
0.003132
0.002839
0.002765
0.002235
-0.00106
0.001244
0.003347
0.004839
0.002547
0.002731
0.004542
0.003638
0.004559
0.001841
0.003467
0.004862
0.003031
0.00315
0.001987
0.004722
0.004526
0.003134
0.004403
0.001996
0.00335
0.00271
0.003532
0.004353
0.002487
0.001462
0.003496
0.004401
0.004131
0.004812
0.005344
0.003705
0.004257
0.003201
0.003326
0.004216
0.002724
0.002803
0.003836
0.00229
0.004192
0.004147
0.003184
0.004805
0.003823
0.003267
0.00256
0.000629
0.003466
0.002745
0.001679
0.002806
0.003678
0.00592
0.003384
0.003849
0.000658
0.003805
0.003738
0.002321
0.005304
0.004144
0.005337
0.001855
0.004166
0.002201
0.003447
0.003161
0.00298
0.002966
0.003436
0.005261
0.002909
0.00148
0.003329
0.004337
0.001913
0.005466
0.004071
-9.6e-05
0.005311
0.004594
0.003331
0.004718
0.004036
0.001821
0.002651
0.001486
0.003834
0.003027
0.003609
0.004284
0.005596
0.004293
0.003573
0.004382
0.002822
0.005197
0.004314
0.004578
0.004912
0.004159
0.001868
0.003764
0.004801
0.002838
0.003744
0.004916
0.00567
0.003731
0.002216
0.005286
0.0042
0.004423
0.003727
0.002129
0.003977
0.003895
0.004967
0.005418
0.001205
0.002819
0.003536
0.004136
0.003897
0.003568
0.002103
0.005011
0.00426
0.00562
0.003729
0.002784
0.003958
0.00226
0.004399
0.004444
0.004528
0.003226
0.003742
0.006961
0.001898
0.003693
0.004517
0.006006
0.003944
0.005233
0.004526
0.005498
0.005162
0.004498
0.005419
0.004492
0.003251
0.003358
0.001356
0.005212
0.003652
0.00463
0.003885
0.000472
0.002412
0.0029
0.003851
0.002111
0.005116
0.002182
0.002878
0.004699
0.005058
0.003682
0.004229
0.004453
0.001783
0.004239
0.004214
0.003618
0.006083
0.006149
0.005046
0.005449
0.005847
0.004245
0.004264
0.002413
0.004
0.003037
0.005444
0.003498
0.003776
0.003544
0.003006
0.005104
0.004491
0.003703
0.004317
0.005488
0.004526
0.005844
0.003894
0.005239
0.003658
0.003886
0.005439
0.00373
0.005218
0.003868
0.003952
0.003705
0.001166
0.003784
0.004772
0.00581
0.00409
0.002541
0.002909
0.003545
0.004346
0.007523
0.001919
0.004509
0.00318
0.002583
0.005851
0.00561
0.006215
0.006595
0.002358
0.003046
0.003619
0.001664
0.004304
0.006813
0.004562
0.003619
0.006066
0.006157
0.005088
0.003821
0.003853
0.004755
0.003254
0.002286
0.003792
0.003182
0.005704
0.005689
0.004165
0.005462
0.003412
0.003563
0.003581
0.006112
0.005213
0.0063
0.004676
0.001463
0.002567
0.003345
0.005031
0.005965
0.00398
0.004066
0.003452
0.002129
0.003082
0.00545
0.002805
0.003462
0.005617
0.005108
0.006335
0.005589
0.005756
0.004174
0.003758
0.006057
0.005275
0.005819
0.002916
0.0037
0.006037
0.005815
0.003126
0.002287
0.001491
0.001201
0.007144
0.007398
0.005179
0.005926
0.007431
0.006248
0.003824
0.005168
0.002073
0.004795
0.005654
-0.001876
0.00334
0.006971
0.001536
0.006356
0.00679
0.005158
0.003952
0.006882
0.006585
0.005407
0.006557
0.006351
0.00642
0.001337
0.006561
0.001687
0.00492
0.003872
0.005823
0.004092
0.006444
0.006163
0.004918
0.007094
0.004046
0.005023
0.003082
0.005418
0.005741
0.002928
0.002856
0.006113
0.004763
0.005732
0.004519
0.004781
0.004491
0.004836
0.003294
0.006926
0.006407
0.005192
0.005357
0.005409
0.00715
0.005583
0.005172
0.006131
0.005272
0.007556
0.006689
0.006829
0.005096
0.005717
0.005028
0.004505
0.006577
0.006896
0.003946
0.005293
0.006302
0.004076
0.004567
0.00438
0.006839
-0.001783
0.004364
0.001718
0.003557
0.005439
0.006883
0.006659
0.004027
0.005251
0.006043
0.006653
0.005431
0.004538
0.004899
0.002591
0.005253
0.002933
0.005966
0.003293
0.006344
0.007231
0.007471
0.006595
-0.001038
0.005573
0.006004
0.007033
0.006967
0.0059
0.006276
-0.004517
0.00719
0.006008
0.008155
0.006175
0.007843
0.006325
0.005871
0.002389
0.006433
0.006109
0.006974
0.00661
0.004421
0.007668
0.006482
0.004517
0.005341
0.005699
0.006824
0.005209
0.006218
0.007903
0.006525
0.005638
0.005669
0.006562
0.004368
0.005732
0.007875
0.00585
0.007087
0.005395
0.005662
0.004125
0.005605
0.004988
0.008577
0.004964
0.005626
0.003347
0.006182
0.005255
0.004401
0.006092
0.007637
0.004754
0.003078
0.005046
0.007316
0.003235
0.007183
0.006857
0.005233
0.004898
0.006157
0.006506
0.007234
0.004071
0.005196
0.006395
0.006646
0.00649
0.005167
0.006759
0.007272
-0.000477
0.0057
0.007203
0.004415
0.005353
0.004905
0.008417
0.006075
0.006657
0.00446
0.003735
0.006338
0.006522
0.008587
0.006786
0.006428
0.006139
0.005902
0.00759
0.002593
0.009117
0.005856
0.00583
0.005375
0.00791
0.006507
0.003195
0.00809
0.005844
0.007142
0.004078
0.005461
0.006388
0.006886
0.006005
0.003734
0.000542
0.006935
0.005417
0.00874
0.003533
0.004475
0.005679
0.006458
0.008273
0.003076
0.007633
0.006345
0.007334
0.005403
0.007961
0.005559
0.004241
0.007565
0.005752
0.007156
0.008103
0.006332
0.007196
0.006032
0.007397
0.007111
0.006891
0.004145
0.005825
0.006902
0.004248
0.006068
0.008743
0.006259
0.008352
0.004022
0.006935
0.006489
0.004397
0.002043
0.00566
0.007113
0.005615
0.00447
0.008351
0.007446
0.008968
0.006291
0.00668
0.008256
0.00688
0.003901
