0.009032039999999996
0.028138159999999992
0.04456671999999998
0.05923023999999998
0.06795636
0.07400467999999996
0.08140607999999996
0.08832367999999999
0.09432863999999996
0.09885043999999997
0.10400503999999998
0.10986335999999998
0.11096752
0.11244879999999999
0.11537944
0.11742432000000001
0.11807472000000002
0.12094244000000001
0.12216536000000001
0.1262602
0.12843316
0.13121339999999995
0.13271851999999998
0.13341143999999996
0.13651871999999998
0.13705611999999998
0.13919156
0.13928496
0.14180888000000005
0.14193164000000003
0.14486088000000003
0.14519580000000004
0.14705052000000005
0.14661436000000003
0.14687164000000003
0.14544136000000002
0.14721176000000002
0.14734956000000002
0.14884088
0.14936584000000003
0.15182196
0.15157696000000004
0.15012884000000004
0.15081156000000004
0.15017948000000003
0.15263148000000004
0.15099076
0.15134184
0.15196360000000003
0.15373536000000002
0.15347488
0.15615791999999998
0.15604384000000002
0.15861360000000005
0.15965359999999998
0.16164444
0.16343648000000002
0.16552679999999997
0.16507403999999998
0.16421056
0.16519659999999997
0.16431004
0.16559236
0.164946
0.16728828000000004
0.16760079999999994
0.166987
0.16823723999999995
0.16919844
0.17013963999999998
0.17211812
0.17250840000000003
0.17138312
0.17144072
0.17252900000000002
0.17392668
0.17554476000000005
0.17518708000000005
0.17677224
0.17647260000000006
0.17710124000000005
0.1784438
0.179628
0.1783084400000001
0.18106960000000008
0.18108236000000005
0.1823934400000001
0.18242428000000005
0.1827626400000001
0.1845599200000001
0.1860823200000001
0.18469392000000012
0.1859344800000001
0.18676480000000012
0.1855315200000001
0.1865221200000001
0.18828344000000016
0.18964160000000013
0.18961936000000013
0.1896835200000001
0.19042548000000015
0.19003588000000016
0.18942920000000016
0.1905946400000001
0.19011268000000014
0.18995492000000008
0.1901709600000002
0.19090184000000007
0.1923291200000001
0.19219720000000012
0.19202440000000007
0.19136152000000017
0.19232932000000014
0.19200472000000013
0.1929810000000001
0.19318268000000013
0.19207168000000008
0.19277396000000008
0.19270932000000013
0.1930413200000001
0.1926424800000001
0.1924266400000001
0.19405020000000006
0.19367992000000012
0.19246732000000008
0.1938511600000001
0.1937047200000001
0.1935512400000001
0.19370196000000006
0.1928833600000001
0.1932720800000001
0.19365300000000013
0.19527104000000012
0.19540736000000006
0.19384872000000009
0.1953397200000001
0.1942085200000001
0.19585844000000008
0.1951486000000001
0.19426328000000004
0.19457352000000008
0.19567184000000015
0.19517060000000008
0.1965641200000001
0.19540724000000012
0.19556408000000008
0.19553048000000006
0.1950673600000001
0.1955437600000001
0.19678772000000005
0.19712040000000008
0.1962063200000001
0.19648256000000014
0.1976472400000001
0.19639556000000014
0.19701488000000011
0.19825904000000005
0.19772336000000013
0.19911848000000013
0.19737852000000003
0.19849492000000013
0.19947908000000011
0.19927120000000012
0.19958248000000012
0.19971476000000013
0.19958084000000006
0.20075660000000006
0.19855040000000013
0.19904612000000008
0.19984136000000008
0.19999932000000012
0.19976780000000013
0.19943132000000013
0.20032024000000015
0.20022328000000011
0.19942616000000016
0.20189244000000012
0.2014019200000001
0.2006068400000002
0.2016209200000001
0.20161684000000005
0.20157192000000013
0.2012145200000001
0.2003688800000001
0.2019716800000001
0.2016931600000001
0.2018668800000001
0.20260900000000015
0.20241620000000007
0.20219704000000008
0.20220396000000004
0.2029626000000001
0.20352512000000011
0.20308728000000012
0.20307740000000013
0.20296868000000007
0.20296692000000008
0.20288156000000007
0.20316620000000007
0.20481432000000013
0.20304900000000012
0.20599880000000012
0.20511796000000007
0.20395448000000016
0.2062566400000001
0.20617412000000013
0.2058997600000001
0.2056599600000002
0.20636252000000013
0.20636504000000014
0.20715860000000014
0.20531788000000012
0.20777744000000012
0.20709684000000014
0.20597192000000014
0.20839096000000012
0.2079934400000001
0.20893808000000016
0.20914332000000013
0.20908440000000017
0.20830624000000011
0.20973616000000012
0.2091828400000001
0.20982448000000015
0.20894868000000014
0.2101462400000001
0.21005244000000015
0.20923376000000013
0.21013404000000008
0.21080788000000011
0.20921852000000013
0.2117050400000001
0.21159896000000014
0.21075140000000012
0.21122684000000014
0.2118197200000001
0.2119598400000002
0.21210588000000016
0.21244524000000012
0.21181432000000014
0.21218572000000016
0.2122312400000001
0.2117552800000001
0.21261840000000012
0.2120683200000001
0.2135506800000001
0.2139615600000001
0.21258044000000012
0.21228752000000015
0.2143289200000001
0.21480244000000012
0.2140173600000001
0.2146656400000001
0.2156842400000001
0.21518196000000012
0.2148016400000001
0.21414440000000007
0.21442604000000007
0.21615116000000015
0.21499180000000007
0.21551464000000006
0.21534400000000012
0.21418848000000015
0.21456868000000007
0.21473768000000007
0.21439028000000007
0.21427524000000006
0.2146542000000001
0.21538748000000013
0.21422184000000016
0.21405052000000008
0.21394176000000006
0.21575616000000009
0.21560532000000004
0.2143339200000001
0.21387632000000006
0.2158622400000001
0.21535904000000008
0.21587748000000004
0.21433700000000006
0.2147121600000001
0.21513764000000005
0.21532724000000006
0.21451272000000007
0.2154492800000001
0.21637776000000006
0.21441836000000006
0.21662612000000003
0.21620296000000006
0.2168343600000001
0.21528484000000003
0.2159916400000001
0.21593116
0.21699256000000006
0.21667920000000002
0.21723224000000008
0.21817020000000004
0.21820464
0.21776888000000005
0.21746008000000003
0.21748396000000003
0.21664448000000008
0.21745980000000006
0.21843584000000005
0.21826303999999996
0.2171189200000001
0.21736471999999998
0.21905799999999995
0.21927492
0.21773740000000003
0.21851996000000004
0.22008328000000002
0.21908328000000005
0.21990979999999996
0.21931248
0.21867676
0.2196204
0.21956108000000005
0.22081267999999998
0.21970356000000002
0.21936048000000002
0.21988776000000002
0.2200694
0.22076491999999995
0.2195812
0.21963468
0.21886924
0.21894976
0.22016151999999997
0.21960247999999996
0.21989891999999997
0.21998860000000003
0.22059432
0.2202222
0.2208854
0.22059836000000008
0.22080879999999997
0.2213194
0.22077275999999998
0.21966824000000001
0.2203724
0.22218171999999994
0.22004704
0.22009299999999998
0.2198414
0.22001416
0.22177188
0.22152188000000003
0.22261435999999996
0.22126360000000006
0.22124404000000006
0.22223579999999996
0.22312932
0.22382612000000002
0.22368084
0.22191708
0.22303936
0.22330103999999995
0.22274932000000003
0.22275823999999997
0.22230592000000005
0.22216608000000002
0.22232316000000002
0.22245431999999998
0.2217578
0.22370239999999997
0.22343744
0.22381015999999998
0.22323732
0.22458567999999995
0.22313883999999998
0.22457444000000001
0.22407279999999996
0.2243614
0.22446939999999999
0.22440528
0.22445479999999993
0.22509491999999998
0.22433351999999995
0.22526335999999997
0.22554999999999997
0.22466064000000002
0.22684711999999999
0.22510323999999998
0.22430224
0.22496183999999997
0.22461052000000004
0.22483076000000005
0.22460703999999995
0.22520216
0.22391916000000006
0.22536064
0.2261392
0.22458475999999997
0.22561931999999993
0.22626332
0.22756915999999994
0.22852479999999997
0.22788419999999998
0.22765208
0.22768415999999994
0.22893216
0.22965599999999997
0.22872875999999998
0.22846799999999998
0.22968767999999998
0.23003755999999995
0.22998828
0.22978136
0.22856495999999993
0.22982835999999998
0.22911755999999994
0.23086912
0.23045012
0.23090603999999992
0.2318508
0.23006375999999995
0.23071663999999995
0.23140239999999998
0.2322390799999999
0.23188524000000002
0.23150327999999995
0.23016711999999998
0.23168271999999995
0.23213051999999995
0.23263587999999996
0.23091251999999993
0.23196647999999992
0.23165787999999995
0.2344648399999999
0.23302351999999998
0.23301083999999989
0.23274543999999991
0.23153267999999994
0.23334855999999993
0.23190464000000002
0.23269547999999993
0.23233947999999993
0.23336367999999993
0.23333463999999993
0.23303731999999994
0.23292603999999997
0.23427231999999998
0.23342611999999996
0.23476427999999994
0.23485287999999996
0.23529215999999992
0.23645047999999996
0.23678199999999994
0.23661847999999988
0.23700515999999996
0.23988099999999996
0.2389220399999999
0.23962219999999992
0.24062843999999992
0.2402876799999999
0.24060803999999994
0.23931419999999992
0.2408697599999999
0.24058231999999993
0.24040051999999995
0.24243799999999993
0.24160083999999998
0.24325375999999996
0.2424834799999999
0.2427893999999999
0.24380963999999988
0.24225491999999996
0.24240483999999993
0.24272415999999994
0.2415165599999999
0.24357211999999995
0.24226767999999993
0.2445444399999999
0.24397259999999996
0.24432383999999993
0.24380263999999996
0.24385659999999998
0.24349399999999996
0.24372859999999996
0.2429917599999999
0.24246327999999992
0.24384403999999996
0.2428379599999999
0.24218027999999994
0.24399215999999987
0.2440860799999999
0.24385131999999995
0.2435480399999999
0.24378019999999995
0.24507011999999992
0.2438471199999999
0.24496499999999993
0.24546655999999994
0.24392276
0.2463214399999999
0.24576139999999996
0.24711935999999995
0.2464999199999999
0.24673311999999994
0.24662963999999996
0.2483880799999999
0.24931455999999994
0.24710399999999996
0.24865811999999995
0.24869627999999996
0.24906859999999997
0.24915204
0.25019868
0.25034423999999994
0.24927007999999995
0.24929436
0.24913455999999998
0.24862223999999997
0.24898424000000005
0.24975656000000002
0.24951528
0.250008
0.24850043999999996
0.24990895999999999
0.24878815999999998
0.25058764000000006
0.25088412
0.2503055599999999
0.24984327999999995
0.24948519999999996
0.2506282
0.24953552000000007
0.25066816
0.25072356
0.25136475999999996
0.25121160000000003
0.2500862
0.2503285599999999
0.25023471999999997
0.25156159999999994
0.24999603999999992
0.25138295999999993
0.24906719999999996
0.24991339999999995
0.2504435199999999
0.24877511999999993
0.25116083999999994
0.2514519599999999
0.25084611999999995
0.25143787999999995
0.25218159999999995
0.2515193599999999
0.2535324399999999
0.2520162799999999
0.2525092399999999
0.2527725999999999
0.25288647999999986
0.2526687199999999
0.2527914799999999
0.2527936799999999
0.2540085599999999
0.2543115199999999
0.2529992399999999
0.25299483999999994
0.2540027599999999
0.2547145599999999
0.25494999999999984
0.2548441199999999
0.2533687199999999
0.2559372399999999
0.2551218399999999
0.25396963999999994
0.2544245999999999
0.2548456799999999
0.2559105599999999
0.2544279599999999
0.2551073999999998
0.2561439199999998
0.25594111999999986
0.2568636399999998
0.2561163599999999
0.2553438799999999
0.25621847999999986
0.2555288799999999
0.25535567999999986
0.25725835999999985
0.25669431999999986
0.2559544399999998
0.2569447599999998
0.2562815199999998
0.2576159199999998
0.25778959999999984
0.2558297199999998
0.25780235999999984
0.25618983999999984
0.25722175999999985
0.25580811999999986
0.25804227999999985
0.25820427999999984
0.25776475999999987
0.25704507999999987
0.25826435999999986
0.25872651999999985
0.25908599999999987
0.25671923999999985
0.2585739599999998
0.2586029599999999
0.2604173199999999
0.26060547999999983
0.2585852399999998
0.2603811599999999
0.25978035999999993
0.25931919999999986
0.26004963999999986
0.2586988799999999
0.2595174399999998
0.25942839999999995
0.2605591599999999
0.2617133199999999
0.26077915999999984
0.26028755999999986
0.26121971999999993
0.26073987999999987
0.2608747999999999
0.26112907999999985
0.2609185599999999
0.2619676399999999
0.26048095999999993
0.2615042399999999
0.2627122399999999
0.26277103999999984
0.2619993999999999
0.2614404799999999
0.2617399199999999
0.26136311999999995
0.26279127999999985
0.2619720799999999
0.2638800799999999
0.2628250399999999
0.2620752799999999
0.26189451999999985
0.2611103999999999
0.26292955999999995
0.2615253199999999
0.2628691199999999
0.2614467999999999
0.2631702799999999
0.2635077199999999
0.2623084799999999
0.2622077199999999
0.2618184799999999
0.2631143199999999
0.26191675999999986
0.2626291599999999
0.26226339999999987
0.26169047999999984
0.26179235999999995
0.2632313999999999
0.2627137999999999
0.2626367599999999
0.26301571999999984
0.2631404799999999
0.26246371999999984
0.2637606799999999
0.2632898399999999
0.2639322399999999
0.26411251999999996
0.26296391999999996
0.2631969199999999
0.26213819999999993
0.26347835999999986
0.26334787999999987
0.2631647599999999
0.2617688799999999
0.26302787999999994
0.2630418799999999
0.2630165999999998
0.2642652399999999
0.26232763999999986
0.2624755199999999
0.26281011999999987
0.2628416799999999
0.26363931999999995
0.2625281599999999
0.26319639999999994
0.26202823999999997
0.2630773999999999
0.26269311999999995
0.2612977599999999
0.2620297999999999
0.2628874799999999
0.2631917999999999
0.2629125599999999
0.26204011999999993
0.2636430799999999
0.2623619199999999
0.26245815999999994
0.26266311999999997
0.2630978799999999
0.2634718399999999
0.2635151999999999
0.2631983199999998
0.2617568799999999
0.26348851999999995
0.2624401999999999
0.26248287999999986
0.26174619999999993
0.2624148799999999
0.26162423999999995
0.26301443999999985
0.2616313199999999
0.2629627599999999
0.2624519199999999
0.2630801599999999
0.26387915999999995
0.2640634399999999
0.2620404
0.26220707999999987
0.26308296
0.2629279199999999
0.26210743999999997
0.26334119999999994
0.2633726799999999
0.26331175999999995
0.26371639999999996
0.2641858399999999
0.2631453599999999
0.2634686
0.26423699999999994
0.26376584
0.26406391999999995
0.26444527999999995
0.2639171199999999
0.2640438399999999
0.2636723999999999
0.2634442799999999
0.2634487199999999
0.2644320399999999
0.2643939599999999
0.26570467999999997
0.2657967599999999
0.26553751999999997
0.2656365999999999
0.2654772399999999
0.26461159999999995
0.26518011999999996
0.26437179999999993
0.26629607999999994
0.26536271999999994
0.26578915999999997
0.2655111199999999
0.26512111999999993
0.26468583999999995
0.26499572
0.26487296
0.26645531999999994
0.26494403999999994
0.2656885599999999
0.26442647999999996
0.26646828
0.26560475999999994
0.2649929599999999
0.26637663999999994
0.26608923999999995
0.2647704399999999
0.2674053599999999
0.26532347999999994
0.26638332
0.26552064
0.26679143999999994
0.2648724799999999
0.2658957599999999
0.26537507999999993
0.2652236799999999
0.26597547999999993
0.2660578799999999
0.26614355999999995
0.2665113599999999
0.2650818
0.26498267999999997
0.26559503999999995
0.26488043999999994
0.2671149199999999
0.26653811999999993
0.26674707999999997
0.26657632
0.26604839999999996
0.26539847999999994
0.26538071999999996
0.26536995999999996
0.26697444000000004
0.26647815999999996
0.26508439999999994
0.26563023999999996
0.26692067999999997
0.2658208399999999
0.26569535999999994
0.26557959999999997
0.2653512
0.26551171999999995
0.26774023999999996
0.2667225599999999
0.26809795999999997
0.26721311999999997
0.2684434
0.26740487999999996
0.26734087999999995
0.26805835999999994
0.26840855999999996
0.2665941199999999
0.26731427999999985
0.26792411999999993
0.2681208799999999
0.26829067999999995
0.26925327999999993
0.2712792399999999
0.26852931999999985
0.2698688799999999
0.27054487999999993
0.27044611999999996
0.2698059599999999
0.2695559599999999
0.26988307999999994
0.2700412399999999
0.27120723999999996
0.2703964799999999
0.27089671999999987
0.2726236399999999
0.27126483999999995
0.2701161199999999
0.2725606399999999
0.27170055999999987
0.2717963199999999
0.2735400399999999
0.27197743999999985
0.27126019999999984
0.2708411999999999
0.2716115199999999
0.27241915999999994
0.27126095999999994
0.2720053599999999
0.2722933599999999
0.27095615999999995
0.2726306799999999
0.27220643999999994
0.27313735999999994
0.2735319199999999
0.2732299599999999
0.2726073599999999
0.2731741199999999
0.2736315599999999
0.27224819999999994
0.27324207999999994
0.27218231999999987
0.2711146399999999
0.2733521999999999
0.27293611999999995
0.2719309199999999
0.27443499999999993
0.2722138799999999
0.2721269199999999
0.2736482799999999
0.27350095999999985
0.2733840399999999
0.27205111999999987
0.27294067999999994
0.2732951999999999
0.27272027999999987
0.2720570399999999
0.2731708399999999
0.2715572799999999
0.2732153599999999
0.2736625199999999
0.27389667999999984
0.27421527999999984
0.27339447999999994
0.27327279999999987
0.2725700799999999
0.2742437999999999
0.2727377599999999
0.27385707999999986
0.2736493599999999
0.2731219199999999
0.27455831999999986
0.2729543199999999
0.27329103999999993
0.27338035999999993
0.27350467999999994
0.27310647999999993
0.2729867999999999
0.2729502399999999
0.2737515599999999
0.2729680799999999
0.2739795199999999
0.27361487999999995
0.2732947999999999
0.2742476799999999
0.2731960399999999
0.27296259999999994
0.2739683599999999
0.2734756799999999
0.2736879199999999
0.27296171999999985
0.27365323999999985
0.2753465199999999
0.2739375199999999
0.27345539999999985
0.2743946399999999
0.2728842399999999
0.2724563599999999
0.2738020399999999
0.2733588799999999
0.27374083999999993
0.27369456
0.27366603999999994
0.2742021599999999
0.27257851999999994
0.2741230799999999
0.27354036
0.2736221199999999
0.27398783999999987
0.27391059999999984
0.27387111999999986
0.2732965999999999
0.27467751999999984
0.2736327999999999
0.2729238799999999
0.27396387999999994
0.2736042799999999
0.27200135999999986
0.2725271599999999
0.27344295999999996
0.27402503999999994
0.2745091199999999
0.2739774799999999
0.2735127199999999
0.27451496
0.2723654399999999
0.2726783999999999
0.2736567199999999
0.2733331199999999
0.2732205599999999
0.2734008799999999
0.2734861999999999
0.2746084399999999
0.27339811999999986
0.2729263999999999
0.2730064399999999
0.2732911999999999
0.2728790799999999
0.27336003999999986
0.2741882399999999
0.2720878399999999
0.2738546799999999
0.2743015599999999
0.2734135999999999
0.27442015999999986
0.2744817999999999
0.2731419199999999
0.27430687999999986
0.27389147999999985
0.2737635199999999
0.27524531999999985
0.27430811999999993
0.2751884799999999
0.2747230799999999
0.27459911999999986
0.27517151999999995
0.2755918
0.27557095999999986
0.2756508799999999
0.2749469199999999
0.27476299999999987
0.2758127199999999
0.2763518399999999
0.27573859999999994
0.2755142799999999
0.2760802399999999
0.2761051199999999
0.27584783999999996
0.27497043999999987
0.27508759999999993
0.2751762
0.2764964799999999
0.27624259999999995
0.2740787999999999
0.27475463999999994
0.2749136799999999
0.2758098799999999
0.2751631599999999
0.27553111999999985
0.2749051999999999
0.2764795599999999
0.2764392799999999
0.27538615999999994
0.27599131999999993
0.27700007999999987
0.2770001199999999
0.2763391599999999
0.27627963999999994
0.27626683999999996
0.27579915999999993
0.27630591999999987
0.2770668799999999
0.27653291999999985
0.2772986799999999
0.2775971999999999
0.27793755999999986
0.2770836399999999
0.27770591999999994
0.27823199999999987
0.2776729199999999
0.27869795999999986
0.27777595999999993
0.27863076
0.27706147999999986
0.2792312399999999
0.2785817999999999
0.2776420799999999
0.2789351999999999
0.27818287999999997
0.2778057599999999
0.27835055999999997
0.2794624399999999
0.27929348
0.2785433599999999
0.2787548799999999
0.27782759999999995
0.27949971999999984
0.27673159999999997
0.2783096399999999
0.2780846799999999
0.27913232
0.28109547999999995
0.2791845599999999
0.27789196
0.2783887199999999
0.27879863999999993
0.27944748
0.2792897999999999
0.27859792
0.27973607999999994
0.2793345599999999
0.27862412
0.2792398
0.27924795999999996
0.28053836
0.2794417199999999
0.27938028
0.27905176
0.27896983999999997
0.2786206399999999
0.2801045199999999
0.2791644
0.27922247999999994
0.27848271999999996
0.2787056399999999
0.2788283999999999
0.27938408
0.2790739199999999
0.2798376399999999
0.28032351999999994
0.28014656
0.2808071599999999
0.27880715999999994
0.2787283199999999
0.28045356
0.27889976
0.2787641599999999
0.2796729599999999
0.28023035999999996
0.27903676
0.27913891999999996
0.27911551999999995
0.27826823999999994
0.27916435999999994
0.27874888
0.28003176
0.28008088
0.280279
0.28042323999999996
0.28057335999999994
0.2809502399999999
0.27930136
0.27965028
0.2791378399999999
0.28100427999999994
0.2798256799999999
0.28072796
0.2803840799999999
0.28085767999999994
0.2821962799999999
0.28172963999999995
0.28196635999999997
0.283339
0.2810366799999999
0.28153967999999996
0.2823800399999999
0.2829587599999999
0.28271663999999996
0.28390935999999994
0.2848487599999999
0.2853865999999999
0.2852142799999999
0.28598243999999995
0.2865386399999999
0.2862780399999999
0.28696484
0.28779839999999995
0.28780159999999994
0.2874493199999999
0.28892563999999993
0.28811483999999987
0.2895149999999999
0.2893221999999999
0.28853795999999987
0.28931511999999987
0.28953975999999987
0.2892712399999999
0.2900546399999999
0.2914081199999999
0.29018995999999997
0.28950935999999994
0.29022831999999993
0.28999475999999996
0.29030467999999987
0.2899768799999999
0.2897928799999999
0.2899067599999999
0.28989227999999995
0.29099927999999986
0.29027435999999995
0.2917362399999999
0.29057847999999986
0.29025216
0.29092263999999995
0.2904618399999999
0.29160911999999994
0.29103647999999993
0.29064924
0.29118868
0.29170119999999994
0.29142519999999994
0.29105684
0.29067679999999996
0.2903075599999999
0.29159463999999996
0.29153715999999996
0.29087172
0.29170788
0.29131131999999993
0.2922727599999999
0.2924734
0.2920422
0.29165684
0.29153936
0.29198764
0.29261488
0.29291108
0.29219303999999996
0.2913274799999999
0.29160911999999994
0.29172595999999995
0.29207155999999995
0.29225152
0.291696
0.29213784
0.29110252
0.2917438399999999
0.29210823999999996
0.2918042799999999
0.29002575999999997
0.29121815999999995
0.2926706399999999
0.29139268
0.29127432000000003
0.29108283999999995
0.29191576
0.29055124
0.29253063999999995
0.29156044000000003
0.29239088
0.29287583999999994
0.291782
0.29296012
0.29395119999999997
0.2927126
0.29178923999999995
0.2932712
0.29245407999999995
0.29154911999999994
0.29267220000000005
0.29318012
0.29308007999999997
0.29320455999999995
0.29303708
0.29219832
0.29275251999999996
0.29413308
0.29284291999999995
0.29272143999999994
0.29191715999999995
0.29289751999999997
0.29144907999999997
0.29184819999999995
0.29263648
0.29264563999999993
0.29333863999999993
0.29291343999999997
0.2925992399999999
0.293141
0.29345923999999995
0.2945695599999999
0.29345247999999996
0.29241952
0.29388487999999996
0.29348943999999993
0.29418031999999994
0.29580699999999993
0.2937101199999999
0.29496987999999996
0.2946253199999999
0.29476823999999996
0.2943274799999999
0.2947052799999999
0.29468816
0.29473076
0.2954891599999999
0.29524032
0.29410371999999996
0.29544936
0.2954530799999999
0.29492527999999996
0.29559188
0.29510387999999993
0.2951167199999999
0.2943758399999999
0.29501383999999997
0.2958690399999999
0.29499407999999994
0.2955234399999999
0.2959526799999999
0.2949714799999999
0.2957485599999999
0.2954259599999999
0.29504259999999993
0.29563135999999995
0.2952750799999999
0.29535339999999993
0.29622111999999995
0.2959702399999999
0.29699691999999994
0.2966380799999999
0.29631951999999995
0.2969581599999999
0.2962176799999999
0.2974835199999999
0.2970594799999999
0.2956019999999999
0.2976061199999999
0.2972135199999999
0.2979473599999999
0.29779903999999996
0.2973770799999999
0.2973112799999999
0.29722395999999995
0.2981115599999999
0.29844311999999995
0.29830267999999993
0.29907343999999986
0.2982871999999999
0.29879031999999994
0.2989356399999999
0.2990627599999999
0.3001757999999999
0.29803827999999993
0.29886867999999994
0.2978817199999999
0.2988285599999999
0.2987183599999999
0.2990604399999999
0.29848363999999994
0.3003937599999999
0.2983428799999999
0.29930127999999995
0.2987581199999999
0.29953771999999995
0.2991295999999999
0.29942299999999994
0.2995198799999999
0.30044455999999986
0.2997816
0.2990498399999999
0.29899567999999993
0.2988896799999999
0.2990167999999999
0.2993058799999999
0.2994342
0.29963383999999993
0.29909191999999996
0.29928779999999994
0.29950967999999994
0.30022759999999993
0.2995011999999999
0.2995404399999999
0.3001246799999999
0.2996132799999999
0.3003145199999999
0.2994325599999999
0.30046895999999995
0.30025667999999994
0.30012275999999993
0.2996763599999999
0.2994502799999999
0.30070427999999993
0.30051764
0.3008744399999999
0.30121408
0.30001607999999996
0.30009519999999995
0.30046227999999997
0.30011007999999995
0.30120023999999984
0.3006608
0.3014150799999999
0.30021723999999994
0.30139412
0.3001143599999999
0.3015989999999999
0.30065911999999995
0.30196628
0.30156703999999995
0.30165839999999994
0.30004691999999994
0.29925419999999997
0.3014347599999999
0.30065003999999995
0.30058783999999994
0.3005721599999999
0.30169043999999995
0.3017739199999998
0.3008505599999999
0.3019421999999999
0.30091163999999987
0.3012132399999998
0.3020942799999999
0.30335491999999986
0.3008960799999999
0.3020955199999999
0.30147263999999985
0.3022968799999999
0.3029754799999999
0.30311071999999994
0.3025036399999999
0.30353675999999985
0.3041350799999999
0.3021025599999999
0.30323587999999985
0.3038978799999999
0.3028028799999999
0.30258207999999986
0.3037942799999999
0.3014403599999999
0.3044957599999999
0.30419123999999986
0.30293603999999985
0.3045266799999998
0.30424815999999993
0.3039945999999999
0.3040138799999999
0.30317779999999994
0.3037547599999999
0.3042592399999999
0.3033798399999999
0.30341139999999994
0.3037977599999999
0.3042355999999999
0.3034976799999998
0.3040917199999999
0.30359587999999993
0.30229171999999993
0.30302724
0.3042511599999999
0.3038188399999999
0.30437767999999993
0.3027409199999999
0.3041039599999999
0.30336699999999994
0.3049075199999999
0.3045082799999999
0.3037348799999999
0.30370639999999993
0.3035227199999999
0.30293139999999996
0.3042014799999999
0.3028684399999999
0.3040716799999999
0.30295883999999995
0.30409971999999996
0.30389271999999995
0.30396439999999997
0.30323356
0.3038432399999999
0.30404259999999994
0.30302848
0.30384696
0.30336508
0.30249543999999995
0.30242492
0.3049101999999999
0.30357444
0.30423995999999986
0.3044496399999999
0.3056104399999999
0.3041783999999999
0.30380551999999994
0.3051997199999999
0.30454851999999993
0.30567567999999995
0.3052983599999999
0.30413576
0.3041979999999999
0.30464051999999997
0.30502159999999984
0.30390023999999993
0.30354279999999995
0.3050507999999999
0.30365435999999996
0.30332659999999995
0.30316007999999994
0.3040512799999999
0.3033131599999999
0.3042637999999999
0.30391083999999996
0.3034573199999999
0.30385159999999994
0.3044085199999999
0.3043126799999999
0.3052162799999999
0.30356135999999995
0.3040213199999999
0.30410111999999995
0.3044545599999999
0.3041622399999999
0.3044294799999999
0.30306871999999996
0.30416819999999994
0.3029822799999999
0.30348647999999995
0.3045223999999999
0.3047397599999999
0.3043514399999999
0.3042515999999999
0.3054681999999999
0.30412867999999993
0.3044397599999999
0.3042581599999999
0.30465999999999993
0.3043204399999999
0.3035981599999999
0.3042392399999999
0.3049435999999999
0.3040211599999999
0.3051403199999999
0.30432091999999994
0.3047799599999999
0.3045354399999999
0.30353423999999996
0.3044279199999999
0.30413371999999983
0.3044337599999999
0.3042436399999999
0.30351731999999987
0.3047420799999999
0.30502787999999986
0.3040162799999999
0.3056305599999999
0.30483399999999994
0.3058461999999999
0.3050466799999998
0.30522771999999987
0.3042063599999999
0.3043472799999999
0.30400151999999986
0.3052840799999999
0.3040203999999999
0.30520387999999987
0.30458623999999984
0.30553283999999986
0.30482147999999987
0.3033672799999999
0.3050811199999999
0.3039026399999999
0.30490799999999985
0.3044451199999999
0.3058441199999999
0.30557215999999987
0.3043943199999999
0.30528719999999987
0.30407567999999985
0.3053117999999999
0.3037012799999999
0.3045847199999998
0.3038026399999999
0.3054234799999999
0.3053626399999999
0.3051437199999999
0.3053546799999999
0.3049038399999998
0.3041203999999999
0.3058051199999998
0.30519567999999986
0.3035621599999999
0.3037911199999999
0.3051033599999998
0.3058151199999999
0.3039983199999999
0.30526343999999983
0.3046125199999999
0.3039753599999999
0.30536955999999976
0.3043330399999999
0.30470519999999984
0.3044515599999999
0.30455127999999987
0.3057305599999999
0.3046853999999998
0.30325031999999985
0.30353883999999987
0.3054788799999999
0.30498179999999986
0.30493187999999993
0.30435311999999987
0.3029338799999999
0.30402139999999983
0.30490855999999983
0.30481627999999994
0.30437395999999983
0.30521487999999986
0.30526635999999985
0.3048361599999999
0.30458719999999984
0.3053692399999999
0.3055030799999998
0.30429015999999987
0.30467099999999986
0.3054432799999999
0.30489415999999986
0.3057133199999998
0.30440791999999983
0.30348475999999996
0.3051787599999998
0.30405139999999986
0.30658839999999987
0.3044119999999999
0.30504923999999983
0.30470463999999986
0.3062847999999998
0.3043424399999998
0.3048956799999999
0.3052659599999998
0.30422699999999986
0.30419487999999983
0.30537991999999986
0.3037539199999999
0.30519235999999983
0.30570219999999987
0.30447003999999983
0.3048029599999998
0.30361175999999984
0.3051810399999998
0.3045275599999998
0.3065083999999998
0.3045531999999998
0.3058903599999998
0.3043212399999998
0.3039928399999998
0.3061663999999998
0.30457363999999987
0.3058302399999998
0.30585707999999984
0.3053044799999998
0.30567071999999973
0.3047731999999998
0.30513835999999983
0.3044071199999998
0.30474151999999977
0.3061162399999999
0.30457459999999986
0.30435411999999984
0.3064026399999998
0.30463059999999975
0.3065021999999998
0.30481827999999983
0.30561631999999983
0.30502947999999974
0.3055467199999998
0.30375811999999974
0.30682147999999976
0.30547379999999974
0.30571275999999975
0.3062543199999998
0.30523439999999974
0.3057880799999998
0.30463135999999985
0.3058116399999998
0.30427091999999983
0.3058259999999998
0.30554423999999974
0.3067934799999998
0.30607859999999976
0.3052753199999998
0.30575747999999975
0.3060649599999998
0.3053733199999998
0.3052917999999998
0.3058443599999998
0.30677743999999985
0.30411667999999975
0.3052682799999998
0.30449067999999974
0.3072970799999997
0.30666195999999973
0.30738655999999975
0.30567095999999977
0.3059993599999997
0.30698579999999975
0.30650411999999977
0.3071139599999998
0.3075595199999997
0.30700635999999976
0.3069119599999998
0.3074016399999998
0.3062405199999998
0.30674619999999975
0.30605519999999975
0.3072193999999998
0.3050457199999998
0.3065701999999998
0.3079415999999997
0.3067981999999998
0.3060497999999998
0.3071200799999998
0.3055870799999998
0.30696795999999976
0.30673391999999977
0.30719147999999974
0.30710295999999976
0.3064637999999998
0.3074359199999997
0.30658019999999975
0.30656599999999967
0.30758515999999975
0.3084546799999998
0.3073468799999997
0.30805667999999975
0.3075813599999997
0.3063177199999998
0.30569707999999973
0.3061710399999998
0.30792139999999973
0.3079897199999997
0.30659031999999975
0.3072645199999997
0.3075857599999997
0.30631263999999975
0.30676075999999974
0.3063044799999997
0.3061411199999997
0.30680315999999974
0.30567331999999975
0.30743939999999975
0.30737783999999974
0.3077094399999998
0.30669015999999977
0.3069013599999997
0.3076283599999997
0.3071717199999997
0.3069671999999997
0.3075258799999998
0.30654351999999974
0.30695215999999975
0.3065435999999997
0.3074985199999997
0.3062421599999997
0.30705907999999976
0.30721707999999975
0.3063239999999997
0.30721679999999973
0.3068101599999997
0.3068434799999997
0.3074026399999997
0.30544431999999977
0.30614055999999973
0.3066013599999997
0.3068451199999997
0.30705575999999973
0.30661207999999973
0.30613711999999976
0.30809523999999977
0.30686115999999974
0.30669387999999975
0.30871047999999973
0.3065160799999997
0.30531715999999975
0.3053519199999997
0.30664655999999973
0.3068218799999997
0.3068957999999997
0.30694491999999973
0.3057319999999997
0.3057537999999998
0.30659451999999976
0.3068739599999998
0.30601235999999976
0.3078141199999997
0.3063229599999998
0.3062599199999998
0.3064915599999998
0.30724343999999976
0.3056390799999998
0.30618867999999977
0.3077730399999998
0.30777359999999976
0.3069293599999997
0.3078391599999997
0.3067971999999997
0.3071177999999998
0.3079031199999998
0.3060324799999998
0.3063177599999998
0.3067253599999998
0.3075155599999998
0.30757723999999975
0.3060023599999998
0.30731803999999974
0.30732451999999977
0.30773795999999976
0.3061236799999998
0.3086293199999997
0.3066518799999998
0.3081473599999997
0.30707983999999977
0.30684079999999975
0.3067181999999998
0.30711471999999973
0.3069612799999998
0.30567971999999977
0.3056652399999998
0.3077674399999998
0.3071027999999998
0.3054707199999998
0.3076201999999998
0.3064165599999998
0.30624203999999977
0.3070911999999998
0.30630723999999976
0.30749575999999973
0.3060173999999998
0.30788203999999975
0.3058678399999998
0.3060509199999998
0.3072083599999997
0.3073765999999998
0.3072159599999998
0.3062982399999998
0.30586395999999977
0.30761639999999973
0.3085620799999998
0.3071030399999998
0.30722395999999974
0.30645095999999983
0.30832927999999976
0.3071570799999998
0.3064813999999998
0.3065771599999998
0.3090432399999997
0.3083209199999997
0.3067369599999997
0.30761215999999975
0.3062572399999997
0.3073890399999998
0.3055978799999998
0.3080146799999997
0.3082054399999998
0.3065545999999998
0.3077719199999998
0.30951047999999975
0.3083761199999998
0.3090685199999998
0.3081085199999998
0.3080885199999998
0.3092517599999997
0.30905435999999975
0.30947071999999975
0.30847863999999975
0.30882663999999976
0.30756207999999974
0.30871135999999977
0.3078777599999998
0.30840695999999973
0.30742335999999976
0.30879195999999975
0.30954719999999974
0.30971003999999974
0.3088099999999997
0.30931135999999976
0.30852103999999975
0.3091444799999997
0.30910203999999974
0.3082842399999997
0.3092757599999998
0.30920879999999973
0.3089875999999998
0.3085511999999997
0.30877087999999975
0.30873987999999974
0.3086550399999997
0.30988795999999974
0.3092053999999997
0.3088448799999997
0.3085468399999998
0.3084716399999997
0.3090259999999997
0.30902727999999974
0.3089358799999998
0.3072458399999997
0.3090861599999997
0.30801807999999975
0.30944991999999977
0.3074705199999997
0.3076934399999997
0.3087026399999997
0.3089223999999998
0.30841111999999976
0.30885939999999973
0.3083606799999997
0.3085339199999998
0.3094979999999998
0.30978731999999976
0.30918955999999975
0.3097125999999998
0.3088280799999997
0.30840375999999975
0.3093970399999997
0.30867523999999974
0.3093209199999998
0.3086411199999997
0.3097467999999997
0.30890419999999974
0.30989967999999973
0.30923607999999975
0.31066795999999974
0.3096126799999997
0.3102295199999997
0.3092777199999997
0.30885259999999976
0.3082921199999997
0.30936779999999975
0.30975967999999965
0.30995727999999967
0.31011779999999967
0.30973771999999977
0.30885263999999973
0.3092591599999997
0.3077857599999997
0.3077333199999998
0.3075834799999998
0.30850883999999973
0.31061071999999973
0.3085220799999997
0.30908927999999974
0.3087225599999998
0.30823943999999975
0.3081723599999997
0.30880419999999964
0.3107093199999997
0.30884503999999974
0.3081255999999998
0.3088290799999997
0.30952547999999974
0.31003835999999974
0.30857115999999973
0.3103093199999998
0.30914387999999976
0.3082862399999997
0.3087910799999997
0.3084519999999998
0.30888551999999975
0.30887159999999964
0.3095784799999997
0.31018315999999974
0.30743987999999967
0.31061511999999974
0.3094869599999997
0.30949667999999975
0.3110537199999997
0.3097667599999997
0.3088785999999997
0.31013831999999975
0.30970631999999976
0.3102322799999997
0.3104094399999997
0.3099284799999997
0.3099490399999997
0.3092060799999997
0.31079695999999973
0.3106607999999997
0.30811775999999974
0.31017639999999974
0.30954147999999976
0.3094436399999997
0.3105358799999997
0.3095410399999997
0.31018811999999973
0.3112638799999997
0.30973883999999974
0.3103773999999997
0.31090535999999974
0.3097470799999997
0.31076095999999964
0.3096413599999997
0.3101470799999998
0.3105624799999997
0.3115211999999997
0.30947635999999973
0.3098917199999997
0.3106385599999998
0.30962075999999966
0.30945303999999973
0.31022591999999966
0.3105225199999997
0.31022979999999967
0.3114109199999997
0.3092693599999997
0.3108635999999997
0.31002315999999974
0.31034859999999964
0.30848067999999973
0.3090549999999998
0.3107787999999997
0.3097214799999997
0.3082233599999997
0.30953995999999967
0.3088950399999997
0.3100182399999997
0.30887279999999967
0.31032923999999973
0.30964539999999974
0.3104835199999998
0.3104883199999997
0.30896955999999975
0.3087203999999997
0.3112815999999997
0.3103711199999997
0.30942779999999975
0.3098121599999997
0.30898779999999976
0.3098463599999997
0.3096492399999997
0.31019723999999976
0.30907087999999977
0.3097723199999997
0.3093044799999997
0.3100035199999997
0.3095629599999997
0.31044639999999973
0.30999059999999967
0.30982475999999975
0.30975127999999974
0.31209911999999973
0.3103276799999997
0.31062467999999976
0.3104761599999998
0.31024675999999973
0.3124571999999997
0.31223143999999975
0.31060359999999976
0.3093151999999997
0.3096617199999997
0.3105340799999997
0.31053739999999974
0.31024439999999975
0.3107365199999997
0.30995223999999977
0.31024359999999973
0.3097597199999998
0.3112283199999997
0.30983703999999973
0.31008639999999976
0.3096893999999997
0.3098619999999997
0.31084831999999973
0.3114171199999997
0.31139059999999974
0.31103367999999976
0.3111665599999997
0.3092267599999997
0.31045139999999977
0.3086901999999997
0.3100601199999997
0.30963879999999977
0.3096537599999997
0.3101842799999997
0.30970299999999973
