0.053903999999999994
0.05679200000000008
0.07283599999999987
0.07618799999999999
0.08273199999999999
0.095692
0.09759599999999997
0.11675999999999997
0.11741200000000002
0.11754400000000001
0.129356
0.129356
0.129356
0.129356
0.129356
0.129356
0.13941600000000004
0.13941600000000004
0.14244000000000012
0.14244000000000012
0.14700400000000002
0.15810800000000003
0.15810800000000003
0.15810800000000003
0.15859199999999993
0.15859199999999993
0.15859199999999993
0.15859199999999993
0.16338799999999998
0.16338799999999998
0.16338799999999998
0.16338799999999998
0.16338799999999998
0.16338799999999998
0.16558800000000004
0.16558800000000004
0.16558800000000004
0.16558800000000004
0.16558800000000004
0.16558800000000004
0.16558800000000004
0.16657600000000009
0.16657600000000009
0.16893999999999995
0.16893999999999995
0.16893999999999995
0.16893999999999995
0.171468
0.171468
0.171468
0.171468
0.1735199999999999
0.1781599999999999
0.1781599999999999
0.1781599999999999
0.18361599999999992
0.18361599999999992
0.18361599999999992
0.18361599999999992
0.18361599999999992
0.18361599999999992
0.18361599999999992
0.18361599999999992
0.1856839999999999
0.1856839999999999
0.1856839999999999
0.1856839999999999
0.1856839999999999
0.18671199999999993
0.18671199999999993
0.18671199999999993
0.18676400000000004
0.18676400000000004
0.188876
0.19098800000000007
0.19137599999999985
0.19477600000000003
0.19477600000000003
0.19477600000000003
0.19515600000000005
0.19515600000000005
0.19515600000000005
0.19515600000000005
0.19515600000000005
0.20128400000000018
0.20128400000000018
0.20128400000000018
0.20128400000000018
0.20363200000000012
0.20363200000000012
0.20363200000000012
0.20363200000000012
0.20363200000000012
0.21390800000000007
0.21390800000000007
0.21390800000000007
0.21390800000000007
0.21390800000000007
0.21390800000000007
0.21390800000000007
0.21390800000000007
0.21390800000000007
0.21390800000000007
0.21390800000000007
0.21390800000000007
0.21390800000000007
0.21390800000000007
0.21390800000000007
0.21390800000000007
0.21390800000000007
0.21390800000000007
0.21390800000000007
0.21390800000000007
0.21390800000000007
0.21390800000000007
0.21390800000000007
0.21390800000000007
0.21390800000000007
0.21390800000000007
0.21390800000000007
0.21390800000000007
0.21390800000000007
0.21390800000000007
0.21390800000000007
0.21390800000000007
0.21390800000000007
0.21390800000000007
0.21390800000000007
0.21390800000000007
0.21390800000000007
0.21390800000000007
0.21390800000000007
0.21390800000000007
0.21390800000000007
0.21390800000000007
0.21390800000000007
0.21390800000000007
0.21390800000000007
0.21390800000000007
0.21390800000000007
0.21390800000000007
0.21390800000000007
0.21390800000000007
0.21390800000000007
0.21390800000000007
0.21390800000000007
0.21390800000000007
0.21390800000000007
0.21390800000000007
0.21390800000000007
0.21822399999999997
0.21822399999999997
0.21822399999999997
0.21822399999999997
0.21822399999999997
0.21822399999999997
0.21822399999999997
0.21822399999999997
0.21822399999999997
0.21822399999999997
0.21822399999999997
0.21822399999999997
0.21822399999999997
0.21822399999999997
0.21822399999999997
0.21822399999999997
0.21822399999999997
0.21822399999999997
0.21822399999999997
0.21822399999999997
0.21822399999999997
0.21822399999999997
0.21822399999999997
0.21822399999999997
0.21822399999999997
0.2185760000000001
0.2198880000000001
0.2198880000000001
0.2198880000000001
0.2198880000000001
0.2198880000000001
0.2198880000000001
0.2198880000000001
0.2198880000000001
0.2198880000000001
0.2198880000000001
0.22358800000000006
0.22358800000000006
0.22358800000000006
0.22358800000000006
0.22358800000000006
0.22358800000000006
0.22358800000000006
0.22358800000000006
0.22358800000000006
0.22358800000000006
0.22358800000000006
0.22358800000000006
0.22358800000000006
0.22358800000000006
0.22358800000000006
0.22358800000000006
0.22358800000000006
0.2292159999999999
0.2292159999999999
0.2292159999999999
0.2292159999999999
0.2292159999999999
0.2292159999999999
0.2292159999999999
0.2292159999999999
0.2292159999999999
0.23023200000000002
0.23023200000000002
0.23023200000000002
0.23023200000000002
0.23023200000000002
0.23023200000000002
0.23023200000000002
0.23023200000000002
0.23023200000000002
0.23023200000000002
0.23023200000000002
0.23023200000000002
0.23023200000000002
0.23023200000000002
0.23023200000000002
0.23023200000000002
0.23023200000000002
0.23023200000000002
0.23023200000000002
0.23023200000000002
0.23023200000000002
0.23023200000000002
0.23023200000000002
0.23023200000000002
0.23023200000000002
0.23023200000000002
0.23023200000000002
0.23023200000000002
0.23023200000000002
0.23036800000000002
0.23036800000000002
0.23036800000000002
0.23036800000000002
0.23036800000000002
0.23036800000000002
0.23036800000000002
0.23189999999999977
0.23189999999999977
0.23189999999999977
0.23279199999999978
0.23279199999999978
0.23313199999999984
0.23313199999999984
0.23313199999999984
0.23313199999999984
0.23313199999999984
0.23333999999999983
0.23333999999999983
0.23379199999999983
0.23379199999999983
0.23379199999999983
0.23379199999999983
0.23379199999999983
0.23379199999999983
0.23379199999999983
0.23379199999999983
0.23379199999999983
0.23379199999999983
0.23379199999999983
0.23379199999999983
0.23379199999999983
0.23379199999999983
0.23379199999999983
0.23379199999999983
0.23379199999999983
0.23379199999999983
0.23379199999999983
0.23379199999999983
0.23379199999999983
0.23379199999999983
0.23379199999999983
0.23379199999999983
0.23379199999999983
0.23379199999999983
0.23379199999999983
0.2346039999999999
0.2346039999999999
0.2346039999999999
0.2346039999999999
0.2346039999999999
0.2346039999999999
0.2346039999999999
0.2346039999999999
0.23624399999999982
0.23624399999999982
0.23624399999999982
0.23624399999999982
0.23624399999999982
0.23624399999999982
0.23624399999999982
0.23624399999999982
0.23624399999999982
0.23624399999999982
0.23624399999999982
0.23624399999999982
0.23624399999999982
0.23624399999999982
0.23624399999999982
0.23624399999999982
0.23624399999999982
0.23624399999999982
0.23624399999999982
0.23624399999999982
0.23624399999999982
0.23624399999999982
0.23624399999999982
0.23624399999999982
0.23624399999999982
0.23624399999999982
0.23624399999999982
0.23624399999999982
0.23624399999999982
0.23624399999999982
0.23624399999999982
0.23624399999999982
0.23624399999999982
0.23624399999999982
0.23624399999999982
0.23624399999999982
0.2416919999999999
0.2416919999999999
0.2416919999999999
0.2416919999999999
0.2416919999999999
0.2416919999999999
0.2416919999999999
0.2416919999999999
0.2416919999999999
0.2416919999999999
0.2416919999999999
0.2416919999999999
0.2416919999999999
0.2416919999999999
0.2416919999999999
0.2416919999999999
0.2416919999999999
0.2416919999999999
0.2416919999999999
0.2416919999999999
0.2416919999999999
0.2416919999999999
0.2416919999999999
0.2416919999999999
0.2416919999999999
0.2416919999999999
0.2416919999999999
0.2416919999999999
0.2416919999999999
0.2416919999999999
0.2416919999999999
0.2416919999999999
0.2416919999999999
0.2416919999999999
0.2416919999999999
0.2416919999999999
0.24199600000000004
0.24199600000000004
0.24199600000000004
0.242196
0.242196
0.242196
0.242196
0.242196
0.242196
0.242196
0.242196
0.242196
0.242196
0.242196
0.242196
0.242196
0.242196
0.242196
0.242196
0.242196
0.242196
0.242196
0.242196
0.2431119999999998
0.2431119999999998
0.2431119999999998
0.2431119999999998
0.2431119999999998
0.24470399999999978
0.24590800000000004
0.24590800000000004
0.24789600000000017
0.24789600000000017
0.24789600000000017
0.24789600000000017
0.24789600000000017
0.24789600000000017
0.24789600000000017
0.24789600000000017
0.24789600000000017
0.24789600000000017
0.24789600000000017
0.24789600000000017
0.24789600000000017
0.24789600000000017
0.24789600000000017
0.24789600000000017
0.24789600000000017
0.2517200000000003
0.2517200000000003
0.2517200000000003
0.2517200000000003
0.2517200000000003
0.2517200000000003
0.2517200000000003
0.2517200000000003
0.2517200000000003
0.25243199999999993
0.25243199999999993
0.25243199999999993
0.25243199999999993
0.25243199999999993
0.25243199999999993
0.25243199999999993
0.25243199999999993
0.2527159999999999
0.2527159999999999
0.2527159999999999
0.2527159999999999
0.2527159999999999
0.2527159999999999
0.2527159999999999
0.2527159999999999
0.25406
0.25406
0.25406
0.25406
0.25406
0.26004799999999995
0.26004799999999995
0.26004799999999995
0.26004799999999995
0.26004799999999995
0.26004799999999995
0.26004799999999995
0.26004799999999995
0.26004799999999995
0.26004799999999995
0.26004799999999995
0.26004799999999995
0.26004799999999995
0.26004799999999995
0.26004799999999995
0.2622879999999999
0.2622879999999999
0.2622879999999999
0.2622879999999999
0.2622879999999999
0.2622879999999999
0.2622879999999999
0.2622879999999999
0.2622879999999999
0.2622879999999999
0.2622879999999999
0.2622879999999999
0.2622879999999999
0.2622879999999999
0.2622879999999999
0.2622879999999999
0.2622879999999999
0.2622879999999999
0.2622879999999999
0.26471599999999995
0.26471599999999995
0.26471599999999995
0.26471599999999995
0.26471599999999995
0.26471599999999995
0.26471599999999995
0.26471599999999995
0.26471599999999995
0.26471599999999995
0.26471599999999995
0.26471599999999995
0.26471599999999995
0.26471599999999995
0.26471599999999995
0.26610799999999996
0.26610799999999996
0.26610799999999996
0.26610799999999996
0.26610799999999996
0.26610799999999996
0.26610799999999996
0.26610799999999996
0.267312
0.267312
0.267312
0.267312
0.267312
0.267312
0.267312
0.267312
0.267312
0.267312
0.267312
0.267312
0.267312
0.267312
0.267312
0.267312
0.267312
0.267312
0.267312
0.267312
0.267312
0.267312
0.267312
0.267312
0.267312
0.267312
0.267312
0.268412
0.268412
0.268412
0.268412
0.268412
0.268412
0.268412
0.268412
0.268412
0.268412
0.268412
0.268412
0.268412
0.268412
0.268412
0.2690479999999999
0.2729919999999997
0.2729919999999997
0.2729919999999997
0.2729919999999997
0.2729919999999997
0.2729919999999997
0.2729919999999997
0.2729919999999997
0.2729919999999997
0.2729919999999997
0.2729919999999997
0.2729919999999997
0.2729919999999997
0.2742999999999998
0.2742999999999998
0.2742999999999998
0.2742999999999998
0.2742999999999998
0.2742999999999998
0.2742999999999998
0.2742999999999998
0.2742999999999998
0.2753439999999998
0.2753439999999998
0.2753439999999998
0.2753439999999998
0.2753439999999998
0.2753439999999998
0.2753439999999998
0.2753439999999998
0.2753439999999998
0.2753439999999998
0.2753439999999998
0.2753439999999998
0.2753439999999998
0.2753439999999998
0.2753439999999998
0.2753439999999998
0.2753439999999998
0.2753439999999998
0.2753439999999998
0.28216799999999964
0.28216799999999964
0.28216799999999964
0.28216799999999964
0.28216799999999964
0.28216799999999964
0.28216799999999964
0.28216799999999964
0.2864279999999998
0.2864279999999998
0.2864279999999998
0.2864279999999998
0.2864279999999998
0.2864279999999998
0.2864279999999998
0.2864279999999998
0.2864279999999998
0.2864279999999998
0.2864279999999998
0.2864279999999998
0.2864279999999998
0.2864279999999998
0.2864279999999998
0.2864279999999998
0.2864279999999998
0.2864279999999998
0.2864279999999998
0.2864279999999998
0.2864279999999998
0.2864279999999998
0.2864279999999998
0.2864279999999998
0.2864279999999998
0.2864279999999998
0.2864279999999998
0.2864279999999998
0.2864279999999998
0.2864279999999998
0.2864279999999998
0.2864279999999998
0.2864279999999998
0.2864279999999998
0.2864279999999998
0.2864279999999998
0.2864279999999998
0.2864279999999998
0.2864279999999998
0.2864279999999998
0.2864279999999998
0.2864279999999998
0.2864279999999998
0.2864279999999998
0.2864279999999998
0.2864279999999998
0.2864279999999998
0.2864279999999998
0.2864279999999998
0.2864279999999998
0.2864279999999998
0.2864279999999998
0.2864279999999998
0.2864279999999998
0.2864279999999998
0.2864279999999998
0.2864279999999998
0.2864279999999998
0.2864279999999998
0.2864279999999998
0.2864279999999998
0.2864279999999998
0.2864279999999998
0.2864279999999998
0.2864279999999998
0.2864279999999998
0.2864279999999998
0.2864279999999998
0.2864279999999998
0.2864279999999998
0.2864279999999998
0.2864279999999998
0.2864279999999998
0.2864279999999998
0.2864279999999998
0.2864279999999998
0.2864279999999998
0.2864279999999998
0.2864279999999998
0.2864279999999998
0.2864279999999998
0.2864279999999998
0.2864279999999998
0.2864279999999998
0.2864279999999998
0.2864279999999998
0.2864279999999998
0.2864279999999998
0.2864279999999998
0.2864279999999998
0.2864279999999998
0.2864279999999998
0.2864279999999998
0.2864279999999998
0.2864279999999998
0.2864279999999998
0.2864279999999998
0.2864279999999998
0.2864279999999998
0.2864279999999998
0.2864279999999998
0.2864279999999998
0.2864279999999998
0.2864279999999998
0.2864279999999998
0.2864279999999998
0.2864279999999998
0.2864279999999998
0.2864279999999998
0.2864279999999998
0.2864279999999998
0.2864279999999998
0.2864279999999998
0.2864279999999998
0.2864279999999998
0.2864279999999998
0.2864279999999998
0.2864279999999998
0.2864279999999998
0.2864279999999998
0.2864279999999998
0.2864279999999998
0.2864279999999998
0.2864279999999998
0.2864279999999998
0.2864279999999998
0.2864279999999998
0.2864279999999998
0.2864279999999998
0.2864279999999998
0.2864279999999998
0.2864279999999998
0.2864279999999998
0.2864279999999998
0.2864279999999998
0.2864279999999998
0.2864279999999998
0.2864279999999998
0.2864279999999998
0.2864279999999998
0.2864279999999998
0.2864279999999998
0.2864279999999998
0.2864279999999998
0.2864279999999998
0.2864279999999998
0.2864279999999998
0.2864279999999998
0.2864279999999998
0.2864279999999998
0.2864279999999998
0.2864279999999998
0.2864279999999998
0.2864279999999998
0.2864279999999998
0.2864279999999998
0.2864279999999998
0.2864279999999998
0.2864279999999998
0.2864279999999998
0.2864279999999998
0.2864279999999998
0.2864279999999998
0.2864279999999998
0.2864279999999998
0.2864279999999998
0.2864279999999998
0.2864279999999998
0.2864279999999998
0.2864279999999998
0.2864279999999998
0.2864279999999998
0.2864279999999998
0.2864279999999998
0.2864279999999998
0.2864279999999998
0.2864279999999998
0.2864279999999998
0.2864279999999998
0.2864279999999998
0.2864279999999998
0.2864279999999998
0.2864279999999998
0.2864279999999998
0.2864279999999998
0.2864279999999998
0.2864279999999998
0.2864279999999998
0.2864279999999998
0.2864279999999998
0.2864279999999998
0.2864279999999998
0.2864279999999998
0.2864279999999998
0.2864279999999998
0.2864279999999998
0.2864279999999998
0.2864279999999998
0.2864279999999998
0.2864279999999998
0.2864279999999998
0.2864279999999998
0.2864279999999998
0.2864279999999998
0.2864279999999998
0.2864279999999998
0.2864279999999998
0.2864279999999998
0.2864279999999998
0.2882559999999999
0.2882559999999999
0.2882559999999999
0.2882559999999999
0.2882559999999999
0.2882559999999999
0.2882559999999999
0.2882559999999999
0.2882559999999999
0.2882559999999999
0.2882559999999999
0.2882559999999999
0.2882559999999999
0.2882559999999999
0.2882559999999999
0.2882559999999999
0.2882559999999999
0.2882559999999999
0.2882559999999999
0.2947119999999998
0.2947119999999998
0.2947119999999998
0.2947119999999998
0.2947119999999998
0.2947119999999998
0.2947119999999998
0.2947119999999998
0.2947119999999998
0.2947119999999998
0.2947119999999998
0.2947119999999998
0.2947119999999998
0.2947119999999998
0.2947119999999998
0.2947119999999998
0.2947119999999998
0.2947119999999998
0.2947119999999998
0.2947119999999998
0.2947119999999998
0.2947119999999998
0.2947119999999998
0.2947119999999998
0.2947119999999998
0.2947119999999998
0.2947119999999998
0.2947119999999998
0.2947119999999998
0.2947119999999998
0.2947119999999998
0.2947119999999998
0.2947119999999998
0.2947119999999998
0.2947119999999998
0.2947119999999998
0.2947119999999998
0.2947119999999998
0.2947119999999998
0.2947119999999998
0.2947119999999998
0.2947119999999998
0.2947119999999998
0.2947119999999998
0.2947119999999998
0.2947119999999998
0.2947119999999998
0.2947119999999998
0.2947119999999998
0.2947119999999998
0.2947119999999998
0.2947119999999998
0.2947119999999998
0.2947119999999998
0.2947119999999998
0.2947119999999998
0.2947119999999998
0.2947119999999998
0.2947119999999998
0.2947119999999998
0.2947119999999998
0.2947119999999998
0.2947119999999998
0.2947119999999998
0.2947119999999998
0.2947119999999998
0.2947119999999998
0.2947119999999998
0.2947119999999998
0.2947119999999998
0.2947119999999998
0.2947119999999998
0.2947119999999998
0.2947119999999998
0.2947119999999998
0.2947119999999998
0.2947119999999998
0.2947119999999998
0.2947119999999998
0.2947119999999998
0.2947119999999998
0.2947119999999998
0.2947119999999998
0.2947119999999998
0.2947119999999998
0.2947119999999998
0.2947119999999998
0.2947119999999998
0.2947119999999998
0.2947119999999998
0.2947119999999998
0.2947119999999998
0.2947119999999998
0.2947119999999998
0.2947119999999998
0.2947119999999998
0.2947119999999998
0.2947119999999998
0.2947119999999998
0.2947119999999998
0.2947119999999998
0.2947119999999998
0.2947119999999998
0.2947119999999998
0.2947119999999998
0.2947119999999998
0.2947119999999998
0.2947119999999998
0.2947119999999998
0.2947119999999998
0.2947119999999998
0.2947119999999998
0.2947119999999998
0.2947119999999998
0.2947119999999998
0.2947119999999998
0.2947119999999998
0.2947119999999998
0.2947119999999998
0.2947119999999998
0.2947119999999998
0.2947119999999998
0.2947119999999998
0.2947119999999998
0.2947119999999998
0.2947119999999998
0.2947119999999998
0.2947119999999998
0.2951159999999997
0.2951159999999997
0.2951159999999997
0.2951159999999997
0.2951159999999997
0.29639599999999966
0.297352
0.297352
0.297352
0.297352
0.297352
0.297352
0.297352
0.297352
0.297352
0.297352
0.297352
0.297352
0.297352
0.297352
0.297352
0.297352
0.297352
0.297352
0.297352
0.297352
0.297352
0.297352
0.297352
0.297352
0.297352
0.297352
0.297352
0.297352
0.297352
0.297352
0.297352
0.29851200000000006
0.29851200000000006
0.29851200000000006
0.29851200000000006
0.29851200000000006
0.29851200000000006
0.29851200000000006
0.29851200000000006
0.29851200000000006
0.29851200000000006
0.29851200000000006
0.29851200000000006
0.29851200000000006
0.29851200000000006
0.29851200000000006
0.29851200000000006
0.29851200000000006
0.29851200000000006
0.29851200000000006
0.29851200000000006
0.29851200000000006
0.29851200000000006
0.29851200000000006
0.29851200000000006
0.29851200000000006
0.29851200000000006
0.29851200000000006
0.29851200000000006
0.29851200000000006
0.29851200000000006
0.29851200000000006
0.29851200000000006
0.29851200000000006
0.29851200000000006
0.29851200000000006
0.29851200000000006
0.29851200000000006
0.29851200000000006
0.29851200000000006
0.29851200000000006
0.29851200000000006
0.29851200000000006
0.29851200000000006
0.29851200000000006
0.29851200000000006
0.29851200000000006
0.29851200000000006
0.29851200000000006
0.29851200000000006
0.29851200000000006
0.29851200000000006
0.29851200000000006
0.29851200000000006
0.29851200000000006
0.29851200000000006
0.29851200000000006
0.29851200000000006
0.29851200000000006
0.29851200000000006
0.29851200000000006
0.29851200000000006
0.29851200000000006
0.29851200000000006
0.29851200000000006
0.29851200000000006
0.29853199999999996
0.29853199999999996
0.29853199999999996
0.29853199999999996
0.29853199999999996
0.29853199999999996
0.29853199999999996
0.29853199999999996
0.29853199999999996
0.29853199999999996
0.29853199999999996
0.29853199999999996
0.29853199999999996
0.29853199999999996
0.29853199999999996
0.29853199999999996
0.29853199999999996
0.29853199999999996
0.29853199999999996
0.29853199999999996
0.29853199999999996
0.29853199999999996
0.29853199999999996
0.29853199999999996
0.29853199999999996
0.29853199999999996
0.29853199999999996
0.29853199999999996
0.29853199999999996
0.30556399999999984
0.30556399999999984
0.30556399999999984
0.30556399999999984
0.30556399999999984
0.30556399999999984
0.30556399999999984
0.30556399999999984
0.30556399999999984
0.30556399999999984
0.30556399999999984
0.30556399999999984
0.30556399999999984
0.30556399999999984
0.30556399999999984
0.30556399999999984
0.30556399999999984
0.30588399999999977
0.30588399999999977
0.30588399999999977
0.30588399999999977
0.30588399999999977
0.30588399999999977
0.30588399999999977
0.30588399999999977
0.30588399999999977
0.30588399999999977
0.30588399999999977
0.30588399999999977
0.30588399999999977
0.30588399999999977
0.30588399999999977
0.30588399999999977
0.308472
0.308472
0.308472
0.308472
0.308472
0.308472
0.308472
0.308472
0.308472
0.308472
0.308472
0.308472
0.308472
0.308472
0.308472
0.308472
0.308472
0.308472
0.308472
0.308472
0.308472
0.308472
0.308472
0.308472
0.308472
0.308472
0.308472
0.308472
0.308472
0.308472
0.308472
0.308472
0.308472
0.308472
0.308472
0.308472
0.308472
0.308472
0.308472
0.308472
0.308472
0.308472
0.308472
0.308472
0.308472
0.308472
0.308472
0.308472
0.3092
0.3092
0.3092
0.3092
0.3092
0.3092
0.3092
0.3092
0.3092
0.3092
0.3092
0.3092
0.3092
0.3092
0.3092
0.3092
0.3129319999999998
0.3129319999999998
0.3129319999999998
0.3129319999999998
0.3129319999999998
0.3129319999999998
0.3129319999999998
0.3129319999999998
0.3129319999999998
0.3129319999999998
0.31298799999999993
0.31298799999999993
0.31298799999999993
0.31298799999999993
0.31298799999999993
0.31298799999999993
0.31298799999999993
0.31298799999999993
0.31298799999999993
0.31298799999999993
0.31298799999999993
0.31298799999999993
0.31298799999999993
0.31298799999999993
0.31298799999999993
0.31298799999999993
0.31298799999999993
0.31298799999999993
0.31298799999999993
0.31298799999999993
0.31298799999999993
0.31298799999999993
0.31298799999999993
0.31298799999999993
0.31298799999999993
0.31298799999999993
0.31298799999999993
0.31298799999999993
0.31298799999999993
0.31298799999999993
0.31298799999999993
0.31298799999999993
0.31298799999999993
0.31298799999999993
0.31298799999999993
0.31298799999999993
0.31298799999999993
0.3151479999999998
0.3151479999999998
0.3151479999999998
0.3151479999999998
0.3151479999999998
0.3151479999999998
0.3151479999999998
0.3151479999999998
0.3151479999999998
0.3151479999999998
0.3151479999999998
0.3151479999999998
0.3151479999999998
0.3151479999999998
0.3151479999999998
0.3151479999999998
0.3166919999999999
0.3166919999999999
0.3166919999999999
0.3166919999999999
0.3166919999999999
0.3166919999999999
0.3166919999999999
0.31917599999999985
0.31917599999999985
0.31917599999999985
0.31917599999999985
0.31917599999999985
0.31917599999999985
0.31917599999999985
0.31917599999999985
0.31917599999999985
0.31917599999999985
0.31917599999999985
0.31917599999999985
0.31917599999999985
0.31917599999999985
0.31917599999999985
0.31917599999999985
0.31917599999999985
0.31917599999999985
0.31917599999999985
0.31917599999999985
0.31917599999999985
0.31917599999999985
0.31917599999999985
0.31917599999999985
0.31917599999999985
0.31917599999999985
0.31917599999999985
0.31917599999999985
0.31917599999999985
0.31917599999999985
0.31917599999999985
0.31917599999999985
0.31917599999999985
0.31917599999999985
0.31917599999999985
0.31917599999999985
0.31917599999999985
0.31917599999999985
0.31917599999999985
0.31917599999999985
0.31917599999999985
0.31917599999999985
0.31917599999999985
0.31917599999999985
0.31917599999999985
0.31917599999999985
0.31917599999999985
0.31917599999999985
0.31917599999999985
0.31917599999999985
0.31917599999999985
0.31917599999999985
0.31917599999999985
0.31917599999999985
0.31917599999999985
0.31917599999999985
0.31917599999999985
0.31917599999999985
0.31917599999999985
0.31917599999999985
0.31917599999999985
0.31917599999999985
0.31917599999999985
0.31917599999999985
0.31917599999999985
0.31917599999999985
0.31917599999999985
0.31917599999999985
0.31917599999999985
0.31917599999999985
0.31917599999999985
0.31917599999999985
0.31917599999999985
0.31917599999999985
0.31917599999999985
0.31917599999999985
0.3195679999999998
0.3195679999999998
0.3195679999999998
0.3195679999999998
0.3195679999999998
0.3195679999999998
0.3195679999999998
0.32056399999999974
0.32056399999999974
0.32056399999999974
0.32056399999999974
0.32056399999999974
0.32056399999999974
0.32056399999999974
0.32056399999999974
0.32056399999999974
0.32056399999999974
0.32056399999999974
0.32056399999999974
0.32056399999999974
0.32056399999999974
0.32056399999999974
0.32106399999999996
0.32106399999999996
0.32106399999999996
0.32106399999999996
0.32106399999999996
0.32106399999999996
0.32106399999999996
0.32106399999999996
0.32106399999999996
0.32106399999999996
0.32106399999999996
0.32106399999999996
0.32106399999999996
0.32106399999999996
0.32106399999999996
0.32106399999999996
0.32106399999999996
0.32106399999999996
0.32106399999999996
0.32106399999999996
0.32106399999999996
0.32176400000000005
0.321904
0.321904
0.321904
0.321904
0.321904
0.321904
0.321904
0.321904
0.321904
0.321904
0.321904
0.321904
0.321904
0.321904
0.321904
0.321904
0.321904
0.321904
0.3244039999999997
0.3244039999999997
0.3244039999999997
0.3244039999999997
0.3244039999999997
0.3244039999999997
0.3244039999999997
0.3244039999999997
0.3244039999999997
0.3244039999999997
0.3244039999999997
0.3244039999999997
0.3244039999999997
0.3244039999999997
0.3244039999999997
0.3244039999999997
0.3244039999999997
0.3244039999999997
0.3244039999999997
0.3244039999999997
0.3244039999999997
0.3244039999999997
0.3244039999999997
0.3244039999999997
0.3244039999999997
0.3244039999999997
0.3244039999999997
0.3244039999999997
0.3244039999999997
0.3244039999999997
0.3244039999999997
0.3244039999999997
0.3244039999999997
0.3244039999999997
0.3244039999999997
0.3244039999999997
0.3244039999999997
0.3244039999999997
0.3244039999999997
0.3244039999999997
0.3244039999999997
0.3244039999999997
0.3244039999999997
0.3244039999999997
0.3244039999999997
0.3244039999999997
0.3244039999999997
0.3244039999999997
0.3244039999999997
0.3244039999999997
0.3244039999999997
0.3244039999999997
0.3244039999999997
0.3244039999999997
0.3244039999999997
0.3244039999999997
0.3244039999999997
0.3244039999999997
0.3244039999999997
0.3244039999999997
0.3244039999999997
0.3244039999999997
0.3244039999999997
0.3244039999999997
0.3244039999999997
0.3244039999999997
0.3244039999999997
0.3244039999999997
0.3244039999999997
0.3244039999999997
0.3244039999999997
0.3244039999999997
0.3244039999999997
0.3244039999999997
0.3244039999999997
0.3244039999999997
0.3244039999999997
0.3244039999999997
0.3244039999999997
0.3244039999999997
0.3244039999999997
0.3244039999999997
0.3244039999999997
0.3244039999999997
0.3244039999999997
0.3244039999999997
0.3244039999999997
0.3244039999999997
0.3244039999999997
0.3244039999999997
0.3244039999999997
0.3244039999999997
0.3244039999999997
0.3244039999999997
0.3244039999999997
0.3244039999999997
0.3244039999999997
0.3244039999999997
0.3244039999999997
0.3244039999999997
0.3244039999999997
0.3244039999999997
0.3244039999999997
0.3244039999999997
0.3244039999999997
0.3244039999999997
0.3244039999999997
0.3244039999999997
0.3244039999999997
0.3244039999999997
0.3244039999999997
0.3244039999999997
0.3244039999999997
0.3244039999999997
0.3244039999999997
0.3244039999999997
0.3244039999999997
0.3244039999999997
0.33013199999999954
0.33013199999999954
0.33013199999999954
0.33013199999999954
0.33013199999999954
0.33013199999999954
0.33013199999999954
0.33013199999999954
0.33013199999999954
0.33013199999999954
0.33013199999999954
0.33013199999999954
0.33013199999999954
0.33013199999999954
0.33013199999999954
0.33013199999999954
0.33013199999999954
0.33013199999999954
0.33013199999999954
0.33013199999999954
0.33013199999999954
0.33013199999999954
0.33013199999999954
0.33013199999999954
0.33013199999999954
0.33013199999999954
0.33013199999999954
0.33013199999999954
0.33013199999999954
0.33013199999999954
0.33013199999999954
0.33013199999999954
0.33013199999999954
0.33013199999999954
0.33013199999999954
0.33013199999999954
0.33013199999999954
0.33013199999999954
0.33013199999999954
0.33013199999999954
0.33013199999999954
0.33013199999999954
0.33013199999999954
0.33013199999999954
0.33013199999999954
0.33013199999999954
0.33013199999999954
0.33013199999999954
0.33013199999999954
0.33013199999999954
0.33013199999999954
0.33013199999999954
0.33013199999999954
0.33013199999999954
0.33013199999999954
0.33013199999999954
0.33013199999999954
0.33013199999999954
0.33013199999999954
0.33013199999999954
0.33013199999999954
0.33013199999999954
0.33013199999999954
0.33013199999999954
0.33013199999999954
0.33013199999999954
0.33013199999999954
0.33013199999999954
0.33013199999999954
0.33013199999999954
0.33013199999999954
0.33013199999999954
0.33013199999999954
0.33013199999999954
0.33013199999999954
0.33013199999999954
0.33013199999999954
0.33013199999999954
0.33013199999999954
0.33013199999999954
0.33013199999999954
0.33013199999999954
0.33013199999999954
0.33013199999999954
0.33013199999999954
0.33013199999999954
0.33013199999999954
0.33013199999999954
0.33013199999999954
0.33013199999999954
0.33013199999999954
0.33013199999999954
0.33013199999999954
0.33013199999999954
0.33013199999999954
0.33013199999999954
0.33013199999999954
0.33013199999999954
0.33013199999999954
0.33013199999999954
0.33013199999999954
0.33013199999999954
0.33013199999999954
0.33013199999999954
0.33013199999999954
0.33013199999999954
0.33013199999999954
0.33013199999999954
0.33013199999999954
0.33013199999999954
0.33013199999999954
0.33013199999999954
0.33013199999999954
0.33013199999999954
0.33013199999999954
0.33013199999999954
0.33013199999999954
0.33013199999999954
0.33013199999999954
0.33013199999999954
0.33013199999999954
0.33013199999999954
0.33013199999999954
0.33013199999999954
0.33013199999999954
0.33013199999999954
0.33013199999999954
0.33013199999999954
0.33013199999999954
0.33013199999999954
0.33013199999999954
0.33013199999999954
0.33013199999999954
0.33013199999999954
0.33013199999999954
0.33013199999999954
0.33013199999999954
0.33013199999999954
0.33013199999999954
0.33013199999999954
0.33013199999999954
0.33013199999999954
0.33013199999999954
0.33013199999999954
0.33013199999999954
0.33013199999999954
0.33013199999999954
0.33013199999999954
0.33013199999999954
0.33013199999999954
0.33013199999999954
0.33013199999999954
0.33013199999999954
0.33013199999999954
0.33013199999999954
0.33013199999999954
0.33013199999999954
0.33013199999999954
0.33013199999999954
0.33013199999999954
0.33013199999999954
0.33013199999999954
0.33013199999999954
0.33013199999999954
0.33013199999999954
0.33013199999999954
0.33013199999999954
0.33013199999999954
0.33013199999999954
0.33013199999999954
0.33013199999999954
0.33013199999999954
0.33013199999999954
0.33013199999999954
0.33013199999999954
0.33013199999999954
0.33013199999999954
0.33013199999999954
0.33013199999999954
0.33013199999999954
0.33013199999999954
0.33013199999999954
0.33013199999999954
0.33013199999999954
0.33013199999999954
0.33013199999999954
0.33013199999999954
0.33013199999999954
0.33013199999999954
0.33013199999999954
0.33013199999999954
0.33013199999999954
0.33013199999999954
0.33013199999999954
0.33013199999999954
0.33013199999999954
0.33013199999999954
0.33013199999999954
0.33013199999999954
0.33013199999999954
0.33013199999999954
0.33013199999999954
0.33013199999999954
0.33013199999999954
0.33013199999999954
0.33013199999999954
0.33013199999999954
0.33013199999999954
0.33013199999999954
0.33013199999999954
0.33013199999999954
0.33013199999999954
0.33013199999999954
0.33013199999999954
0.33013199999999954
0.33013199999999954
0.33013199999999954
0.33013199999999954
0.33013199999999954
0.33013199999999954
0.33013199999999954
0.33013199999999954
0.33013199999999954
0.33013199999999954
0.33013199999999954
0.33013199999999954
0.33013199999999954
0.33013199999999954
0.33013199999999954
0.33013199999999954
0.33013199999999954
0.33013199999999954
0.33013199999999954
0.33013199999999954
0.33013199999999954
0.33013199999999954
0.33013199999999954
0.33013199999999954
0.33013199999999954
0.33013199999999954
0.33013199999999954
0.33013199999999954
0.33013199999999954
0.33013199999999954
0.33013199999999954
0.33013199999999954
0.33013199999999954
0.33013199999999954
0.33013199999999954
0.33013199999999954
0.33013199999999954
0.33013199999999954
0.33013199999999954
0.33013199999999954
0.33013199999999954
0.33013199999999954
0.33013199999999954
0.33013199999999954
0.33013199999999954
0.33013199999999954
0.33013199999999954
0.33013199999999954
0.33013199999999954
0.33013199999999954
0.33013199999999954
0.33013199999999954
0.33013199999999954
0.33013199999999954
0.33013199999999954
0.33013199999999954
0.33013199999999954
0.33013199999999954
0.33013199999999954
0.33013199999999954
0.33013199999999954
0.33013199999999954
0.33013199999999954
0.33013199999999954
0.33013199999999954
0.33013199999999954
0.33013199999999954
0.33013199999999954
0.33013199999999954
0.33013199999999954
0.33013199999999954
0.33013199999999954
0.33013199999999954
0.33013199999999954
0.33013199999999954
0.33013199999999954
0.33013199999999954
0.33013199999999954
0.33013199999999954
0.33013199999999954
0.33013199999999954
0.33013199999999954
0.33013199999999954
0.33013199999999954
0.33013199999999954
0.33013199999999954
0.33013199999999954
0.33013199999999954
0.33013199999999954
0.33013199999999954
0.33013199999999954
0.33013199999999954
0.33013199999999954
0.33013199999999954
0.33013199999999954
0.33013199999999954
0.33013199999999954
0.33013199999999954
0.33013199999999954
0.33013199999999954
0.33013199999999954
0.33013199999999954
0.33013199999999954
0.33013199999999954
0.33013199999999954
0.33013199999999954
0.33013199999999954
0.33013199999999954
0.33013199999999954
0.33013199999999954
0.33013199999999954
0.33013199999999954
0.33013199999999954
0.33013199999999954
0.33013199999999954
0.33013199999999954
0.33013199999999954
0.33013199999999954
0.33013199999999954
0.33013199999999954
0.33013199999999954
0.33013199999999954
0.33013199999999954
0.33217999999999953
0.33217999999999953
0.33217999999999953
0.33217999999999953
0.33217999999999953
0.33217999999999953
0.33217999999999953
0.33217999999999953
0.33217999999999953
0.33217999999999953
0.33217999999999953
0.33217999999999953
0.33217999999999953
0.33217999999999953
0.33217999999999953
0.33217999999999953
0.33217999999999953
0.33217999999999953
0.33217999999999953
0.33217999999999953
0.33217999999999953
0.33217999999999953
0.33217999999999953
0.33217999999999953
0.33217999999999953
0.33217999999999953
0.33217999999999953
0.33217999999999953
0.33217999999999953
0.33217999999999953
0.33217999999999953
0.33217999999999953
0.33217999999999953
0.33217999999999953
0.33217999999999953
0.33217999999999953
0.33217999999999953
0.33217999999999953
0.33217999999999953
0.33217999999999953
0.33217999999999953
0.33217999999999953
0.33217999999999953
0.33217999999999953
0.33217999999999953
0.33217999999999953
0.33217999999999953
0.33217999999999953
0.33217999999999953
0.33217999999999953
0.33217999999999953
0.33217999999999953
0.33217999999999953
0.33217999999999953
0.33217999999999953
0.33217999999999953
0.33217999999999953
0.33217999999999953
0.33217999999999953
0.33217999999999953
0.33217999999999953
0.33217999999999953
0.33217999999999953
0.33217999999999953
0.33217999999999953
0.33217999999999953
0.33217999999999953
0.33217999999999953
0.33217999999999953
0.33217999999999953
0.33217999999999953
0.33217999999999953
0.33217999999999953
0.33217999999999953
0.33217999999999953
0.33217999999999953
0.33217999999999953
0.33217999999999953
0.33217999999999953
0.33217999999999953
0.33217999999999953
0.33217999999999953
0.33217999999999953
0.33217999999999953
0.33217999999999953
0.33217999999999953
0.33217999999999953
0.33217999999999953
0.33217999999999953
0.33217999999999953
0.33217999999999953
0.33217999999999953
0.33217999999999953
0.33217999999999953
0.33217999999999953
0.33217999999999953
0.33217999999999953
0.33217999999999953
0.33217999999999953
0.33217999999999953
0.33217999999999953
0.33217999999999953
0.33217999999999953
0.33217999999999953
0.33217999999999953
0.33217999999999953
0.33217999999999953
0.33217999999999953
0.33217999999999953
0.33217999999999953
0.33217999999999953
0.33217999999999953
0.33217999999999953
0.33217999999999953
0.33217999999999953
0.33217999999999953
0.33217999999999953
0.33217999999999953
0.33217999999999953
0.33217999999999953
0.33217999999999953
0.33217999999999953
0.33217999999999953
0.33217999999999953
0.33217999999999953
0.33217999999999953
0.33217999999999953
0.33217999999999953
0.33217999999999953
0.33217999999999953
0.33217999999999953
0.33217999999999953
0.33217999999999953
0.33217999999999953
0.33217999999999953
0.33217999999999953
0.33217999999999953
0.33217999999999953
0.33217999999999953
0.33217999999999953
0.33217999999999953
0.33217999999999953
0.33217999999999953
0.33217999999999953
0.33217999999999953
0.33217999999999953
0.33217999999999953
0.33217999999999953
0.33217999999999953
0.33217999999999953
0.33217999999999953
0.33217999999999953
0.33217999999999953
0.33217999999999953
0.33217999999999953
0.33217999999999953
0.33217999999999953
0.33217999999999953
0.33217999999999953
0.33217999999999953
