-0.028463999999999986
-0.003039999999999995
0.021984000000000028
0.039083999999999966
0.04702399999999994
0.05793600000000006
0.062624
0.06485199999999999
0.07600799999999996
0.07987999999999995
0.08273199999999997
0.08905199999999992
0.09421599999999988
0.09110799999999995
0.09291199999999998
0.09862800000000001
0.090164
0.104648
0.09473199999999998
0.10421200000000001
0.10926000000000001
0.11079599999999991
0.10830799999999997
0.11397999999999993
0.11172399999999993
0.10713199999999988
0.12157999999999995
0.11549599999999992
0.12291999999999992
0.12085599999999998
0.12353199999999988
0.12644
0.121804
0.10905599999999988
0.13032799999999997
0.11015199999999989
0.1206799999999999
0.12077600000000002
0.12708799999999998
0.12853199999999984
0.135448
0.126916
0.12682799999999994
0.1265159999999999
0.13029599999999997
0.13516000000000014
0.13179200000000008
0.12634799999999996
0.1283879999999999
0.13204399999999997
0.13157199999999997
0.13149599999999995
0.1326759999999999
0.13552800000000012
0.13950800000000002
0.14231200000000016
0.14463600000000007
0.14381999999999998
0.14422800000000008
0.14507600000000004
0.14831200000000003
0.14342
0.14712399999999992
0.1431560000000001
0.1438479999999999
0.14705200000000002
0.14772799999999994
0.1431559999999999
0.15468000000000004
0.15060000000000007
0.15191200000000002
0.15324000000000004
0.14562000000000008
0.1522960000000001
0.149228
0.15110799999999996
0.15972800000000006
0.1553880000000001
0.153916
0.15142800000000015
0.15856800000000007
0.15671999999999997
0.1510960000000001
0.1531560000000001
0.15824800000000006
0.16380000000000017
0.16415200000000008
0.16146000000000021
0.1624280000000001
0.16323200000000024
0.1659520000000001
0.16178400000000007
0.162532
0.16726800000000008
0.1612440000000001
0.16266000000000005
0.16640400000000002
0.1606160000000001
0.16622000000000015
0.16224400000000005
0.16966400000000006
0.1709160000000001
0.17120400000000008
0.1648000000000001
0.16565600000000016
0.16896400000000011
0.17276000000000016
0.1681240000000001
0.17018400000000014
0.1719120000000002
0.15936800000000015
0.1702040000000001
0.17298800000000006
0.1723440000000002
0.16389200000000007
0.1696040000000002
0.16743600000000003
0.17630800000000016
0.1747840000000001
0.17548000000000016
0.16890800000000006
0.1723440000000001
0.176648
0.1760400000000002
0.16975200000000015
0.17610400000000012
0.17178400000000016
0.17266800000000015
0.17256000000000013
0.17734000000000014
0.1750040000000002
0.16887600000000005
0.17592000000000013
0.17523999999999998
0.17324400000000012
0.17703600000000014
0.17063999999999993
0.17700000000000016
0.1769600000000002
0.17231200000000016
0.16919200000000006
0.17709599999999995
0.17262800000000011
0.168968
0.17418000000000003
0.1694520000000002
0.17810400000000007
0.17168000000000017
0.1751720000000001
0.17444
0.16894800000000007
0.1716320000000002
0.17587200000000003
0.17591200000000012
0.17676800000000015
0.17468400000000017
0.1792680000000001
0.17455200000000007
0.17861200000000022
0.1738640000000001
0.17962800000000012
0.18073999999999993
0.18040400000000018
0.17406000000000016
0.18025600000000017
0.1748960000000001
0.18032400000000007
0.1765960000000001
0.17862400000000012
0.18051200000000012
0.18062400000000017
0.17742800000000009
0.1783280000000002
0.1798360000000002
0.18166000000000015
0.18215200000000015
0.1814000000000002
0.17324800000000015
0.18011600000000016
0.17487600000000014
0.17839200000000013
0.18010800000000018
0.17801200000000017
0.17317600000000022
0.1791520000000001
0.17508400000000018
0.17987600000000012
0.1730120000000001
0.1787520000000002
0.17592800000000017
0.181032
0.1847360000000001
0.18122400000000008
0.17678000000000016
0.17194000000000026
0.17920000000000008
0.18444400000000014
0.1767640000000002
0.17730400000000013
0.18752800000000014
0.17389200000000016
0.18046400000000018
0.18314000000000008
0.18316800000000003
0.18482800000000008
0.18588800000000014
0.18263200000000024
0.17982000000000015
0.18242000000000017
0.18520400000000029
0.18038800000000016
0.18302400000000013
0.1833240000000002
0.18544400000000022
0.18514400000000023
0.18688800000000005
0.18590800000000018
0.1851400000000002
0.18808000000000016
0.18233200000000022
0.18673600000000018
0.18789200000000025
0.18542800000000026
0.1884280000000002
0.1863640000000003
0.18522800000000028
0.1875280000000002
0.18629600000000024
0.18113600000000024
0.18785200000000019
0.1840800000000002
0.1870480000000001
0.19322800000000026
0.18812800000000024
0.19108000000000008
0.19174800000000014
0.1912080000000002
0.1945160000000002
0.19414400000000023
0.19232800000000028
0.19655200000000028
0.19315600000000022
0.19816400000000015
0.19140400000000016
0.19264400000000026
0.19089200000000023
0.19199200000000027
0.19345600000000013
0.18751200000000018
0.19760800000000017
0.19170000000000015
0.19043600000000024
0.19096800000000014
0.19440800000000022
0.19215600000000005
0.19325200000000028
0.18602400000000022
0.18618800000000016
0.19622000000000012
0.19400800000000018
0.19638000000000017
0.19134000000000012
0.1914320000000001
0.19238800000000011
0.19226000000000024
0.1889640000000003
0.1915080000000001
0.18589200000000008
0.19367200000000023
0.19718400000000014
0.18815600000000013
0.19322800000000018
0.18217200000000008
0.19392800000000024
0.19362000000000015
0.1916880000000001
0.19651200000000021
0.1930440000000002
0.1913280000000002
0.1943800000000001
0.18845600000000004
0.19152800000000017
0.18493600000000018
0.18540800000000018
0.1889600000000002
0.19381600000000027
0.19232400000000008
0.19746000000000022
0.19574000000000022
0.19292800000000027
0.19158800000000015
0.1922480000000002
0.18838800000000028
0.19372800000000026
0.19200400000000015
0.19253600000000015
0.19453600000000007
0.19693200000000016
0.2007080000000001
0.19587200000000024
0.19642000000000018
0.1960960000000001
0.19460000000000005
0.19196000000000024
0.19664800000000013
0.19769600000000012
0.18718800000000013
0.20016400000000026
0.19469200000000023
0.19721600000000003
0.19165600000000016
0.2017720000000001
0.19114000000000012
0.2012920000000001
0.20370000000000013
0.1987560000000001
0.19679600000000014
0.20085200000000014
0.2053400000000002
0.19995200000000007
0.19591600000000006
0.19875200000000012
0.19396400000000014
0.19613200000000008
0.19896800000000026
0.1988480000000001
0.19723600000000002
0.1924200000000001
0.1947680000000001
0.20044400000000007
0.19800400000000007
0.20270400000000008
0.19903200000000007
0.1962760000000001
0.19653600000000002
0.1977800000000001
0.20000800000000013
0.19444800000000012
0.19414800000000026
0.19727600000000006
0.20162000000000002
0.20422400000000007
0.1987040000000002
0.19468800000000003
0.19702000000000014
0.18785600000000005
0.20206000000000013
0.19962800000000017
0.2063840000000001
0.20021200000000014
0.20027200000000023
0.202052
0.2045360000000002
0.20335600000000018
0.20625600000000008
0.2026000000000003
0.20215600000000028
0.19998800000000028
0.2044800000000002
0.19925600000000016
0.2014000000000001
0.20461200000000015
0.20136400000000007
0.20200000000000023
0.19841600000000026
0.20354400000000017
0.20700000000000018
0.2021960000000001
0.2017080000000001
0.20500400000000019
0.20374400000000037
0.20734800000000006
0.20299200000000026
0.20634000000000013
0.20816800000000008
0.20702000000000026
0.20654800000000018
0.20527200000000015
0.20317600000000022
0.20820000000000005
0.20838400000000024
0.2072320000000001
0.20325200000000013
0.20518400000000006
0.20020800000000016
0.20415600000000014
0.2040800000000001
0.20098000000000021
0.19226800000000036
0.20510400000000012
0.20253200000000024
0.20256400000000013
0.2011800000000003
0.2080280000000001
0.19702000000000006
0.20150800000000016
0.20073600000000028
0.20948400000000011
0.19769600000000015
0.2029720000000003
0.20474800000000026
0.20777600000000007
0.20528800000000014
0.20933599999999997
0.20692000000000013
0.20533199999999996
0.2075880000000001
0.20756800000000009
0.20750399999999994
0.20442799999999992
0.20138000000000014
0.2025120000000001
0.20945200000000005
0.20520000000000013
0.20677200000000015
0.21273199999999998
0.2065680000000001
0.21173600000000006
0.20778399999999997
0.20132400000000017
0.20522000000000015
0.2058960000000001
0.19956400000000016
0.20667600000000003
0.20678800000000006
0.20649200000000006
0.19860800000000012
0.2040080000000001
0.1992920000000001
0.2085800000000001
0.20516000000000012
0.21078000000000002
0.20922400000000008
0.20668800000000015
0.20662399999999992
0.2120599999999999
0.20328800000000002
0.20644
0.20571599999999998
0.21535599999999994
0.2039760000000001
0.21445599999999995
0.20768400000000006
0.21352799999999994
0.214144
0.2134320000000001
0.21143199999999993
0.21602800000000005
0.21402799999999989
0.20939599999999986
0.20328800000000002
0.21715999999999971
0.21210000000000023
0.21589599999999992
0.21425599999999986
0.2140839999999999
0.2179519999999998
0.21644399999999991
0.21919599999999972
0.2099679999999999
0.21944399999999983
0.21963999999999984
0.21299999999999997
0.21499199999999996
0.21395199999999986
0.2110559999999999
0.2211079999999998
0.2274879999999999
0.21803999999999973
0.21656799999999993
0.212732
0.2223559999999998
0.21499999999999986
0.2207559999999998
0.22486399999999968
0.2210319999999997
0.22457599999999994
0.21331999999999998
0.22526799999999986
0.22254399999999977
0.21486
0.2251119999999999
0.2183679999999998
0.2146159999999999
0.21282799999999996
0.21343999999999996
0.2185159999999999
0.2209679999999999
0.212116
0.21972399999999984
0.21833599999999986
0.218412
0.22425599999999998
0.2243799999999998
0.21235600000000004
0.224552
0.21991199999999994
0.21736399999999995
0.21794000000000002
0.2246319999999999
0.22167599999999998
0.2150319999999999
0.2222239999999999
0.2190159999999999
0.22379999999999994
0.22667999999999983
0.22288799999999998
0.22328399999999984
0.2274719999999999
0.2294359999999999
0.22488799999999992
0.22727599999999976
0.22706399999999977
0.2288559999999999
0.22597599999999993
0.22696399999999986
0.227292
0.22629199999999977
0.22724799999999995
0.22651599999999986
0.22852399999999998
0.23075600000000018
0.232208
0.219928
0.2215519999999998
0.22121600000000002
0.23062399999999997
0.2248800000000002
0.2296
0.21747199999999997
0.22587600000000008
0.22924399999999986
0.23166399999999995
0.2146840000000001
0.23282399999999984
0.22791999999999976
0.225768
0.22374799999999972
0.2226639999999999
0.2278559999999999
0.22954799999999992
0.22223999999999977
0.2272359999999999
0.22922799999999985
0.22830399999999973
0.23080799999999996
0.2275359999999998
0.2275679999999998
0.22425999999999985
0.2270279999999997
0.22703200000000007
0.23180399999999995
0.22879599999999983
0.223544
0.2281279999999999
0.22413599999999992
0.23411999999999974
0.2259759999999998
0.23002399999999984
0.22465199999999996
0.23304799999999987
0.23365199999999986
0.22542799999999993
0.23077199999999992
0.2302479999999998
0.23529199999999986
0.22903999999999983
0.23259199999999988
0.22930799999999976
0.23444799999999988
0.2347479999999999
0.2351759999999997
0.23118799999999987
0.22835999999999995
0.2329199999999998
0.23135599999999987
0.22939999999999977
0.23212799999999983
0.22978399999999982
0.22933199999999992
0.2296439999999999
0.23535599999999998
0.23027999999999993
0.22883199999999979
0.23063999999999987
0.22966399999999995
0.23018799999999978
0.2365119999999999
0.23117199999999988
0.2339119999999999
0.23093599999999992
0.2328879999999997
0.2267839999999998
0.23782799999999998
0.23089200000000001
0.23167599999999983
0.22739199999999987
0.23209999999999992
0.2252159999999998
0.23246399999999984
0.22842399999999988
0.23549999999999988
0.23827599999999993
0.23369599999999988
0.2304599999999999
0.23407599999999992
0.23646399999999998
0.23797999999999997
0.23333999999999977
0.23122799999999993
0.22925199999999982
0.23561199999999977
0.2287719999999998
0.23295199999999971
0.23917599999999994
0.23861600000000002
0.23124799999999981
0.23642799999999997
0.23286799999999994
0.23856799999999997
0.23654399999999995
0.23734399999999992
0.23490400000000003
0.22390799999999994
0.23479200000000006
0.23849199999999993
0.2391639999999999
0.2376
0.23380399999999987
0.2355119999999998
0.2356079999999999
0.23485599999999981
0.239404
0.23837199999999997
0.23984799999999992
0.23571599999999984
0.23632799999999984
0.233832
0.24091999999999994
0.23471200000000003
0.24053999999999987
0.23496399999999984
0.2328599999999999
0.23885200000000004
0.2329119999999999
0.2396999999999999
0.23231599999999988
0.23648399999999992
0.23635999999999976
0.24416
0.23146
0.23788399999999996
0.22792399999999993
0.23763600000000001
0.24294799999999997
0.23848799999999984
0.23951199999999973
0.24132799999999974
0.23857999999999965
0.2450599999999998
0.23854799999999982
0.24693599999999996
0.2379239999999998
0.23972
0.23757999999999985
0.23674799999999988
0.24307599999999985
0.2469119999999999
0.24279199999999995
0.2383199999999999
0.24037999999999987
0.24277199999999993
0.24350399999999994
0.2456239999999998
0.24102399999999985
0.24374799999999983
0.238056
0.24114399999999997
0.24127999999999974
0.2391559999999999
0.23889599999999991
0.24324400000000002
0.24356399999999997
0.23976799999999981
0.23896799999999993
0.2388159999999999
0.24255199999999985
0.23826399999999984
0.2396559999999999
0.23421999999999993
0.23710399999999981
0.23509599999999992
0.24095599999999986
0.24583999999999998
0.24003999999999998
0.2382559999999998
0.23902799999999985
0.2380719999999998
0.2409799999999997
0.24128399999999997
0.23963599999999996
0.23770399999999992
0.23759999999999987
0.2371439999999999
0.23934799999999992
0.24370799999999998
0.24232799999999988
0.23401999999999984
0.23752799999999993
0.24016799999999994
0.24463999999999983
0.239416
0.24060400000000004
0.24268799999999988
0.2416079999999999
0.23954799999999976
0.23812799999999992
0.23779199999999986
0.24073199999999992
0.23657200000000003
0.23695999999999995
0.24252399999999993
0.23485599999999998
0.23123999999999992
0.24478799999999987
0.23788399999999985
0.24211599999999994
0.24350399999999994
0.24078399999999997
0.24255999999999986
0.23388399999999987
0.2407
0.2384639999999999
0.24224400000000001
0.24049999999999996
0.24257600000000012
0.2344719999999998
0.2423759999999999
0.24150399999999986
0.24135599999999977
0.24246399999999999
0.243436
0.2423719999999999
0.242788
0.246216
0.24149199999999993
0.23303999999999983
0.24125599999999991
0.24383599999999991
0.246308
0.236828
0.242664
0.24475600000000003
0.24462400000000015
0.24047599999999997
0.23902799999999985
0.24162400000000003
0.23844400000000002
0.2420999999999999
0.24368399999999987
0.2411079999999999
0.24702400000000008
0.23972799999999975
0.2382519999999999
0.23703199999999988
0.24109199999999997
0.2390599999999999
0.24205999999999986
0.23637599999999978
0.24266800000000008
0.24311199999999994
0.2419639999999999
0.23829199999999978
0.245716
0.23781199999999988
0.24453999999999987
0.23880799999999985
0.2355239999999998
0.23738399999999987
0.24492799999999998
0.24001999999999998
0.23657599999999984
0.2455039999999998
0.2374279999999999
0.2433480000000001
0.24129600000000004
0.23617599999999994
0.2457199999999998
0.23945999999999995
0.23952000000000004
0.23909200000000014
0.24413600000000005
0.2418320000000001
0.23499999999999996
0.2422839999999999
0.2399639999999999
0.2390799999999998
0.2416040000000001
0.24495600000000003
0.23969199999999982
0.23763600000000015
0.24050000000000005
0.241236
0.240972
0.24078799999999997
0.24218799999999996
0.24382399999999987
0.2406639999999999
0.24667199999999995
0.24075199999999997
0.24174
0.25096000000000007
0.24598000000000006
0.24839999999999976
0.250568
0.25005999999999995
0.25125599999999987
0.2484400000000001
0.24528799999999992
0.24434399999999995
0.24548399999999998
0.24864800000000004
0.24280000000000004
0.24567999999999998
0.23546000000000009
0.23727999999999988
0.250428
0.24579599999999996
0.25316799999999984
0.23907200000000012
0.24566799999999986
0.23365599999999995
0.23293200000000006
0.2506160000000001
0.23638000000000012
0.2380320000000001
0.246696
0.2458680000000001
0.2406599999999999
0.23990000000000009
0.23908000000000007
0.25032399999999994
0.251268
0.24114800000000006
0.23653600000000005
0.2534319999999999
0.2443639999999999
0.23455200000000004
0.24760399999999996
0.24902799999999992
0.24548799999999993
0.24682799999999983
0.24972399999999995
0.24853599999999992
0.244896
0.24408799999999992
0.24938399999999983
0.24961999999999976
0.2508839999999998
0.2474239999999999
0.24479199999999993
0.24821199999999993
0.2493480000000001
0.25237200000000004
0.2453680000000001
0.242644
0.25289999999999996
0.2538159999999998
0.24908399999999997
0.2536079999999998
0.24956399999999984
0.252456
0.24047200000000007
0.24893999999999983
0.25310399999999994
0.2492440000000001
0.2538519999999998
0.2515599999999998
0.25394799999999995
0.2582000000000001
0.24731999999999985
0.2482200000000001
0.24680399999999986
0.2553079999999998
0.2472959999999999
0.25446799999999986
0.25118399999999996
0.24512799999999998
0.24514799999999995
0.24947599999999998
0.24950400000000003
0.25186399999999975
0.2541399999999999
0.2507959999999998
0.24872399999999997
0.24400400000000005
0.25008399999999986
0.24852
0.24585999999999977
0.2529519999999999
0.2500519999999997
0.2556119999999998
0.2558159999999998
0.25229199999999985
0.250924
0.2519119999999998
0.25006799999999973
0.24708799999999992
0.24679999999999983
0.24673999999999988
0.2517839999999999
0.2530199999999999
0.2496479999999998
0.25004399999999977
0.251324
0.2461039999999999
0.24628399999999975
0.24964799999999987
0.25060800000000005
0.2481799999999998
0.25157599999999974
0.2437559999999998
0.23723999999999987
0.2532719999999999
0.25252800000000003
0.24620799999999982
0.25157599999999986
0.25289600000000007
0.2484759999999998
0.25404400000000005
0.2516079999999999
0.23551999999999998
0.2387599999999999
0.2405879999999999
0.24811199999999975
0.2497879999999998
0.24581600000000012
0.25133599999999995
0.24345999999999976
0.24797999999999984
0.2561439999999999
0.248452
0.24162399999999976
0.238828
0.2441199999999998
0.2467639999999999
0.24797599999999975
0.24914799999999981
0.2396239999999999
0.24731599999999995
0.24751599999999985
0.25258399999999986
0.2497359999999997
0.24903999999999996
0.24475199999999991
0.2513159999999998
0.2535519999999999
0.2502119999999998
0.2482919999999998
0.25025199999999986
0.24634
0.25424399999999986
0.2510519999999999
0.25007199999999996
0.25652400000000014
0.25243199999999977
0.2525279999999999
0.24833599999999983
0.2530999999999999
0.2540719999999999
0.257208
0.25234400000000007
0.2519000000000001
0.25421999999999983
0.25883999999999985
0.2505839999999999
0.25298799999999994
0.24981999999999985
0.24885999999999994
0.25745599999999974
0.25472799999999984
0.2539679999999999
0.2430719999999998
0.2571519999999999
0.25317599999999973
0.2459959999999999
0.24887599999999965
0.2556279999999999
0.2558039999999997
0.2549359999999998
0.254444
0.2518559999999997
0.2451999999999998
0.2500119999999997
0.2523119999999997
0.24435199999999976
0.2434400000000001
0.24891199999999977
0.2557079999999999
0.24849999999999986
0.25350799999999984
0.25831200000000004
0.25528799999999974
0.25661599999999996
0.2548839999999997
0.2595439999999999
0.2609679999999997
0.2578279999999998
0.2543039999999997
0.25906399999999974
0.25795999999999975
0.2512199999999998
0.2584599999999998
0.25381600000000004
0.2563359999999999
0.2542159999999998
0.25440399999999985
0.25478799999999996
0.24722799999999984
0.25747599999999987
0.24719999999999995
0.2502959999999998
0.25830799999999987
0.2521239999999998
0.2605479999999999
0.2495639999999999
0.25835599999999975
0.2529639999999999
0.2578439999999997
0.25469599999999987
0.25432000000000005
0.25433200000000006
0.252344
0.25462399999999974
0.25745599999999974
0.257696
0.259752
0.24889199999999984
0.25244399999999984
0.24806399999999998
0.2544079999999998
0.25895199999999996
0.256912
0.2548839999999998
0.26112799999999997
0.2573159999999998
0.2589640000000001
0.257152
0.26048399999999977
0.25728799999999996
0.2567199999999999
0.2584039999999999
0.25327599999999983
0.25664799999999993
0.2547679999999999
0.2584759999999998
0.25045599999999973
0.2550919999999999
0.25496399999999986
0.2544599999999999
0.2532519999999998
0.2575199999999999
0.25680399999999987
0.2564959999999999
0.25020800000000004
0.2572479999999998
0.2571679999999999
0.25636399999999976
0.24289600000000014
0.252332
0.2545759999999998
0.25077999999999995
0.25608800000000004
0.25886799999999976
0.25443999999999967
0.24700399999999992
0.25697999999999993
0.257904
0.25392799999999977
0.25183199999999994
0.2573479999999999
0.2504799999999997
0.2557159999999998
0.253928
0.25726799999999983
0.2528799999999999
0.25478799999999974
0.259192
0.26056
0.25702800000000003
0.262408
0.2599160000000001
0.25645599999999985
0.2575399999999999
0.2552559999999999
0.26098000000000005
0.2629439999999999
0.2593039999999999
0.25385199999999974
0.25669200000000003
0.2612800000000002
0.25826799999999994
0.262628
0.2670120000000001
0.266372
0.2688679999999999
0.26945599999999975
0.2682440000000001
0.27220399999999983
0.271468
0.2680079999999999
0.26821999999999974
0.2649399999999999
0.2705759999999999
0.26701599999999986
0.26547599999999977
0.271372
0.27078399999999986
0.2679919999999999
0.26853599999999994
0.26474799999999993
0.2715319999999997
0.2672639999999999
0.270716
0.269148
0.26661599999999985
0.272864
0.2670799999999999
0.26931599999999994
0.26789600000000013
0.2751999999999999
0.2694359999999999
0.27051999999999987
0.27131600000000006
0.273456
0.26998
0.267696
0.27064
0.265448
0.2680239999999998
0.2657359999999998
0.27068
0.2722119999999999
0.2711879999999997
0.27259999999999984
0.2726239999999999
0.2712279999999998
0.27065199999999984
0.271976
0.265756
0.26772000000000007
0.26675599999999994
0.27271199999999984
0.27541599999999994
0.27316
0.27168
0.264588
0.26847599999999977
0.2709119999999998
0.2710160000000001
0.26674399999999976
0.268484
0.26669999999999977
0.26224000000000003
0.26930399999999993
0.2721479999999999
0.27231600000000006
0.271176
0.2684039999999998
0.266404
0.26799600000000007
0.264408
0.26494
0.2724400000000001
0.2707239999999998
0.2719080000000001
0.2752880000000002
0.27412399999999987
0.2732799999999999
0.267796
0.27243199999999973
0.273076
0.268284
0.26942
0.26858799999999994
0.2735839999999997
0.2689679999999996
0.2754279999999998
0.2632759999999997
0.27831999999999996
0.2707119999999995
0.272208
0.2719119999999998
0.26856
0.2759999999999999
0.2701399999999997
0.2691719999999999
0.2717439999999998
0.2729319999999999
0.26839199999999963
0.27026000000000006
0.26976399999999995
0.26433999999999974
0.27599999999999975
0.26353199999999977
0.2704039999999998
0.27081599999999995
0.26967199999999975
0.27290800000000004
0.2733599999999998
0.27129999999999993
0.274552
0.2769359999999997
0.27693999999999985
0.27687199999999973
0.27206799999999987
0.27426799999999996
0.2743879999999999
0.2671280000000001
0.274036
0.27675600000000006
0.2755200000000001
0.2756879999999998
0.2738679999999998
0.27649599999999985
0.2720200000000001
0.2783
0.27390799999999993
0.2738680000000001
0.28021200000000007
0.2753639999999997
0.2712760000000001
0.27481199999999983
0.27290000000000003
0.27396799999999993
0.27406799999999987
0.264928
0.27247200000000005
0.272052
0.27469600000000005
0.2701319999999998
0.27744800000000003
0.2746760000000001
0.27344799999999975
0.27374
0.2790479999999998
0.2714159999999998
0.2774479999999998
0.27453599999999995
0.27750799999999987
0.2778040000000001
0.26966
0.27926000000000006
0.27361999999999986
0.27425600000000006
0.272044
0.27346800000000004
0.27854800000000013
0.2819199999999999
0.2790399999999999
0.2780879999999998
0.278648
0.2787519999999998
0.28025199999999995
0.27664399999999983
0.2803559999999999
0.278868
0.2789679999999998
0.27863199999999994
0.28060399999999996
0.2824759999999999
0.27777200000000013
0.28173199999999976
0.27688799999999963
0.28038
0.281932
0.278484
0.27617199999999986
0.28018
0.2801119999999998
0.2826799999999998
0.28007999999999994
0.2786599999999999
0.2806240000000001
0.2796919999999997
0.2799359999999999
0.2801439999999999
0.27574799999999994
0.277844
0.28093999999999986
0.28002800000000005
0.27768799999999993
0.279272
0.2788159999999999
0.28184799999999993
0.283908
0.2841119999999999
0.283148
0.28503599999999985
0.27582799999999996
0.2839959999999999
0.2822359999999998
0.273208
0.2738479999999998
0.2771439999999999
0.2828839999999999
0.28412400000000004
0.2824399999999999
0.2767759999999999
0.2863000000000001
0.27681999999999995
0.28362800000000005
0.28352800000000006
0.2797519999999999
0.27782799999999996
0.2814039999999997
0.2720879999999998
0.280308
0.2824200000000001
0.27818000000000004
0.281952
0.281704
0.2841920000000001
0.27127599999999974
0.2809759999999997
0.27635599999999977
0.285092
0.2823519999999999
0.2782400000000001
0.282752
0.2829160000000001
0.286284
0.2818200000000001
0.27885599999999994
0.2780599999999999
0.281532
0.27640400000000015
0.28033600000000003
0.27890800000000004
0.279456
0.27523999999999993
0.28324399999999994
0.28014399999999995
0.27981599999999995
0.27962800000000004
0.27271999999999996
0.28382400000000013
0.2797639999999999
0.27856799999999976
0.284416
0.2835320000000001
0.2798199999999998
0.2794600000000002
0.2815039999999998
0.2760119999999999
0.28138400000000036
0.2777879999999998
0.2787720000000002
0.27709599999999995
0.27679999999999993
0.28596400000000005
0.2821599999999998
0.28280800000000017
0.2787640000000002
0.2865559999999999
0.280544
0.2805880000000001
0.28255600000000025
0.2845960000000001
0.277664
0.28156000000000003
0.268588
0.27985600000000016
0.2837320000000003
0.27157600000000004
0.27512000000000003
0.2805960000000001
0.267828
0.279944
0.27627600000000013
0.28321199999999974
0.27776000000000006
0.27974400000000005
0.2710280000000001
0.28509600000000007
0.2811799999999999
0.28191599999999994
0.2758240000000002
0.276448
0.28018800000000027
0.281316
0.27330000000000004
0.2786480000000002
0.27171999999999996
0.2807000000000001
0.2832559999999998
0.2838720000000002
0.283028
0.283316
0.28504399999999996
0.28089599999999987
0.28608399999999995
0.28010399999999985
0.27444399999999985
0.282248
0.27621600000000024
0.27875600000000017
0.27380400000000016
0.28053200000000017
0.2869000000000004
0.280268
0.2769000000000002
0.28577600000000003
0.28094800000000025
0.27720400000000006
0.2833040000000001
0.2799480000000001
0.28563199999999994
0.28483599999999987
0.2779000000000002
0.278136
0.28035199999999993
0.28173200000000015
0.278748
0.28412400000000015
0.28234000000000026
0.27918000000000015
0.2816359999999998
0.2800119999999999
0.28472400000000003
0.28056800000000015
0.28081600000000023
0.2752519999999999
0.28342800000000007
0.278148
0.2784120000000001
0.2820160000000003
0.28088799999999997
0.27692000000000005
0.27825599999999995
0.27749600000000013
0.27353199999999994
0.28184800000000015
0.27862000000000003
0.2772840000000001
0.2791479999999998
0.2748879999999998
0.2708
0.284564
0.28428400000000004
0.27960400000000013
0.2835760000000001
0.27455199999999996
0.2774200000000002
0.2810880000000001
0.2752879999999998
0.27877599999999986
0.2830559999999999
0.2683400000000001
0.2862160000000001
0.27491600000000005
0.28630399999999995
0.27521600000000007
0.2808520000000001
0.28109600000000023
0.2697599999999997
0.2834400000000003
0.2768720000000002
0.2757520000000001
0.27476000000000006
0.2818080000000001
0.27864400000000017
0.2848520000000002
0.270972
0.2859399999999999
0.28467599999999993
0.27137600000000006
0.2676239999999998
0.28347999999999995
0.272208
0.2778360000000002
0.27708799999999983
0.27969599999999983
0.2770160000000001
0.2855120000000001
0.2732799999999998
0.2734999999999998
0.2804479999999999
0.2713479999999998
0.2780440000000001
0.28143599999999985
0.28084000000000003
0.28459600000000024
0.27776400000000023
0.27084399999999975
0.27749199999999985
0.2843399999999997
0.2760120000000001
0.2836920000000001
0.2755039999999998
0.2806960000000001
0.27916799999999986
0.2866279999999998
0.2803279999999999
0.2871
0.2768039999999999
0.280852
0.2728880000000001
0.2728999999999999
0.2744839999999999
0.27574
0.28726
0.26749199999999995
0.27727599999999997
0.2778600000000001
0.27593600000000007
0.26956800000000003
0.27416399999999974
0.2772879999999998
0.28365200000000007
0.26443199999999994
0.280104
0.2849399999999999
0.27063999999999994
0.27565200000000006
0.2849400000000003
0.2771679999999999
0.268664
0.28131999999999996
0.27682
0.270748
0.2771120000000002
0.281492
0.2754520000000001
0.2776560000000001
0.282316
0.2863680000000001
0.28103599999999995
0.27777200000000013
0.273016
0.26296800000000004
0.2857399999999998
0.2849799999999999
0.28327199999999975
0.2821560000000001
0.278932
0.281208
0.2781959999999997
0.27881199999999984
0.286628
0.27782
0.28024400000000016
0.2833520000000001
0.28693599999999975
0.2802439999999997
0.28322400000000014
0.28173200000000004
0.2820719999999999
0.28128
0.2853000000000002
0.279944
0.2845879999999999
0.2802079999999999
0.27868399999999977
0.2842199999999999
0.2825199999999998
0.2807520000000001
0.28065199999999974
0.27986800000000006
0.279716
0.28096399999999994
0.28313599999999994
0.28158799999999995
0.28077200000000024
0.2783160000000001
0.2837000000000001
0.27008800000000016
0.2830079999999997
0.28027599999999986
0.28189999999999993
0.2809080000000001
0.2825680000000001
0.28032000000000007
0.27886799999999995
0.2810479999999999
0.27685599999999994
0.28626799999999997
0.28019599999999983
0.28446
0.28146000000000004
0.28053999999999996
0.27180399999999993
0.2774959999999998
0.2774839999999999
0.2806279999999998
0.270428
0.277672
0.27236399999999983
0.2806039999999995
0.2774119999999998
0.27658399999999994
0.273064
0.27618000000000015
0.27718399999999993
0.26857600000000015
0.28049200000000013
0.2744039999999999
0.27933199999999997
0.27501199999999976
0.27520399999999984
0.2701879999999998
0.2794399999999998
0.278568
0.27520399999999984
0.2675119999999999
0.27529999999999993
0.27919199999999994
0.28174799999999994
0.2692239999999998
0.282628
0.277688
0.2742519999999999
0.27735999999999983
0.2791959999999999
0.28219999999999995
0.28046799999999994
0.28143199999999985
0.2781159999999999
0.28216399999999997
0.2724799999999998
0.27545999999999987
0.2666319999999997
0.28489199999999976
0.279744
0.27489600000000003
0.28636000000000006
0.275468
0.2774040000000001
0.2855160000000001
0.2707279999999997
0.27717199999999986
0.2659719999999997
0.28638399999999997
0.2825280000000001
0.28481599999999974
0.27721199999999985
0.2806079999999999
0.28103599999999984
0.282076
0.28197999999999995
0.2800399999999999
0.28117200000000003
0.27469599999999983
0.27437599999999984
0.27397999999999995
0.2861839999999998
0.2839039999999999
0.2812559999999999
0.2635160000000001
0.2752439999999999
0.2770519999999998
0.28177599999999986
0.2773039999999999
0.2835279999999999
0.27985999999999983
0.27953599999999984
0.282024
0.28620799999999985
0.2821439999999999
0.2857319999999997
0.28608399999999995
0.284748
0.2817879999999999
0.28677600000000003
0.27746399999999993
0.2840839999999999
0.27854399999999985
0.27562799999999976
0.27363199999999993
0.27771999999999997
0.2760599999999999
0.2794559999999998
0.2801559999999999
0.2854239999999997
0.28277599999999997
0.2862239999999998
0.27538799999999986
0.27809599999999984
0.2829319999999999
0.27741200000000005
0.28030000000000005
0.2837719999999999
0.27038799999999985
0.27171199999999984
0.26305999999999974
0.28261999999999987
0.2783519999999999
0.2784159999999999
0.281356
0.27983199999999986
0.2654279999999999
0.27110799999999996
0.27964
0.2800679999999999
0.27622799999999986
0.275564
0.27148399999999995
0.27063599999999977
0.282572
0.2618759999999998
0.27951200000000015
0.2704199999999999
0.27380399999999994
0.2689999999999999
0.2818
0.28063999999999983
0.2600599999999998
0.27108799999999966
0.2792719999999998
0.28120399999999984
0.27930799999999995
0.25976799999999983
0.2711159999999999
0.273372
0.28044800000000003
0.279172
0.273688
0.2833479999999999
0.27567200000000003
0.27069199999999993
0.278564
0.2792079999999999
0.2763879999999998
0.283912
0.2778039999999999
0.2740159999999998
0.28115599999999985
0.2745839999999998
0.28181999999999996
0.2774759999999999
0.278704
0.281808
0.2806719999999999
0.2619279999999997
0.27547599999999994
0.2770879999999999
0.28048799999999985
0.2747159999999999
0.27571599999999974
0.27442799999999967
0.2736519999999998
0.28308
0.2722479999999999
0.27945199999999976
0.27559999999999985
0.2794199999999998
0.2776199999999999
0.27455599999999963
0.27847199999999994
0.27465599999999973
0.27331200000000005
0.2701479999999998
0.26333999999999974
0.27682399999999996
0.27611599999999986
0.2722239999999999
0.2803599999999998
0.27113999999999977
0.27411199999999986
0.2682959999999997
0.2735439999999999
0.26705199999999973
0.2843839999999995
0.26964399999999994
0.27728400000000003
0.280448
0.26827999999999974
0.26468399999999975
0.27885999999999955
0.27866399999999986
0.2734519999999999
0.25954399999999983
0.28137999999999996
0.27698799999999985
0.283572
0.285344
0.28723199999999977
0.272972
0.27566399999999985
0.27391199999999993
0.2825679999999999
0.2833159999999998
0.2775599999999998
0.277272
0.28222399999999986
0.2819719999999996
0.28411600000000015
0.28397199999999995
0.28459999999999985
0.2817479999999998
0.281496
0.2837280000000001
0.2808919999999998
0.28592399999999996
0.28057999999999983
0.2796359999999998
0.2791199999999999
0.2870879999999999
0.2835319999999997
0.28344799999999987
0.28356399999999987
0.27805599999999986
0.2857439999999999
0.28818799999999994
0.28737199999999985
0.2854879999999999
0.2815279999999998
0.2864199999999996
0.2838039999999999
0.2787559999999999
0.2879959999999999
0.2827479999999998
0.2813319999999998
0.281132
0.28113199999999977
0.2826799999999999
0.2788559999999999
0.28296799999999983
0.28641999999999995
0.28408799999999973
0.2875079999999999
0.2827079999999998
0.28368399999999994
0.2790479999999998
0.28594399999999986
0.28297599999999995
0.28269599999999995
0.28444799999999976
0.2799239999999998
0.2763199999999999
0.2844799999999999
0.28468800000000005
0.2864519999999999
0.28594400000000003
0.2835919999999999
0.2884520000000001
0.28812399999999977
0.282136
0.2869919999999997
0.286156
0.2813519999999997
0.2845839999999999
0.28678399999999993
0.2834039999999998
0.28074799999999983
0.2837399999999999
0.28485199999999994
0.28953599999999996
0.28630399999999984
0.2897079999999999
0.2843119999999997
0.28148399999999996
0.28255599999999986
0.2830839999999998
0.28267599999999976
0.2806879999999999
0.28017199999999987
0.284776
0.2898639999999999
0.2868959999999997
0.2779879999999998
0.287424
0.28398799999999974
0.28705199999999975
0.2823119999999998
0.2808319999999999
0.28439199999999976
0.28025199999999983
0.2879919999999998
0.28629599999999966
0.283668
0.2840239999999998
0.28414399999999995
0.2815599999999999
0.2830919999999999
0.28748399999999996
0.2828559999999999
0.2889559999999999
0.28820399999999974
0.2832959999999997
0.284364
0.2813679999999998
0.28687999999999986
0.2857959999999998
0.28796399999999983
0.28472
0.2837399999999998
0.2835719999999998
0.2839159999999998
0.28422399999999987
0.2863559999999997
0.2884479999999999
0.2848479999999999
0.28555199999999975
0.2867159999999999
0.289944
0.2822759999999998
0.29018799999999983
0.28622399999999987
0.2850759999999999
0.2832319999999999
0.28521199999999974
0.2854479999999998
0.2786519999999998
0.2908199999999997
0.2850439999999998
0.28674399999999983
0.2860759999999999
0.2904799999999996
0.28180799999999984
0.28826799999999986
0.2816279999999997
0.2840719999999997
0.2900719999999999
0.27865600000000007
0.28172000000000014
0.28289199999999987
0.29079599999999967
0.28442399999999973
0.29135599999999984
0.28685599999999983
0.2819279999999997
0.2810919999999998
0.2854399999999998
0.2739679999999998
0.2853759999999997
0.2868519999999999
0.27176399999999995
0.28320799999999957
0.2763559999999997
0.27925600000000006
0.27935599999999966
0.27687199999999995
0.2817280000000001
0.28275999999999957
0.2800399999999998
0.2826759999999999
0.2736119999999998
0.27931599999999984
0.2783879999999998
0.28781999999999985
0.28046399999999966
0.2745959999999998
0.2850880000000002
0.27283599999999986
0.28074399999999977
0.2865079999999998
0.2895079999999999
0.28478399999999976
0.28755199999999975
0.2766359999999998
0.2825319999999998
0.2779359999999997
0.2866319999999999
0.27925999999999973
0.28610399999999997
0.289308
0.27252799999999994
0.2872199999999998
0.2882159999999998
0.28793999999999986
0.28699600000000003
0.2837519999999998
0.2870719999999999
0.2850239999999999
0.28437199999999974
0.2876279999999997
0.2898279999999999
0.2852119999999998
0.28465599999999996
0.2779640000000001
0.278408
0.28556400000000004
0.28477999999999987
0.2885959999999998
0.28480000000000005
0.274348
0.2891840000000002
0.28302800000000006
0.2758919999999998
0.2852079999999995
0.2891399999999999
0.278244
0.2875839999999999
0.2761839999999996
0.2810039999999999
0.28159599999999985
0.288744
0.27589600000000003
0.265868
0.28128
