0.007995799999999996
0.015322059999999997
0.021725719999999997
0.025184439999999995
0.029377539999999987
0.033453639999999986
0.03793063999999998
0.042765699999999976
0.043556919999999985
0.04506377999999998
0.047251679999999976
0.048384759999999985
0.05179593999999998
0.053233179999999984
0.052967199999999985
0.053800799999999996
0.05250389999999999
0.05362955999999999
0.055014379999999995
0.05642417999999999
0.05529502
0.05549073999999999
0.05592339999999999
0.05918493999999999
0.059041279999999995
0.05923312000000001
0.06183562000000002
0.06288326000000004
0.06332514000000003
0.06410978000000003
0.06466498000000002
0.06349166
0.06449564000000002
0.06555262
0.06722936
0.06853858
0.06945715999999999
0.07086426
0.07193138
0.07103672
0.06955302000000001
0.06936902
0.06871872000000001
0.07036586000000002
0.06962996000000002
0.07033964
0.07059738000000002
0.07118986000000001
0.07130192
0.07239618
0.07380754
0.07425328
0.07559099999999999
0.07463844000000001
0.0753721
0.07483254
0.0740764
0.07521068000000002
0.07494618
0.07726672000000001
0.07911684000000002
0.07893432000000003
0.08037084000000001
0.08210302000000003
0.08232280000000002
0.08251258
0.08248410000000002
0.08333278000000002
0.08330618000000001
0.08566252
0.0864494
0.08628054
0.087169
0.0869279
0.08707303999999999
0.08814377999999999
0.08792396
0.08939737999999998
0.09042580000000001
0.09042392000000003
0.09126788000000002
0.09190004000000002
0.09114798000000005
0.09205830000000004
0.09268840000000003
0.09242810000000003
0.09328756000000002
0.09332520000000002
0.09411094000000002
0.09369136000000003
0.09353232000000002
0.09448762000000002
0.09487060000000003
0.09530264000000002
0.09450784000000002
0.09501650000000003
0.09589748000000002
0.09665234000000002
0.09697458
0.09714066000000003
0.09780054000000002
0.09829490000000002
0.09837366000000002
0.09844186
0.09838306000000002
0.09834152000000002
0.09885238000000002
0.09884050000000003
0.09884342000000002
0.09885602000000002
0.09883012000000005
0.09848878000000003
0.09831506000000001
0.09842178000000003
0.0984199
0.09839700000000003
0.09869036000000002
0.09870626000000003
0.09864336000000001
0.09853544000000003
0.09846350000000001
0.0981972
0.09893186000000002
0.09892154000000002
0.09854092000000002
0.09844384000000002
0.09839872000000004
0.09884746000000001
0.09880430000000003
0.09859212
0.09864752000000003
0.09828698000000002
0.09865318000000002
0.09858314000000001
0.09899406000000002
0.09874374000000001
0.09839592000000001
0.09897598000000002
0.09871346000000003
0.09887902000000003
0.09846276000000004
0.09841778000000001
0.09889914000000001
0.09875452000000001
0.09879188000000001
0.09898464000000001
0.09865912000000002
0.09868236000000002
0.09876140000000001
0.09908390000000003
0.09907568000000001
0.09853014000000002
0.09915576000000001
0.09930774000000002
0.09900464000000002
0.09909158000000001
0.09911952000000002
0.09923890000000002
0.09903192000000001
0.09896454000000002
0.09917964000000001
0.09917168000000003
0.09899652000000002
0.09911406000000002
0.09905644000000002
0.09882874000000001
0.09884938000000001
0.09851226
0.09833596000000001
0.09877476000000002
0.09855260000000002
0.0986942
0.09840336000000001
0.09883196000000001
0.09876216000000002
0.09874088
0.09884818
0.09877568
0.09896984
0.09873602000000002
0.09934428000000001
0.09885538
0.09856952000000002
0.09862366000000002
0.09861412000000001
0.09892111999999999
0.09847052000000002
0.09908646000000002
0.09852594000000002
0.09867744000000002
0.09862424
0.09886318000000001
0.09883018000000002
0.09860662000000002
0.09864650000000001
0.09898030000000001
0.09885362
0.09845294000000003
0.09821642000000001
0.09882160000000001
0.09838568
0.09852414
0.09877406000000001
0.09878012000000001
0.09843406000000002
0.09827316000000001
0.09893092
0.09886028000000001
0.09891322000000002
0.09864460000000001
0.09859902
0.09862826000000002
0.09889724000000001
0.09855864
0.09872486000000003
0.09886062000000001
0.09863108000000001
0.09874200000000002
0.09849356000000001
0.09867502
0.09871580000000002
0.09840030000000001
0.09890755999999999
0.09877242000000001
0.09890464000000002
0.09897122000000001
0.09867974
0.09897680000000002
0.09927566000000003
0.09877978000000001
0.0983878
0.09864256
0.09866654000000001
0.09867546
0.09858492
0.09860244
0.09861874
0.09869582000000002
0.0986225
0.09846358000000001
0.09842068000000001
0.09881012000000002
0.09881034
0.09858268
0.09878
0.09882728
0.09884826000000001
0.09850564
0.09876647999999999
0.09850598000000002
0.09875996000000001
0.09899291999999998
0.09903618000000002
0.09906822
0.09866282000000001
0.09945214
0.09961900000000001
0.09895554000000001
0.09889080000000003
0.09893306000000003
0.09886990000000001
0.09910674000000003
0.09941250000000004
0.09901974000000002
0.09928140000000002
0.09901812000000003
0.09914470000000003
0.09894448000000003
0.09850972000000002
0.09901878000000001
0.0992631
0.09934508000000004
0.09906254000000005
0.09877904000000003
0.09876210000000003
0.09843366000000003
0.09898448000000001
0.09878816000000003
0.09892174000000004
0.09936370000000004
0.09893352000000002
0.09855054000000002
0.09935954000000004
0.09862030000000002
0.09914914000000002
0.09875090000000003
0.09927398000000003
0.09932258000000001
0.09916036000000003
0.09946210000000003
0.09913862000000001
0.09880146000000004
0.09891492000000003
0.09887578000000002
0.09984646000000003
0.09962748000000003
0.09988584000000003
0.09952300000000001
0.09922178000000002
0.09914634000000003
0.09928488000000002
0.09904958000000004
0.09944512000000003
0.09930726000000002
0.09882608000000001
0.09889482000000002
0.09911476000000002
0.09898172000000002
0.09912014000000002
0.09921580000000002
0.09925300000000004
0.09943908000000004
0.09935612000000002
0.09962318000000002
0.09936050000000002
0.09899354000000002
0.09893742000000003
0.09932018000000004
0.09935114000000002
0.09916870000000005
0.09929624000000002
0.09867862000000002
0.09898126000000003
0.09913734000000003
0.09909122000000002
0.09946002000000004
0.09914864000000004
0.09925322000000002
0.09912224000000001
0.09931468000000003
0.09908380000000003
0.09911606000000002
0.09893520000000003
0.09917872000000003
0.09948732000000003
0.09922658000000002
0.09955430000000004
0.09921004000000004
0.09918366000000002
0.09934814000000003
0.09890134000000003
0.09913610000000002
0.09941552000000003
0.09941358000000003
0.09854504000000003
0.09952628000000004
0.09914408000000002
0.09879034000000003
0.09890164000000003
0.09892860000000002
0.09957874000000004
0.09931970000000001
0.09878862000000002
0.09899546000000002
0.09973884000000002
0.09880894000000001
0.09910810000000003
0.09918316000000002
0.09891882000000002
0.09922176000000002
0.09923852000000004
0.09887912000000004
0.09908350000000005
0.09901888000000003
0.09986368000000002
0.09925306000000003
0.09896356000000002
0.09951374000000002
0.09981118000000003
0.09974922000000003
0.09859582000000003
0.09871198000000003
0.09935752000000005
0.09999098000000002
0.10029704000000002
0.09917810000000003
0.09930140000000004
0.09887792000000005
0.09945624000000003
0.09936370000000001
0.09897994000000004
0.09904508000000004
0.09907450000000002
0.09943024000000004
0.10030152000000003
0.09950234000000002
0.09936538000000002
0.09966002000000002
0.09988304000000003
0.09962828000000001
0.09934220000000002
0.09970952000000002
0.09924808
0.09904536000000003
0.09903676000000003
0.09904280000000004
0.09914136000000003
0.10018994
0.09944384000000003
0.09922646000000004
0.09860824000000004
0.09916754000000003
0.09962008000000003
0.09945658000000002
0.09903832000000001
0.09939722000000004
0.09888342000000001
0.10062938000000003
0.09950208000000002
0.09948926000000004
0.09982260000000003
0.09951066000000003
0.09870640000000001
0.09921306000000003
0.09906058000000001
0.09882584000000001
0.09923456000000003
0.09973738000000003
0.09968654000000003
0.09937672000000003
0.09966326000000002
0.09970322000000004
0.09932974000000003
0.09925134000000002
0.09951804000000003
0.09897074000000003
0.09933852000000001
0.09941752000000002
0.09878526000000004
0.09958034000000003
0.09953886000000005
0.09930870000000003
0.09887238000000004
0.09922942000000003
0.09877804000000005
0.09923370000000002
0.09894526000000002
0.09919508000000005
0.09985844000000003
0.09943902000000002
0.09914964000000002
0.09925854000000003
0.09939726000000002
0.09943704000000002
0.09954410000000002
0.09921802000000003
0.09907936000000003
0.09920702000000003
0.09977706000000003
0.09901018000000004
0.09901122000000004
0.09953782000000003
0.09950238000000003
0.09882380000000003
0.10009298000000001
0.09986222000000002
0.09994802000000001
0.09936484000000004
0.09952846000000003
0.09922204000000003
0.09994534000000002
0.09915370000000003
0.09994882000000002
0.09918334000000004
0.09910930000000004
0.09915134000000002
0.09965584000000001
0.09920906000000002
0.09897876000000001
0.09978522000000004
0.09951738000000003
0.09913218000000004
0.09951370000000001
0.09966018000000001
0.09895938000000003
0.09889918000000003
0.09920408000000001
0.09931790000000003
0.09892960000000002
0.09881318000000004
0.09946140000000003
0.09951354000000003
0.09926540000000003
0.09938818000000003
0.09979350000000003
0.09917636000000003
0.09907590000000002
0.09967760000000002
0.0992283
0.09891724000000003
0.09887430000000004
0.09902198000000004
0.10008410000000001
0.09927970000000003
0.09962730000000003
0.09853666000000003
0.09884904000000003
0.09950344000000003
0.09975560000000001
0.09929268000000004
0.09884872000000003
0.09938432000000003
0.09865524000000002
0.09941354000000004
0.09878696000000003
0.09973250000000002
0.09902622000000003
0.09905408000000003
0.09902144000000003
0.09956256000000004
0.10028084000000004
0.09955194000000002
0.10003590000000002
0.09920226000000003
0.09933116000000002
0.09961676000000003
0.09924584000000003
0.09916288000000001
0.09881156000000005
0.09875744000000003
0.09887612000000003
0.09903166000000002
0.09835730000000002
0.10062542000000001
0.09944838
0.10002694000000002
0.09963938000000003
0.09863172000000002
0.09946268000000001
0.09980776000000002
0.09948554000000001
0.09914496000000002
0.10005608000000002
0.09926906000000002
0.09975160000000002
0.09930332000000001
0.10010110000000001
0.09931440000000002
0.09908792000000002
0.09931068000000001
0.09886730000000002
0.09914566000000002
0.09973406000000003
0.09993824000000004
0.09927736000000004
0.09918236000000004
0.09923258000000003
0.09924190000000004
0.09934996000000003
0.09964454000000002
0.09887962000000002
0.09910140000000003
0.09946610000000002
0.09925116000000003
0.09911438000000004
0.09897472000000002
0.09911790000000004
0.09984358000000002
0.09995632000000003
0.10020316000000001
0.09930490000000003
0.09947102000000002
0.09935142000000001
0.09895866000000002
0.09985738000000001
0.09962160000000003
0.09925698000000002
0.09892172000000002
0.09919672000000004
0.09881972000000003
0.09899574000000001
0.09935100000000002
0.09970066000000002
0.09915834000000004
0.09911936
0.09932854000000002
0.10039644000000003
0.09872472000000002
0.09929726000000003
0.09912294000000003
0.09977806000000003
0.09967180000000003
0.09923196000000002
0.09923294000000002
0.09953098000000005
0.09890800000000002
0.09944708000000002
0.09924076000000003
0.09932472000000002
0.09940154000000004
0.09938074000000004
0.09986978000000002
0.09885542000000003
0.09907470000000003
0.09884812000000004
0.09911730000000002
0.09950816000000003
0.09962472000000004
0.09978526000000003
0.09940712000000003
0.10002798000000002
0.10036442000000001
0.09988986000000001
0.09978946000000002
0.09958482000000003
0.09918182000000003
0.09962610000000001
0.09917732000000003
0.09908962000000004
0.09859478000000003
0.09901368000000003
0.09959906000000002
0.09950992000000003
0.09893360000000002
0.09909168000000003
0.09839820000000003
0.09903816000000003
0.09952698000000001
0.09963140000000001
0.09902256000000001
0.09885308000000002
0.0992529
0.09926080000000002
0.09929868000000003
0.09937092000000003
0.09973080000000004
0.09936264000000003
0.09915016000000003
0.09918970000000002
0.09901922000000002
0.09947832000000002
0.09964832000000003
0.09915314000000003
0.09958292000000002
0.09924446000000003
0.09944636000000003
0.09896622000000002
0.09944614000000003
0.09894302000000003
0.09876716000000002
0.09964690000000001
0.09925128000000004
0.09926044000000003
0.09873044000000003
0.09902770000000004
0.09954056000000001
0.09900282000000002
0.09968546000000003
0.09994858000000002
0.09974566000000003
0.0996249
0.09956810000000002
0.09940822000000002
0.09945066000000002
0.09951356000000003
0.09945690000000003
0.09985360000000001
0.10035376000000001
0.09973376000000002
0.10027814000000002
0.10074916000000002
0.09962230000000004
0.09942368000000001
0.09900124000000002
0.09951264000000001
0.09934908000000003
0.09969722
0.09955804
0.09937146000000002
0.09885700000000001
0.09916546000000002
0.09864232
0.09936504000000003
0.09914036000000002
0.09903612000000002
0.09904698000000003
0.09841012000000003
0.09918370000000003
0.09913600000000003
0.09895420000000003
0.09879830000000003
0.09868252000000004
0.09861578000000001
0.09890514000000003
0.09914296000000002
0.09868528000000001
0.09883366000000002
0.09905422000000003
0.09895844000000004
0.09870742000000003
0.09875784000000003
0.09872206000000001
0.09892812000000002
0.09860920000000004
0.09931988000000003
0.09970046000000002
0.09877816000000003
0.09855730000000003
0.09851250000000002
0.09892570000000003
0.09826470000000002
0.09867398000000001
0.09952750000000002
0.09909906000000003
0.09882518000000003
0.09915638000000003
0.09877900000000002
0.09866064000000002
0.09881012000000002
0.09901502000000002
0.09882038000000001
0.09884874000000003
0.09879830000000003
0.09899632000000004
0.09859888000000003
0.09833704000000003
0.09873974000000002
0.09893390000000003
0.09903842000000003
0.09972758000000002
0.09943486000000001
0.09957656
0.09851846000000002
0.09921144000000004
0.09865896000000003
0.09884852000000002
0.09894038000000002
0.09869862000000003
0.09870026000000003
0.09991852000000001
0.09895082000000002
0.09893676000000004
0.09861508000000002
0.09925826000000003
0.09906882000000003
0.10033026000000003
0.09896000000000002
0.10009160000000003
0.09953316000000001
0.10019444000000002
0.09965446000000004
0.09912736000000003
0.09892034000000002
0.09887090000000004
0.09982076000000002
0.09987188000000001
0.09930266000000003
0.09874304000000002
0.09898160000000004
0.09958594000000001
0.09902398000000001
0.09885318000000001
0.09920176000000001
0.09920864000000001
0.09920042000000003
0.10112178000000002
0.09985024000000003
0.09934470000000002
0.09964352000000004
0.09920074000000004
0.09999914000000003
0.09995358000000003
0.09979390000000002
0.09946304000000002
0.09882834000000003
0.09960206000000003
0.09910476000000003
0.09904810000000001
0.09894704000000003
0.09853834000000003
0.09882752000000003
0.09879214000000003
0.09843666000000002
0.09848964000000002
0.09885860000000003
0.09950342000000002
0.09886102000000002
0.09892610000000003
0.09890694000000004
0.09886296000000003
0.09998304000000002
0.09892896000000004
0.09823660000000002
0.09905298000000001
0.09959424000000001
0.09854754000000003
0.09857456000000003
0.09945266000000004
0.09884078000000002
0.09852534000000004
0.09967322000000003
0.09913790000000003
0.09921674000000003
0.09862536000000002
0.09905448000000001
0.09917744000000002
0.10035690000000003
0.10020040000000002
0.09925032000000002
0.09916980000000003
0.09975258000000002
0.10004444000000003
0.09952276000000003
0.09873356000000003
0.09843302000000001
0.09912800000000002
0.09955808000000003
0.09894618000000004
0.09871860000000003
0.09862466000000002
0.09971170000000001
0.09954300000000003
0.09895754000000002
0.09877188000000002
0.09925118000000001
0.09962916000000002
0.10006034000000003
0.10142694000000002
0.10016936000000001
0.09989466000000004
0.10037124
0.09939004000000001
0.09972954000000002
0.10031654000000004
0.09963264000000002
0.09876542000000002
0.09946810000000003
0.1005157
0.09949332000000002
0.09910188000000002
0.09870304
0.09918032
0.0993487
0.09873694000000001
0.09900478
0.09922965999999998
0.09934514
0.09896221999999998
0.09860704
0.09912022000000001
0.0987998
0.09906239999999998
0.09931956
0.0994822
0.09903653999999999
0.09929486000000001
0.09925583999999998
0.09892205999999999
0.09980270000000001
0.10014385999999999
0.09979608
0.09937173999999999
0.09928874
0.09908753999999999
0.09920853999999998
0.09941381999999999
0.09889654
0.09962745999999999
0.09922952
0.09880938
0.09963799999999999
0.09873919999999999
0.099022
0.09930323999999999
0.09888345999999998
0.10038957999999999
0.10017522
0.09889550000000001
0.09868336
0.09889443999999999
0.09916433999999999
0.09924652
0.0992898
0.1007734
0.10069276
0.09997736000000002
0.09955096000000001
0.0991789
0.09927688
0.09880881999999999
0.09887106000000001
0.0992659
0.09904334000000001
0.09942826
0.09891010000000001
0.09923441999999999
0.09979126
0.09953982
0.10001016
0.10024662
0.09995378
0.10064427999999999
0.10056984
0.09964463999999999
0.09982564
0.09948796
0.09978458
0.09909144000000002
0.10036265999999999
0.0999561
0.10004948000000001
0.09916912
0.09909094
0.09957192
0.09904959999999999
0.0992522
0.09876766
0.09900558
0.09848228
0.09872968
0.0993259
0.09885278
0.09864098
0.09891227999999998
0.09934038
0.09916772000000001
0.09905409999999999
0.09921437999999999
0.0986212
0.09983750000000001
0.09989495999999999
0.09896515999999998
0.09859844000000001
0.09921076
0.09936876
0.09946128000000001
0.0987668
0.10055226
0.09969962
0.10058444000000001
0.10221148
0.10116337999999998
0.10041540000000002
0.09971218
0.10007958000000002
0.09971030000000003
0.09921722000000002
0.09906486
0.09915886
0.09948190000000003
0.09927318000000002
0.09907454000000002
0.09856160000000001
0.09881212000000002
0.09950412
0.09945678000000001
0.09899620000000002
0.09958320000000001
0.09919576000000001
0.09850568000000001
0.09905436000000002
0.09881464000000001
0.1005876
0.09938104
0.09917284
0.09943902000000002
0.09847928000000002
0.09910768
0.09943202000000001
0.09961442000000002
0.09885956000000001
0.09846226000000001
0.09842178
0.09976256
0.09922796000000002
0.09935202
0.09870466
0.09821900000000001
0.09931948000000002
0.0986931
0.09884978
0.09859224000000001
0.09888554000000002
0.09835200000000001
0.09846644000000002
0.09890336000000001
0.09904674000000002
0.09959876000000001
0.09912416
0.09882244000000001
0.09885974000000002
0.10002126
0.09885292
0.09865044
0.09886982000000001
0.09897792000000001
0.09875444000000001
0.09823698
0.09875504000000002
0.09864132000000002
0.09925150000000002
0.09855532000000002
0.0987326
0.09875412
0.09934574000000002
0.09914826000000002
0.09866546
0.09852038
0.09900226
0.09884668000000002
0.09813726
0.09937066000000001
0.09920832
0.09883792
0.09859802000000001
0.09931840000000002
0.09848490000000001
0.09816938
0.09868850000000001
0.0990352
0.09861969999999999
0.09857866000000001
0.09841248
0.09855488000000001
0.09845766000000002
0.09919309999999999
0.09838271999999999
0.09901532000000002
0.09863504000000002
0.09898412000000001
0.09882278
0.09879886
0.10029158
0.09963354
0.09902676000000002
0.09862788000000001
0.09914148
0.09916182000000001
0.10013198
0.09888690000000003
0.09866546000000001
0.09886938
0.0990525
0.0986234
0.09867340000000001
0.09908156000000001
0.09888324000000001
0.09869688
0.09910686
0.09896888000000001
0.09858166
0.09860518000000001
0.09860244000000001
0.09908884000000001
0.09873046000000002
0.0989083
0.09924896
0.0989472
0.09878932000000001
0.0987568
0.09932202
0.09896598000000001
0.09934472000000001
0.09828470000000002
0.09869028
0.09858958000000001
0.09978780000000001
0.0994565
0.09884574
0.09846522
0.09905608
0.09857162000000003
0.09941544000000001
0.09893404
0.09874784000000002
0.09853498000000002
0.09878880000000002
0.09958612
0.09929260000000001
0.09938690000000001
0.09941214000000002
0.09847740000000002
0.09837812000000001
0.09913432000000003
0.09964962000000002
0.09836912000000002
0.09839120000000001
0.09994542000000001
0.10058448
0.09959964000000002
0.09900308
0.0988963
0.09867098000000002
0.09846384000000002
0.09968696000000002
0.09883876000000003
0.09886544000000001
0.09888602000000002
0.09866144000000002
0.09867264000000002
0.09825722000000002
0.09895920000000002
0.09909102
0.09861168000000001
0.09896632000000002
0.09880124000000003
0.09841240000000002
0.09853412000000002
0.09828294000000001
0.09863716000000002
0.09932890000000003
0.09897362000000001
0.09870008000000002
0.09883098
0.09872718000000001
0.09849054000000003
0.09924180000000002
0.09957637999999999
0.09861486000000001
0.09909986000000001
0.09870934
0.09899530000000002
0.09950626
0.09923086000000002
0.09969602000000002
0.09952404000000001
0.09890240000000002
0.09986932000000001
0.09855000000000003
0.09844474000000002
0.09920732000000002
0.09881946000000001
0.09878312000000002
0.09878578
0.09880356000000001
0.09891022000000001
0.09888372000000002
0.09866290000000003
0.09835198000000002
0.09898702000000002
0.09913742000000003
0.09887798000000002
0.09900170000000001
0.09901608
0.09896914000000001
0.09862370000000002
0.09911742000000003
0.09911002
0.09854282000000002
0.09838260000000001
0.09852822000000001
0.09922670000000001
0.09883556000000002
0.09919586000000001
0.09868764000000001
0.09874804000000001
0.09858316000000002
0.09869038000000002
0.09875654
0.09915684000000002
0.09853020000000003
0.09856992000000002
0.09872190000000002
0.09884036000000002
0.09865746000000002
0.09878414
0.09891442000000002
0.09852838000000003
0.09849768
0.09862708000000002
0.09862164000000001
0.09962584000000002
0.0998049
0.09866504000000001
0.09858776000000002
0.09887074000000001
0.09879984000000003
0.09897212000000001
0.09922354000000003
0.09943998000000001
0.10032322
0.09972678000000001
0.10029636000000001
0.09999200000000003
0.09959822000000003
0.09954684000000004
0.09847822
0.09883704000000001
0.09907906000000001
0.09880902000000001
0.09944140000000001
0.09860810000000003
0.09864510000000003
0.09845786000000002
0.09860814000000001
0.09910824000000001
0.09902000000000001
0.09967140000000001
0.10007964000000001
0.09874146
0.09969926000000001
0.09977936000000001
0.09910948000000001
0.09869458000000002
0.09846492000000001
0.09857954000000003
0.09850776000000001
0.09915294000000001
0.09936446
0.09841206000000001
0.09883530000000001
0.09902488000000002
0.09892756000000003
0.09907532
0.09861012000000002
0.09858422000000001
0.09847088000000001
0.09916066000000001
0.09845690000000001
0.09880002000000002
0.09913104
0.10009806000000002
0.09884004
0.0997353
0.09891126000000001
0.09934732
0.09872416
0.09868098000000002
0.09863592
0.09850558000000001
0.09862780000000003
0.09852602
0.09874608000000001
0.09968168000000001
0.09975782000000002
0.09980002000000003
0.09898410000000002
0.09878984000000003
0.09919148000000001
0.09845214000000002
0.09821150000000003
0.09914192000000002
0.09877382000000001
0.09963906000000002
0.09917440000000002
0.09971644000000002
0.09881568000000002
0.09892218000000001
0.09841426000000002
0.09975822000000001
0.09987150000000002
0.10002246
0.09903398000000001
0.09929066000000003
0.10025258000000001
0.09918400000000002
0.09863480000000001
0.09840848
0.09862610000000002
0.09960652000000002
0.10023372
0.10099130000000002
0.10003870000000002
0.1001345
0.09916058000000001
0.09882314
0.09863968000000002
0.09899922000000001
0.09964234000000001
0.09872818000000003
0.09930118000000002
0.09850896000000002
0.09834740000000002
0.09840296000000003
0.09852332000000003
0.09937566
0.09832988000000002
0.09894524000000002
0.09902332000000001
0.09821468000000003
0.09930152000000002
0.09918292000000002
0.09860642000000003
0.09864784000000001
0.09887616000000002
0.09911964000000001
0.09868588000000003
0.09889622000000003
0.09910870000000001
0.09906190000000002
0.09856680000000001
0.09870250000000003
0.09958274000000002
0.09999480000000002
0.09917786
0.09865844000000001
0.09923592000000003
0.09818622000000002
0.09860650000000003
0.09853194000000003
0.09853440000000001
0.09947924000000001
0.09868580000000002
0.09857740000000001
0.09996270000000002
0.09914898000000001
0.09918256000000002
0.09886374
0.09884304000000002
0.09841762000000001
0.09949436
0.09842228
0.09851696
0.09952394000000002
0.09870258
0.09847426000000002
0.09885222
0.09876678000000001
0.09820652
0.09885170000000003
0.0991435
0.09915908000000001
0.10011266
0.10026602000000001
0.09891320000000002
0.0987906
0.09939022
0.09915450000000002
0.09870232000000001
0.09905176
0.09925754000000002
0.10012186
0.10001180000000001
0.09914308000000002
0.09935902000000002
0.09899662
0.09900674000000001
0.09920394000000002
0.0986259
0.09959306000000001
0.09850662
0.09939632
0.09957803999999999
0.09879350000000002
0.09853276000000001
0.09833810000000001
0.09945522000000001
0.09948528
0.09988616
0.09848654000000001
0.09872082000000003
0.09863166000000001
0.09877974000000002
0.09875230000000002
0.09896310000000001
0.0988054
0.09935176000000003
0.09904604
0.09916440000000001
0.09837128
0.09882028000000002
0.09872944
0.09835038000000002
0.09860668000000002
0.09868978000000002
0.09941238000000002
0.09921666
0.098876
0.09895624000000001
0.09916451999999999
0.09896642000000001
0.09943496
0.09878056
0.09887916000000001
0.09885020000000001
0.09971728
0.09872284
0.09914788
0.09938348000000001
0.09913704000000001
0.09962288000000001
0.09819622
0.09881820000000001
0.0988838
0.09931756
0.09875028000000002
0.0985965
0.09882414
0.09958326
0.09892504
0.0994806
0.09994374
0.09917798000000001
0.1002908
0.09925904
0.09886848000000001
0.09909258000000001
0.09892692
0.0984402
0.09918307999999999
0.09885126
0.09894090000000003
0.09929578
0.10003576
0.09930608000000002
0.09968640000000001
0.09911612000000002
0.09862588000000003
0.09959902
0.09983644
0.09938458
0.09861086000000001
0.09876162000000001
0.09879724000000001
0.09864174000000002
0.09824534000000001
0.09881780000000001
0.0996528
0.09846266000000002
0.09875344000000003
0.09942078
0.09895722000000001
0.099904
0.09912832000000002
0.09846170000000001
0.09835834000000002
0.09950344000000001
0.09870934000000002
0.09884598
0.09883848
0.09870512000000002
0.09936696000000002
0.09955118
0.09941404000000001
0.09868418000000002
0.09842624000000001
0.09833952
0.09965358
0.0992558
0.0990333
0.10102184000000002
0.09980442
0.09907482000000002
0.09859558
0.0995343
0.09874338000000002
0.09943082
0.09889006000000002
0.0985579
0.09904662000000002
0.09870874
0.09948788
0.09835822
0.10002364
0.10023518
0.10326171999999997
0.10135849999999998
0.10147058000000002
0.10022952000000002
0.10081316000000001
0.10159994000000001
0.10095406000000003
0.10095560000000002
0.10002626
0.10022726000000003
0.09999978000000002
0.10001164000000001
0.09931126000000001
0.09964220000000001
0.10026746000000002
0.09973570000000001
0.09935086000000001
0.09977807999999999
0.09936772
0.09958996
0.100046
0.10047356
0.09963804000000001
0.09952846000000001
0.09989172000000002
0.09946252000000001
0.09958644
0.09964664000000001
0.10094646000000002
0.10150218000000001
0.1014971
0.10020506000000001
0.09988042000000003
0.09991760000000001
0.09957838000000002
0.09951320000000001
0.09982714000000001
0.10064160000000001
0.10057038000000001
0.09969322000000001
0.09986936
0.09978588000000001
0.09916464000000001
0.10062028000000002
0.10070256000000001
0.10008958
0.10001402000000001
0.09957154000000001
0.10028184
0.09975172
0.09912844000000001
0.09973878000000003
0.10035448000000001
0.09928042000000001
0.09978654
0.09952870000000001
0.10039268
0.09947384000000001
0.10003894
0.09978696000000001
0.10053922
0.09974134000000001
0.10043026000000001
0.10088132000000001
0.09991174000000001
0.09964884000000002
0.10078144000000001
0.10033540000000002
0.10042632000000001
0.10014384000000001
0.1007897
0.09946182
0.10061020000000002
0.10057642000000001
0.10002428000000002
0.09944346000000001
0.09955908000000001
0.0998641
0.10076724000000001
0.10078028000000001
0.10078286000000002
0.10012412000000001
0.09978916
0.09968078000000002
0.09963890000000002
0.09989112000000003
0.10312263999999999
0.10143662
0.10042488000000002
0.0993853
0.10010518000000002
0.09996092000000001
0.09962124000000001
0.09952248000000001
0.10059318
0.09942152
0.10137232000000002
0.10017714000000001
0.09983132000000002
0.09994512
0.10023308
0.10082630000000002
0.10040704000000002
0.09991509999999999
0.09955954
0.10002818000000001
0.09968592000000001
0.0999116
0.09983423999999999
0.09933118
0.09948514000000001
0.09947788
0.09934343999999999
0.09996652
0.09936318000000002
0.09943914000000001
0.09959996
0.09970896
0.09983548000000003
0.0992859
0.09952972
0.09969166000000002
0.10031896
0.10081648
0.09984672000000001
0.10012726000000001
0.10000294
0.10199467999999999
0.10067504
0.09965616000000001
0.1013935
0.10036412
0.09932860000000002
0.09949272
0.09990484000000001
0.09983394000000001
0.10038672000000001
0.10075138
0.09978474
0.09981524
0.10017014000000002
0.09941712000000001
0.10108015999999999
0.09968828000000002
0.0996128
0.10097160000000001
0.0995357
0.09981498
0.09935842
0.09957522
0.09971184000000001
0.09979960000000002
0.09998798
0.099914
0.10025848
0.10134136000000002
0.10010632000000001
0.1002054
0.10026168
0.09975401999999998
0.099723
0.09933072000000001
0.09983024
0.09932120000000001
0.09961188
0.10066860000000002
0.09978498000000002
0.09951478000000001
0.09985818
0.09963080000000002
0.0998578
0.09976444000000001
0.09958648
0.10001536000000001
0.09976320000000001
0.10023254000000001
0.09959384000000002
0.09939642000000001
0.10100896000000001
0.10045376
0.10025354
0.09948188000000002
0.09954172
0.09989450000000001
0.09931996000000001
0.09931788000000001
0.09965330000000001
0.09957862
0.10000048
0.09956262
0.09961605999999999
0.09998024000000001
0.10000996000000001
0.09948358
0.0990323
0.09963656
0.10101570000000003
0.10011420000000001
0.10016866
0.09976639999999999
0.09927256
0.10053271999999999
0.09981486
0.10114178000000001
0.10017418000000002
0.1002375
0.10055182
0.09936696000000002
0.09956227999999999
0.09920060000000001
0.09942344000000002
0.09952920000000001
0.10000906000000001
0.09947322000000001
0.09906942
0.09936374
0.10062102
0.10026712
0.10063794000000001
0.0995448
0.09936202000000001
0.09946268
0.09908048000000001
0.10051522
0.10049180000000002
0.0997553
0.09943424000000002
0.09975768
0.10001926000000001
0.09979668
0.10001614
0.09959752000000002
0.09975704
0.1003539
0.09974194
0.0995261
0.09983156000000001
0.10006536
0.10028818
0.10077532000000002
0.09992262
0.09923016000000001
0.09996002000000001
0.0999564
0.10012368
0.09962808000000002
0.09977102
0.09945588000000001
0.09979934
0.09973994000000001
0.09995070000000002
0.09967024000000001
0.09996288
0.09975519999999999
0.09935164
0.09976283999999999
0.09922162
0.09957072000000002
0.10068438
0.09990656000000002
0.10076814
0.10011438000000002
0.09992832
0.09972190000000002
0.09973996000000002
0.09912344000000001
0.10019415999999999
0.09923614
0.09939068000000001
0.09976558
0.09976328000000001
0.10129618000000001
0.09966180000000001
0.09959914000000002
0.09922296000000001
0.10004240000000002
0.10027254000000001
0.09975490000000001
0.10034082
0.10000410000000003
0.10017200000000001
0.10056244000000002
0.10180606
0.10010152000000001
0.10043926
0.09986748000000001
0.09957504
0.10054114
0.10039204000000002
0.09956584000000002
0.09985656000000001
0.09916800000000002
0.09994797999999999
0.10031354000000002
0.09945656000000003
0.09963318000000002
0.10017162
0.09933580000000002
0.09956538000000002
0.09944506
0.09958460000000001
0.10066366000000002
0.10089542000000001
0.10066952000000001
0.10027552000000002
0.09991392000000002
0.10030540000000002
0.09965216000000002
0.09974894000000001
0.09954157999999999
0.09954858000000001
0.10127914
0.10056198000000002
0.10017612000000002
0.09983020000000002
0.1009039
0.09975336
0.09985749999999999
0.09883882
0.10037425999999999
0.09969570000000001
0.09942820000000001
0.09956616
0.1000187
0.10240976
0.10026134
0.10034648000000003
0.10045094
0.09964046000000001
0.09969552
0.10004163999999999
0.09952334
0.09959474
0.09982306000000002
0.10046516
0.09968142
0.09933570000000001
0.09988430000000001
0.09965697999999999
0.09988052000000001
0.10111766
0.09966868000000001
0.09966782000000002
0.0997542
0.09975184000000001
0.09968590000000001
0.09931382000000001
0.10001460000000001
0.0997311
0.10117856000000001
0.10083468000000001
0.09999026000000001
0.09947916000000001
0.09965124000000002
0.09972374
0.0999498
0.10021168000000003
0.09985656000000001
0.09946792000000002
0.09963948000000002
0.09996336
0.09981216000000001
0.10017178000000002
0.10062986
0.09947238
0.0998678
0.09972564
0.09974422000000001
0.09990460000000002
0.10021450000000001
0.09945764
0.1007474
0.09946432000000001
0.09967466
0.09947994000000002
0.10007158000000001
0.10011610000000001
0.09970608
0.09910686000000002
0.09910084000000001
0.10006392
0.09968474000000001
0.09937152
0.09930804
0.09951810000000001
0.0997553
0.09985634000000002
0.09953510000000002
0.09959574000000002
0.10037890000000001
0.09948182000000001
0.10008696
0.0999792
0.09979454
0.10007976000000002
0.10048048000000001
0.10058608
0.10091178
0.10035290000000002
0.10046184
0.10033382000000002
0.09961154
0.0999624
0.09965024
0.09954932000000001
0.09959488
0.09993474
0.10003208000000001
0.09999532000000003
0.10157456000000002
0.09980714
0.0995892
0.09971614000000001
0.09983596
0.09947686000000001
0.10055264000000001
0.10028126
0.09910696000000002
0.09980902
0.09992832
0.0996255
0.09949006
0.10023306000000001
0.09941000000000001
0.09960652000000002
0.09935394
0.09989334
0.10028928000000001
0.1014926
0.10012244000000001
0.0999042
0.09949306
0.10074036
0.09966918
0.0998362
0.0997934
0.09918088000000001
0.09988332
0.09930770000000001
0.09997188000000001
0.09958406
0.09951496
0.09981538000000001
0.09946358
0.09926648
0.09907586
0.09927856
0.10034392
0.09941506
0.09998418
0.10007761999999999
0.10028132
0.09945912
0.10079742000000001
0.10130464
0.10089348000000001
0.1005773
0.09980186000000002
0.09932916
0.09914462
0.10033466
0.09958170000000002
0.10005602
0.09990078000000001
0.09907476000000001
0.09998789999999999
0.10005942000000001
0.0998945
0.09969742
0.0998578
0.10018900000000003
0.09988852000000001
0.09957678000000002
0.0998535
0.10074235999999999
0.10028374
0.09934604
0.10071442000000001
0.09985804000000002
0.09972588000000002
0.09960402000000002
0.099709
0.100344
0.10087374
0.09981122000000003
0.10018266
0.10026166
0.0997051
0.09980046000000002
0.09959018
0.0991572
0.09939158000000001
0.09964186000000001
0.1004436
0.10007160000000001
0.09990480000000002
0.09953572000000001
0.10013806
0.09969952000000001
0.09940814000000002
0.10044824000000001
0.09994814000000002
0.10047182000000002
0.09939622
0.09999026000000001
0.09982990000000001
0.09993172000000002
0.10044764
0.09966416000000003
0.09979714
0.09988988000000003
0.09965624000000002
0.1013954
0.100106
0.10003794000000003
0.09923004000000002
0.09977336
0.10004858000000003
0.10039709999999999
0.09941352000000002
0.09960892000000002
0.09997986
0.09954236000000001
0.0996742
0.10116483999999999
0.09981856
0.09939706000000001
0.09915434000000001
0.0997382
0.09994682
0.09946920000000001
0.09932988000000002
0.0995202
0.1001958
0.09965104
0.10008089999999999
0.09944782
0.09976022000000001
0.10047008000000002
0.10148592000000001
0.10113756
0.1002288
0.10086452000000001
0.09971048000000002
0.09972416000000002
0.10036097999999999
0.09957692000000001
0.10013624
0.09953006
0.10022518
0.09961664
0.09976402000000001
0.10000364
0.10056684
0.09994782
