-0.03300800000000004
-0.019031999999999993
-0.008596000000000001
-0.0006839999999999818
0.006003999999999996
0.009672000000000005
0.011788000000000005
0.01162799999999999
0.021828000000000024
0.022808
0.022200000000000022
0.02425199999999998
0.025835999999999984
0.02900799999999998
0.033760000000000005
0.033676000000000005
0.03247599999999998
0.029559999999999975
0.03912799999999994
0.03714000000000004
0.035227999999999975
0.03636799999999996
0.035967999999999924
0.03967199999999997
0.042932
0.038916000000000006
0.04548000000000004
0.04510400000000004
0.047887999999999986
0.043255999999999975
0.049112000000000024
0.04683999999999999
0.047692000000000005
0.04564399999999996
0.046643999999999936
0.047712
0.051183999999999966
0.04838399999999999
0.05387999999999996
0.05086000000000001
0.04771199999999992
0.04534399999999999
0.04897600000000005
0.05424000000000002
0.05123999999999995
0.05442399999999998
0.05417199999999998
0.052364000000000036
0.05668800000000002
0.05343199999999998
0.058471999999999934
0.05756000000000003
0.050927999999999946
0.046264000000000007
0.04569999999999996
0.049892
0.054587999999999956
0.057919999999999916
0.058748000000000015
0.06316400000000004
0.06352800000000002
0.062288000000000024
0.068148
0.06982399999999998
0.06709599999999993
0.06565600000000003
0.06846800000000006
0.07203200000000001
0.06228000000000003
0.06710399999999997
0.07125599999999996
0.06991599999999999
0.07018000000000002
0.07174800000000003
0.07248399999999999
0.07179199999999997
0.073388
0.07396399999999996
0.07455999999999995
0.07885200000000005
0.07688000000000005
0.07428800000000002
0.07401600000000001
0.07951200000000004
0.07464000000000001
0.07571200000000003
0.08034400000000001
0.07813600000000002
0.078696
0.08072400000000002
0.076728
0.07926000000000002
0.07920000000000002
0.08354400000000003
0.07766000000000002
0.08215600000000003
0.08432800000000001
0.08446400000000004
0.08390000000000002
0.08475600000000001
0.085276
0.08574000000000004
0.08638000000000001
0.08607600000000001
0.08814400000000006
0.08451200000000002
0.08978000000000005
0.08712400000000006
0.08863200000000004
0.08516000000000001
0.08579200000000001
0.08567600000000004
0.08672000000000002
0.08655600000000002
0.08668000000000002
0.085108
0.085084
0.08662000000000002
0.08652400000000002
0.08305600000000002
0.08672800000000001
0.08312000000000001
0.08739200000000003
0.08610000000000001
0.08723200000000002
0.08367600000000003
0.08448400000000002
0.085276
0.08572400000000001
0.08673200000000002
0.086468
0.08518400000000001
0.08652400000000003
0.08306000000000001
0.081344
0.08784800000000002
0.08412000000000001
0.08707600000000003
0.08398800000000002
0.08598400000000003
0.08712800000000002
0.086496
0.08353600000000001
0.08436400000000005
0.08389600000000003
0.08667600000000002
0.08568800000000001
0.08439200000000002
0.08845200000000003
0.08432000000000003
0.085844
0.08567200000000001
0.08721200000000001
0.08905600000000005
0.08800400000000003
0.08859600000000004
0.08776400000000002
0.08643200000000002
0.08685600000000002
0.08621200000000001
0.08230000000000003
0.08223600000000002
0.08585200000000001
0.08608400000000001
0.08694800000000003
0.08239600000000001
0.08583600000000001
0.08324400000000001
0.08649200000000001
0.08640800000000001
0.08658000000000003
0.08405600000000002
0.08470000000000001
0.08702800000000004
0.08579200000000003
0.08335600000000001
0.08553600000000001
0.085416
0.085444
0.08454800000000003
0.08666000000000003
0.08277200000000001
0.08472
0.08694400000000002
0.08584400000000002
0.08710400000000001
0.08632000000000002
0.08653600000000003
0.08478800000000003
0.08606000000000001
0.08782800000000003
0.08554
0.08612000000000002
0.08684800000000002
0.08719200000000003
0.08707600000000003
0.08760400000000002
0.08583200000000002
0.08458000000000003
0.08735600000000002
0.08148800000000002
0.08435200000000004
0.08618800000000003
0.08267200000000001
0.084908
0.08578800000000002
0.08598400000000002
0.08708400000000002
0.08622000000000003
0.08648000000000002
0.08529600000000001
0.08673600000000002
0.08913600000000005
0.08885600000000005
0.08504
0.08555600000000001
0.08736000000000002
0.08450400000000002
0.08536800000000001
0.08698800000000002
0.08799200000000004
0.08556400000000002
0.08513600000000002
0.08518800000000001
0.08386000000000002
0.08583600000000001
0.08443200000000002
0.08432400000000002
0.08682000000000006
0.08662000000000003
0.08462800000000001
0.08552400000000002
0.084936
0.08611200000000005
0.08004399999999999
0.08358400000000002
0.08652800000000002
0.08282000000000002
0.07804
0.08715600000000001
0.08578400000000001
0.08756800000000002
0.08638000000000001
0.08456000000000002
0.08078400000000001
0.08622000000000002
0.08213200000000001
0.079404
0.08584800000000001
0.08386000000000002
0.08682400000000003
0.08467600000000002
0.08532400000000001
0.08621600000000001
0.085416
0.08736800000000002
0.08430000000000003
0.085236
0.08710800000000003
0.08409200000000001
0.085264
0.08250400000000002
0.08785200000000003
0.08848000000000004
0.08606000000000001
0.08218400000000002
0.08659600000000002
0.081712
0.079988
0.08442800000000002
0.08713200000000001
0.08607600000000001
0.08576400000000002
0.08095200000000001
0.085148
0.08432400000000002
0.08625200000000001
0.08692000000000003
0.08749600000000003
0.08540000000000002
0.08595200000000001
0.08380000000000003
0.08703200000000003
0.08624800000000002
0.08711200000000004
0.08314800000000003
0.08720400000000002
0.08310400000000003
0.08837600000000004
0.08476
0.08864000000000004
0.08507200000000001
0.085008
0.08627200000000002
0.08944400000000004
0.08461600000000002
0.08461600000000002
0.08710000000000002
0.086124
0.08623600000000001
0.08489200000000001
0.08605600000000002
0.08612800000000001
0.08810800000000003
0.08222000000000002
0.08304800000000001
0.08647200000000001
0.08135600000000001
0.085528
0.08526000000000002
0.08796800000000005
0.08953600000000005
0.08410000000000001
0.08797200000000002
0.08797600000000003
0.08670000000000003
0.08478000000000001
0.08699200000000001
0.08773600000000002
0.08694400000000002
0.084884
0.08739200000000003
0.08680000000000002
0.08700400000000003
0.08504400000000001
0.08625200000000001
0.08870800000000004
0.08460400000000001
0.08821200000000004
0.08682000000000002
0.07871599999999998
0.08595200000000001
0.08785200000000003
0.08624000000000001
0.08572400000000001
0.08586800000000001
0.08838800000000005
0.08342800000000002
0.08737600000000002
0.08854800000000004
0.08709200000000002
0.08686000000000002
0.08618
0.085592
0.08721200000000003
0.08672400000000002
0.08632000000000002
0.08269600000000002
0.08522
0.08662800000000002
0.08464
0.08388400000000001
0.08750800000000002
0.08470000000000001
0.08844400000000004
0.08683600000000002
0.08553600000000001
0.08431600000000002
0.08711200000000002
0.08691600000000002
0.08860400000000003
0.08430000000000003
0.08740800000000001
0.08575200000000001
0.08204800000000002
0.08449600000000002
0.08432000000000002
0.08498
0.08460400000000001
0.08618800000000001
0.085444
0.084832
0.08775200000000002
0.08578000000000001
0.08905200000000005
0.08917200000000004
0.08840400000000004
0.08430800000000002
0.08571600000000001
0.08895600000000004
0.08684400000000003
0.08272000000000002
0.08144000000000003
0.08904800000000004
0.08661600000000003
0.08440400000000002
0.08428000000000002
0.08768400000000003
0.08681600000000002
0.085332
0.08422800000000003
0.08586000000000002
0.08501200000000002
0.08757200000000001
0.08640800000000001
0.08584400000000002
0.08600000000000001
0.08286000000000002
0.08457200000000002
0.08483600000000001
0.08286000000000002
0.08490800000000001
0.08828800000000003
0.08680000000000002
0.08653200000000003
0.08468400000000001
0.084784
0.08647600000000001
0.08358800000000001
0.084784
0.08586800000000001
0.08589200000000001
0.08618800000000001
0.08652400000000002
0.08571200000000001
0.08354800000000001
0.080456
0.08782400000000003
0.084928
0.08469600000000001
0.085816
0.08852400000000005
0.08253600000000001
0.08532400000000001
0.08458800000000002
0.08157200000000002
0.08614000000000001
0.085368
0.08743200000000001
0.08678400000000003
0.08408400000000002
0.08521600000000001
0.08436000000000002
0.08599200000000001
0.08650800000000003
0.08578000000000002
0.08619600000000001
0.084632
0.08387200000000002
0.08600000000000001
0.08736000000000002
0.08786400000000004
0.08533600000000001
0.08714400000000003
0.08492000000000001
0.08812000000000005
0.08694000000000002
0.085092
0.08828400000000004
0.08824000000000003
0.08904000000000005
0.08268800000000003
0.08627600000000002
0.08819200000000005
0.08468
0.084984
0.08175600000000002
0.08472000000000005
0.084928
0.08272000000000002
0.08590800000000001
0.08668800000000003
0.08588000000000001
0.08363600000000002
0.08802800000000004
0.08820000000000003
0.08859200000000006
0.08482
0.08632000000000002
0.08468400000000001
0.08780800000000004
0.08598000000000001
0.08442800000000002
0.08705200000000002
0.08616800000000002
0.08568400000000001
0.08655600000000002
0.08435200000000002
0.08696000000000002
0.08740400000000002
0.08458400000000002
0.08678400000000003
0.08688400000000003
0.08205200000000003
0.08604
0.08656800000000003
0.08313600000000003
0.08313600000000003
0.08628400000000001
0.08528000000000002
0.08628000000000002
0.08611600000000001
0.08556000000000001
0.08740000000000002
0.08710000000000002
0.08162400000000003
0.08556400000000002
0.08606400000000002
0.08644
0.084928
0.08725200000000002
0.08664400000000003
0.08763200000000002
0.08883200000000004
0.086328
0.08560800000000002
0.08703200000000003
0.08567200000000001
0.085208
0.08534800000000001
0.08585600000000002
0.08612800000000001
0.08678000000000002
0.08570400000000002
0.08492000000000001
0.08920800000000004
0.08506000000000001
0.08614400000000001
0.084792
0.08507200000000001
0.08682000000000002
0.08672800000000003
0.08599200000000001
0.085844
0.08704000000000002
0.08363200000000001
0.08874000000000003
0.08672800000000001
0.08738800000000002
0.08660800000000003
0.08645200000000001
0.08242000000000002
0.08578000000000002
0.08609600000000002
0.08682800000000002
0.08586400000000002
0.08832400000000004
0.08639600000000001
0.08632000000000002
0.08726000000000002
0.08584800000000005
0.08273600000000002
0.08579600000000001
0.08788400000000003
0.08815200000000004
0.09028000000000003
0.08663200000000003
0.08796400000000004
0.08501200000000002
0.08808000000000005
0.08598400000000002
0.08621200000000001
0.08826800000000004
0.08647200000000001
0.08618000000000002
0.08342000000000002
0.08829200000000004
0.08941200000000005
0.08208000000000004
0.08611600000000003
0.08934800000000004
0.08912000000000003
0.08674400000000002
0.08424000000000002
0.08613600000000002
0.08939600000000003
0.08645200000000001
0.08404400000000002
0.08549200000000001
0.08571600000000001
0.085172
0.08558
0.080416
0.08544800000000001
0.08514400000000001
0.08579200000000001
0.08810000000000004
0.08668000000000003
0.08698400000000002
0.08581200000000001
0.08855600000000002
0.08344400000000002
0.08267200000000001
0.08676800000000001
0.08862800000000005
0.08498800000000001
0.08670000000000003
0.08401200000000002
0.08658400000000002
0.08501200000000002
0.08576000000000002
0.08132000000000002
0.08520000000000001
0.08605600000000002
0.08416800000000002
0.08898000000000005
0.08797600000000004
0.08876800000000004
0.08792800000000005
0.08693600000000003
0.08656400000000002
0.08633200000000002
0.08204000000000002
0.08770400000000002
0.07885999999999999
0.08554
0.08826400000000004
0.08708400000000002
0.08570000000000001
0.08618800000000001
0.08713200000000001
0.08730400000000002
0.08388400000000001
0.08740000000000002
0.08653600000000003
0.08656000000000003
0.08648000000000002
0.08877200000000003
0.08884800000000004
0.085764
0.08422800000000003
0.08639200000000002
0.08753200000000001
0.08627200000000002
0.08416000000000001
0.08742800000000002
0.08788000000000003
0.08610400000000001
0.08807200000000004
0.08782000000000002
0.08670800000000002
0.08707600000000003
0.08825200000000004
0.08506
0.08593200000000002
0.08832800000000005
0.08592400000000001
0.08698000000000002
0.08685600000000002
0.084792
0.08261600000000002
0.08732800000000002
0.08652000000000003
0.08113200000000001
0.08601600000000002
0.08566000000000001
0.084832
0.08630800000000001
0.08652000000000003
0.08870000000000004
0.08465600000000001
0.08906000000000004
0.08376000000000003
0.08607600000000001
0.08637200000000002
0.08824400000000004
0.08755600000000002
0.08676000000000003
0.08893200000000002
0.08422000000000002
0.08609600000000002
0.08749200000000001
0.08455600000000003
0.08383600000000002
0.08828000000000004
0.08602000000000001
0.084944
0.08602800000000001
0.08531200000000001
0.08510000000000001
0.08708000000000002
0.084632
0.08986400000000004
0.08576800000000001
0.08286000000000002
0.08568
0.08641200000000002
0.08461200000000002
0.08563600000000002
0.08353200000000002
0.08556400000000002
0.08816800000000004
0.08652800000000002
0.08775200000000002
0.08106400000000001
0.08383600000000001
0.08184400000000001
0.08410800000000002
0.08582400000000001
0.08490000000000002
0.08230000000000003
0.08758000000000002
0.08416400000000002
0.08672000000000003
0.08634400000000002
0.08555600000000001
0.08567200000000001
0.08486800000000001
0.08442400000000003
0.08434000000000003
0.08558000000000002
0.08360800000000002
0.08420800000000002
0.08581200000000001
0.08632800000000002
0.08632400000000001
0.085264
0.08655200000000002
0.08595600000000002
0.08817200000000004
0.08317200000000002
0.08657600000000003
0.08489200000000001
0.08583600000000001
0.08418800000000003
0.07876399999999999
0.084856
0.08724000000000003
0.08460000000000002
0.08435200000000002
0.08945600000000004
0.08356400000000001
0.08252800000000002
0.08256800000000002
0.08756400000000002
0.084672
0.085108
0.08673200000000002
0.08643600000000001
0.085
0.082724
0.08512400000000002
0.08617600000000002
0.08829200000000004
0.08467200000000001
0.08698800000000002
0.085388
0.08364800000000001
0.08314800000000001
0.08871600000000004
0.08652400000000002
0.085244
0.08475600000000001
0.08635200000000003
0.08340800000000001
0.08583600000000001
0.08910400000000004
0.08386400000000002
0.08554400000000002
0.08436000000000002
0.08400400000000002
0.08738800000000002
0.08315600000000002
0.085244
0.084876
0.08571600000000001
0.08660400000000001
0.08835200000000003
0.08440000000000002
0.08396
0.08765200000000002
0.085092
0.08631200000000001
0.08844400000000004
0.08600400000000001
0.08472400000000001
0.08599200000000001
0.08268800000000001
0.08477200000000001
0.08806400000000003
0.08597600000000001
0.08714800000000003
0.08583600000000001
0.08380400000000002
0.08732400000000003
0.08740800000000001
0.08686000000000002
0.08522800000000001
0.08623600000000001
0.08632800000000002
0.08394400000000002
0.08411600000000002
0.08588800000000002
0.08278400000000001
0.08847200000000005
0.08471600000000001
0.08724800000000002
0.08462800000000001
0.08469600000000001
0.08572800000000001
0.08753200000000001
0.08536400000000002
0.08691600000000002
0.08806400000000003
0.08703200000000003
0.08358800000000001
0.08641200000000002
0.08443600000000001
0.08343200000000002
0.08371200000000002
0.08124400000000001
0.08624400000000002
0.08428400000000001
0.08416800000000002
0.080204
0.086276
0.08262400000000002
0.08512400000000002
0.085208
0.08294800000000001
0.08620800000000002
0.08519600000000001
0.08309200000000001
0.08766000000000003
0.08660000000000002
0.08746400000000003
0.08839600000000004
0.08595200000000001
0.08632000000000002
0.08405600000000002
0.08340800000000001
0.07930000000000004
0.08572000000000002
0.08585600000000002
0.084884
0.08488000000000001
0.08303600000000003
0.08830400000000004
0.08981200000000004
0.08677200000000003
0.08625200000000001
0.08272000000000002
0.08514000000000001
0.08702000000000003
0.085652
0.08445600000000002
0.08482800000000001
0.08643600000000001
0.08471200000000001
0.08496800000000002
0.08438000000000002
0.08588000000000001
0.08360800000000002
0.08547600000000001
0.08194000000000001
0.08586400000000001
0.08521600000000001
0.08525200000000001
0.08356000000000001
0.08684400000000002
0.08810400000000004
0.084348
0.08486800000000001
0.08526000000000002
0.08362800000000002
0.085528
0.08772800000000003
0.08518800000000001
0.08557600000000001
0.08688000000000001
0.08703200000000003
0.08522400000000001
0.08423200000000002
0.08325600000000001
0.08166000000000001
0.08850400000000005
0.08548
0.08625600000000001
0.08688800000000002
0.08580000000000002
0.08948800000000004
0.08579600000000001
0.08721200000000003
0.08340000000000003
0.08351200000000002
0.08229200000000002
0.085416
0.08613200000000001
0.08490000000000002
0.08804000000000005
0.08680400000000003
0.08380400000000002
0.08267600000000001
0.08637200000000002
0.08484000000000001
0.08644800000000001
0.08644400000000002
0.08664400000000003
0.08606800000000002
0.08605600000000002
0.08791200000000003
0.08850400000000005
0.08723600000000002
0.08660000000000002
0.08738000000000003
0.08645200000000001
0.08522400000000001
0.08271600000000003
0.08538000000000001
0.08532800000000001
0.08719200000000002
0.08638000000000001
0.08795600000000003
0.08469600000000001
0.08554400000000001
0.08553600000000001
0.080948
0.08681600000000002
0.08221200000000002
0.08619600000000001
0.08570800000000002
0.08490000000000002
0.08443600000000002
0.085804
0.08318000000000002
0.08340400000000002
0.08547600000000001
0.08746000000000002
0.08538400000000002
0.08640800000000001
0.08455600000000002
0.08589600000000001
0.08578400000000001
0.085304
0.08339200000000002
0.08635600000000003
0.08625200000000001
0.08302400000000001
0.085148
0.08677200000000003
0.08768800000000002
0.08949200000000004
0.08586800000000001
0.08454400000000002
0.08596400000000001
0.08551600000000002
0.08471600000000001
0.08457600000000003
0.08286000000000002
0.08635600000000002
0.08758800000000003
0.08378400000000001
0.08594400000000002
0.08797200000000004
0.081684
0.08552
0.08656400000000002
0.08820000000000003
0.08651600000000002
0.08448800000000002
0.08567600000000002
0.085232
0.08649600000000003
0.08187600000000002
0.08296000000000002
0.08085600000000001
0.08679600000000003
0.08606400000000002
0.08694800000000003
0.08520000000000001
0.08681600000000002
0.08597200000000002
0.085304
0.08707200000000002
0.08456400000000003
0.086012
0.08494800000000001
0.085764
0.08564800000000002
0.08452400000000003
0.08641200000000002
0.081764
0.08660000000000002
0.08636400000000001
0.08432800000000001
0.08593200000000002
0.08688000000000001
0.08610400000000001
0.08752400000000002
0.08513600000000002
0.08636400000000001
0.08757600000000001
0.08678800000000002
0.08359200000000001
0.08687600000000002
0.08440000000000002
0.08699600000000003
0.08399600000000002
0.08621200000000001
0.08614400000000001
0.08937200000000003
0.085092
0.08718000000000002
0.08482800000000001
0.08598400000000002
0.08734400000000002
0.086328
0.08634800000000001
0.08637600000000001
0.084732
0.08238800000000002
0.08673200000000002
0.08634800000000001
0.08450800000000001
0.08628000000000002
0.08455200000000002
0.08000399999999999
0.08571600000000001
0.08526000000000002
0.08645200000000001
0.085008
0.0864
0.08452800000000002
0.08330800000000002
0.08464400000000001
0.085236
0.08094800000000002
0.08590400000000001
0.08618800000000001
0.08542400000000001
0.08366400000000002
0.08600400000000001
0.08418000000000002
0.08653600000000003
0.08692400000000003
0.08377200000000001
0.08398000000000001
0.08420800000000002
0.08797600000000003
0.08877200000000003
0.08650400000000003
0.08419600000000002
0.08802400000000005
0.08428800000000002
0.08370400000000001
0.08649600000000003
0.08331200000000001
0.08558800000000001
0.086316
0.08630800000000001
0.08409600000000002
0.08413200000000001
0.08450800000000001
0.08520000000000001
0.08290800000000001
0.08586800000000001
0.084944
0.08616000000000001
0.08601600000000001
0.08534000000000001
0.08676400000000002
0.08667200000000003
0.08412800000000002
0.086276
0.08650800000000003
0.08636800000000001
0.08330000000000003
0.08618400000000001
0.08349200000000002
0.08617200000000001
0.08855200000000005
0.08357200000000001
0.08448000000000001
0.08173600000000002
0.08710800000000003
0.08356800000000002
0.08802400000000003
0.08717200000000003
0.08528400000000001
0.08599600000000002
0.08513600000000002
0.08665200000000002
0.08646000000000001
0.08762800000000003
0.08292400000000001
0.08561600000000001
0.08659200000000002
0.08726400000000002
0.08506
0.08512800000000001
0.08638000000000001
0.08299200000000002
0.08534000000000001
0.08256000000000001
0.08424800000000003
0.080088
0.08537600000000001
0.08240800000000001
0.08536800000000001
0.08444400000000002
0.08638000000000001
0.08560400000000001
0.08415200000000002
0.08686000000000002
0.08572400000000001
0.07990799999999999
0.08440800000000001
0.08471200000000001
0.08608000000000002
0.08675200000000002
0.08708400000000004
0.08336400000000002
0.08469600000000001
0.08688000000000003
0.08477200000000001
0.08552
0.08315600000000002
0.08682000000000002
0.08602400000000002
0.08684400000000003
0.08358400000000002
0.08321200000000002
0.08422400000000001
0.08442000000000002
0.08327600000000002
0.08707600000000003
0.08520000000000001
0.08668800000000003
0.08282400000000002
0.08297200000000002
0.08351200000000002
0.08810400000000004
0.08434800000000002
0.08386400000000002
0.08656800000000003
0.08448400000000002
0.08374000000000004
0.08588400000000002
0.08702800000000002
0.08534800000000001
0.08428800000000002
0.081712
0.08547600000000001
0.08376000000000001
0.08433600000000002
0.085292
0.08590000000000002
0.08243600000000001
0.08674000000000003
0.08481200000000001
0.08622800000000003
0.08818800000000003
0.08556800000000002
0.08313200000000001
0.08494800000000001
0.08456800000000002
0.08592400000000001
0.08643600000000001
0.08809200000000005
0.08452400000000003
0.08537600000000001
0.08560400000000001
0.08464
0.08640800000000001
0.08333200000000002
0.08433600000000002
0.08641200000000002
0.08215200000000002
0.08537200000000002
0.08561600000000001
0.08286400000000001
0.08399200000000002
0.08385200000000002
0.08250800000000001
0.08808800000000004
0.08342400000000003
0.086316
0.08374400000000001
0.08610400000000001
0.08428800000000002
0.08547200000000002
0.08703200000000003
0.08196000000000002
0.08534000000000001
0.085264
0.08556000000000001
0.08563200000000001
0.08569600000000001
0.08713600000000002
0.08729600000000001
0.08650000000000002
0.08146400000000002
0.08639600000000001
0.085
0.08646000000000001
0.08325600000000001
0.084784
0.080152
0.08340000000000003
0.08443600000000002
0.08241600000000002
0.08649600000000003
0.08142800000000001
0.08652800000000002
0.08468800000000001
0.08752800000000002
0.08804400000000004
0.08652400000000002
0.08436400000000002
0.08058800000000005
0.08389200000000002
0.08644800000000001
0.08580000000000002
0.08496000000000001
0.08314000000000002
0.08764000000000002
0.08633200000000002
0.08418000000000002
0.085764
0.08660800000000003
0.08716000000000002
0.08510400000000001
0.08562800000000001
0.08614800000000002
0.08750800000000002
0.08629200000000002
0.08572800000000001
0.081184
0.08622000000000002
0.08713200000000001
0.084764
0.084908
0.08394400000000002
0.08815600000000004
0.08503200000000001
0.08851600000000005
0.086124
0.08418400000000001
0.08813600000000003
0.08274400000000001
0.08635200000000001
0.08277200000000001
0.08686800000000001
0.08624400000000002
0.08456400000000003
0.08558800000000001
0.08536400000000002
0.08661200000000002
0.08567600000000002
0.08819600000000004
0.08575600000000001
0.08600400000000001
0.08671200000000004
0.08336800000000001
0.08726000000000002
0.08135200000000002
0.08534800000000001
0.08291200000000001
0.08628400000000001
0.08453600000000001
0.08790000000000003
0.084896
0.084664
0.08556400000000002
0.086124
0.08752400000000002
0.08292000000000002
0.085736
0.08342000000000002
0.08550400000000001
0.08749200000000001
0.08430000000000003
0.085028
0.08538000000000001
0.08556400000000002
0.08264000000000002
0.08632800000000002
0.08749600000000002
0.08136000000000002
0.08561600000000003
0.08568800000000001
0.08418000000000002
0.08784800000000004
0.08664800000000003
0.08607600000000001
0.08670400000000003
0.08710800000000003
0.08479600000000001
0.08518800000000001
0.08671200000000003
0.08425600000000001
0.08344400000000002
0.08525600000000001
0.08149200000000002
0.08429200000000002
0.08659600000000002
0.08627200000000002
0.07855199999999997
0.08789600000000004
0.08701200000000002
0.08519600000000001
0.084748
0.08472800000000001
0.08147600000000002
0.08466
0.08637200000000002
0.08535200000000001
0.085036
0.08460400000000001
0.08436800000000001
0.08706800000000002
0.08505200000000002
0.07955599999999999
0.08350400000000002
0.08374400000000001
0.085008
0.08521200000000001
0.085456
0.08574000000000001
0.08633600000000001
0.08572000000000002
0.086164
0.08542400000000001
0.08623200000000002
0.08514400000000001
0.085664
0.08682400000000003
0.08760800000000002
0.08276000000000001
0.08537600000000001
0.08546000000000001
0.08671200000000003
0.08683200000000002
0.08536400000000001
0.08667600000000002
0.08558000000000002
0.08667200000000003
0.08416000000000001
0.08282400000000001
0.08392800000000002
0.085396
0.08823200000000003
0.085416
0.08406000000000001
0.084792
0.08410800000000002
0.08538000000000001
0.08567200000000001
0.085356
0.08196800000000001
0.08152400000000003
0.084968
0.085172
0.08706400000000002
0.08393600000000002
0.08708400000000002
0.08582800000000002
0.08628400000000001
0.085344
0.08392400000000003
0.08448800000000002
0.08422000000000002
0.081712
0.08768800000000002
0.08366800000000002
0.08726400000000002
0.08456400000000003
0.08674400000000003
0.08705600000000002
0.08429600000000002
0.08588000000000001
0.08625200000000001
0.08798000000000004
0.08450400000000002
0.08657600000000003
0.08708000000000002
0.08515600000000001
0.08683600000000002
0.08252000000000001
0.08612800000000001
0.08869200000000003
0.079752
0.08435600000000001
0.08440400000000002
0.08715600000000001
0.08517600000000002
0.08628000000000001
0.08872000000000003
0.08810400000000004
0.08255200000000001
0.08566800000000002
0.08496000000000001
0.08694000000000002
0.085292
0.08005599999999999
0.08710000000000002
0.08624400000000002
0.08746400000000003
0.08630800000000001
0.08232000000000002
0.08629200000000001
0.08602400000000002
0.08333200000000002
0.08587600000000001
0.08343200000000002
0.08424800000000003
0.08661200000000002
0.08200400000000002
0.08593200000000002
0.08495600000000002
0.08654800000000003
0.08461600000000002
0.08760000000000003
0.08448800000000002
0.08350000000000002
0.08375600000000001
0.08750800000000002
0.08757600000000001
0.08576000000000002
0.08514800000000002
0.084908
0.08089600000000001
0.08682400000000003
0.08198400000000002
0.08593200000000002
0.08295600000000002
0.08403200000000001
0.08464
0.08705200000000002
0.08548800000000001
0.08312400000000002
0.079
0.08547600000000001
0.08722800000000001
0.08274400000000001
0.08547600000000001
0.08437200000000003
0.08505200000000002
0.08372000000000002
0.08513600000000002
0.08650400000000003
0.08102800000000003
0.08606400000000002
0.08421200000000002
0.08779200000000004
0.08541200000000002
0.08306000000000001
0.08506
0.08382000000000002
0.08804800000000003
0.08281600000000001
0.08636400000000001
0.08455600000000002
0.08656000000000003
0.08697200000000002
0.08796400000000003
0.08604400000000002
0.08168
0.08536000000000002
0.08668800000000003
0.08357200000000002
0.08426400000000002
0.08556000000000001
0.086256
0.08637600000000001
0.08469600000000001
0.08182800000000001
0.08753600000000003
0.08402400000000002
0.08303200000000002
0.086164
0.08314000000000002
0.08458800000000002
0.08521600000000001
0.08826800000000004
0.08632800000000002
0.08638400000000002
0.08574800000000002
0.08340400000000002
0.08472400000000001
0.08479600000000001
0.08418400000000001
0.08740000000000002
0.08818000000000004
0.08764400000000001
0.08468800000000001
0.08668400000000002
0.08634000000000001
0.08442400000000003
0.08312800000000002
0.08554800000000001
0.08452400000000003
0.08496000000000001
0.08622800000000003
0.08540400000000001
0.08700800000000003
0.08562000000000002
0.08194400000000002
0.08702800000000002
0.08755600000000002
0.08469600000000001
0.08552
0.08412400000000002
0.08754800000000003
0.085416
0.08586800000000001
0.08828800000000003
0.08372400000000002
0.0826
0.08286000000000002
0.08620000000000001
0.08476000000000002
0.08322400000000002
0.08793600000000004
0.08450400000000002
0.08700000000000002
0.08250800000000001
0.08684400000000002
0.08791200000000003
0.08649200000000001
0.080712
0.08632800000000002
0.08620800000000002
0.08322800000000002
0.08371600000000001
0.08602400000000002
0.08518400000000001
0.08616000000000001
0.08791200000000005
0.08637200000000002
0.08732800000000002
0.08169600000000002
0.084732
0.08360000000000001
0.085304
0.08456400000000003
0.08739600000000003
0.08883600000000004
0.08760800000000002
0.08672000000000003
0.08561200000000001
0.08285200000000002
0.08836400000000003
0.08761200000000002
0.08323200000000001
0.08467600000000002
0.08397600000000002
0.08739600000000003
0.08701200000000002
0.08668800000000003
0.08320000000000002
0.08645200000000001
0.08763600000000002
0.08595200000000001
0.08336000000000003
0.08512400000000002
0.08655200000000002
0.08415600000000002
0.08844800000000004
0.08569600000000001
0.08695600000000003
0.08344800000000001
0.08541200000000002
0.08171600000000001
0.08664400000000003
0.084984
0.085652
0.08452800000000002
0.08344000000000001
0.08586000000000002
0.08715600000000001
0.085888
0.08345600000000002
0.08800400000000004
0.08476800000000001
0.08684000000000001
0.08668400000000002
0.085292
0.08428000000000002
0.08700000000000002
0.08650800000000003
0.08539600000000001
0.08653200000000003
0.08537600000000001
0.08638400000000002
0.08744400000000002
0.08400000000000002
0.08320400000000001
0.084844
0.08199600000000001
0.08631200000000001
0.08385200000000002
0.08866400000000005
0.08734400000000002
0.08191600000000002
0.08664000000000002
0.08082800000000001
0.08622800000000003
0.08137200000000001
0.085028
0.08626000000000002
0.08341200000000003
0.085236
0.08289600000000001
0.08665600000000002
0.08762000000000002
0.085208
0.08722000000000002
0.08663600000000002
0.08775200000000002
0.08790400000000004
0.08272800000000002
0.08509200000000001
0.08805600000000004
0.084956
0.08468800000000001
0.08684000000000001
0.08607600000000001
0.080528
0.08535200000000001
0.08550800000000001
0.08684800000000002
0.08422400000000002
0.08553600000000001
0.08532800000000001
0.08574000000000002
0.08647200000000001
0.085928
0.08833600000000004
0.08512
0.08730400000000002
0.08475600000000001
0.08621600000000001
0.085148
0.08633200000000002
0.08524000000000001
0.08316800000000002
0.08547200000000002
0.08416800000000002
0.08537200000000002
0.08602400000000002
0.085888
0.08602400000000002
0.08377200000000001
0.08730800000000001
0.08371600000000001
0.08381200000000003
0.085136
0.08480800000000001
0.08738400000000003
0.08396000000000002
0.08784800000000004
0.08537200000000002
0.08745200000000002
0.08632800000000002
0.08696400000000003
0.085056
0.08303200000000002
0.08734000000000001
0.08571600000000001
0.08486800000000001
0.08704800000000003
0.08736400000000002
0.08607600000000001
0.08511600000000001
0.08545200000000001
0.08534000000000001
0.08299200000000002
0.08638000000000001
0.08772000000000002
0.08401200000000002
0.08679600000000001
0.08214000000000002
0.08646400000000001
0.08462400000000002
0.08606000000000001
0.08440400000000002
0.08597600000000001
0.08667600000000002
0.08337200000000002
0.08382800000000001
0.08450400000000002
0.085664
0.08926400000000004
0.08747200000000002
0.08700400000000003
0.08591600000000002
0.08086800000000001
0.08845200000000004
0.084956
0.08397600000000002
0.08528400000000001
0.08606800000000002
0.08648000000000002
0.08416400000000002
0.08548800000000001
0.08718000000000002
0.08388000000000002
0.08392800000000002
0.08248800000000002
0.08518
0.085444
0.08432400000000002
0.08894400000000004
0.08347600000000002
0.08809600000000004
0.08686400000000002
0.08564800000000002
0.08680000000000002
0.08744400000000002
0.08341600000000002
0.08670000000000003
0.08338800000000002
0.08544800000000001
0.08630000000000002
0.08577200000000001
0.08835200000000003
0.08437200000000003
0.08369600000000002
0.080188
0.085692
0.08740800000000001
0.08349200000000002
0.08596000000000001
0.08696400000000003
0.08443200000000002
0.08670000000000003
0.08619200000000002
0.08396
0.08225200000000002
0.08517600000000002
0.086388
0.08741600000000002
0.08539200000000001
0.08719200000000002
0.08562800000000001
0.08420000000000002
0.08631200000000001
0.08821200000000004
0.08788000000000003
0.08520000000000001
0.08654000000000002
0.08131200000000002
0.079976
0.08403600000000001
0.08683200000000002
0.08424000000000002
0.084784
0.08405200000000002
0.08774000000000003
0.08720400000000002
0.0855
0.08365600000000002
0.08373600000000002
0.08547600000000001
0.08534800000000001
0.08517200000000001
0.08562800000000002
0.08312400000000002
0.08465600000000001
0.08472400000000001
0.086244
0.08268000000000002
0.08686800000000001
0.08751200000000002
0.085368
0.08538000000000001
0.08844400000000004
0.08696800000000002
0.08609200000000002
0.08418800000000003
0.08450000000000002
0.08542000000000001
0.085028
0.08542400000000001
0.08476800000000001
0.08892400000000003
0.08448800000000002
0.08697600000000003
0.085172
0.08668400000000002
0.08592400000000001
0.086052
0.08380000000000003
0.08730000000000002
0.08477200000000001
0.085132
0.08435200000000002
0.08466
0.08686400000000002
0.08742400000000003
0.084664
0.08646000000000001
0.08288800000000002
0.08702000000000003
0.08627200000000002
0.08723600000000002
0.085236
0.08740400000000002
0.08606400000000002
0.084692
0.08419200000000002
0.08598400000000002
0.08737200000000002
0.085428
0.08269200000000002
0.084704
0.08807200000000004
0.08384400000000002
0.08742000000000003
0.08231200000000001
0.08689200000000002
0.08421200000000001
0.08366400000000002
0.08563600000000002
0.085068
0.08494000000000002
0.08600400000000001
0.08466
0.08530800000000001
0.08532000000000001
0.08438000000000002
0.08285200000000002
0.08850400000000005
0.08587600000000001
0.08549200000000001
0.08657600000000003
0.08740000000000002
0.08528800000000002
0.08415200000000002
0.08294000000000001
0.08670800000000002
0.08536800000000001
0.08262800000000002
0.08669200000000002
0.08626400000000002
0.08548800000000001
0.08704400000000002
0.08468400000000001
0.08044
0.08781200000000003
0.08725600000000001
0.085236
0.08177200000000001
0.08738800000000002
0.08386800000000001
0.086052
0.08578000000000001
0.08416400000000002
0.08888000000000004
0.08396800000000001
0.08490400000000001
0.08599600000000002
0.08727600000000002
0.08735600000000002
0.08818800000000003
0.08545200000000001
0.08692800000000002
0.085056
0.08613600000000002
0.08782000000000002
0.08700400000000003
0.08602400000000002
0.08568800000000001
0.084816
0.08539600000000001
0.08730800000000001
0.08363200000000001
0.08638000000000001
0.08711200000000002
0.08856400000000005
0.08373200000000001
0.08324800000000002
0.08517600000000002
0.08721200000000003
0.08681600000000002
0.08407200000000001
0.08672800000000001
0.085068
0.08718400000000003
0.08539200000000001
0.08512
0.08752000000000001
0.08613200000000001
0.08468400000000001
0.08735200000000003
0.08350000000000002
0.08746000000000002
0.08631600000000002
0.08506000000000001
0.08752800000000002
0.08642400000000001
0.08092400000000001
0.08614000000000001
0.08717200000000003
0.08740800000000001
0.085916
0.08580000000000002
0.08533600000000001
0.08624400000000002
0.08773200000000002
0.08702800000000004
0.08876400000000004
0.08694800000000003
0.08204400000000002
0.08519600000000001
0.08590800000000001
0.08683600000000002
0.08643200000000002
0.08414800000000001
0.08631200000000001
0.08721600000000002
0.085916
0.08378400000000001
0.08678800000000002
0.08732800000000002
0.08700400000000003
0.08642400000000001
0.08634800000000001
0.08552000000000001
0.08674400000000002
0.08272800000000002
0.08714400000000003
0.08434000000000003
0.085624
0.08169600000000002
0.08693600000000003
0.08752000000000001
0.08666000000000003
0.08292000000000002
0.08905600000000004
0.08190400000000002
0.08658400000000002
0.08628400000000001
0.08835600000000005
0.08660000000000002
0.08584000000000001
0.08825600000000004
0.08646800000000002
0.08827200000000003
0.08472
0.08629600000000001
0.08437200000000003
0.08762400000000002
0.08441600000000002
0.08279200000000002
0.08492400000000001
0.08756800000000002
0.08442000000000002
0.08335200000000002
0.08300400000000002
0.08508
0.085192
0.08876800000000004
0.08644
0.08814000000000004
0.08316400000000002
0.08734800000000002
0.084856
0.08610000000000001
0.08536000000000002
0.08428000000000002
0.08682400000000003
0.08444400000000003
0.08417600000000003
0.08345600000000002
0.08321600000000003
0.08646000000000001
0.08766000000000003
0.084856
0.08624000000000001
0.08620800000000002
0.08508800000000001
0.08496000000000001
0.085916
0.08563600000000002
0.08803200000000004
0.08712800000000002
0.08169600000000002
0.08749600000000002
0.08548800000000001
0.08204800000000002
0.08625200000000001
0.08373200000000001
0.08881200000000003
0.08282000000000002
0.08448800000000002
0.08610800000000002
0.08571200000000001
0.08287600000000002
0.08403200000000001
0.08441600000000002
0.086164
0.08403200000000001
0.085192
0.08521600000000001
0.08719600000000001
0.08767600000000002
0.08738400000000003
0.08438800000000002
0.08566000000000001
0.08692800000000002
0.08494000000000002
0.085208
0.08732400000000003
0.084984
0.08504
0.08456400000000003
0.0864
0.085652
