-0.0009561852786722717
-0.0008255545554199219
-0.00030072604318237306
-6.033123827319336e-05
-4.395194130618286e-05
-1.8471224781982422e-05
4.6499859733581545e-06
2.2635082069000243e-05
2.2635082069000243e-05
2.2635082069000243e-05
2.2635082069000243e-05
2.3577441884277343e-05
2.3577441884277343e-05
2.3577441884277343e-05
3.0040646739227294e-05
6.280761157446289e-05
6.280761157446289e-05
6.280761157446289e-05
8.73456081875e-05
9.829478348242188e-05
0.00011916606064987182
0.00015151590599819947
0.00015151590599819947
0.00015151590599819947
0.0003771612295493164
0.0003771612295493164
0.0003771612295493164
0.0003771612295493164
0.0003771612295493164
0.00039655626991503905
0.0004132572952279968
0.0004918807723200683
0.000606702985516571
0.0010845900385812682
0.0010845900385812682
0.0010845900385812682
0.0010845900385812682
0.001372632558284668
0.001596753389671875
0.001807085094811493
0.001807085094811493
0.001807085094811493
0.002524881210028412
0.0025387432733993834
0.003640940715375
0.003640940715375
0.004688829569335937
0.004688829569335937
0.004688829569335937
0.004688829569335937
0.004688829569335937
0.004890170753229035
0.004890170753229035
0.004890170753229035
0.005260898492744842
0.005260898492744842
0.005260898492744842
0.005260898492744842
0.005260898492744842
0.006067001521834198
0.006067001521834198
0.006067001521834198
0.006067001521834198
0.006465023333889557
0.006530298457816986
0.007542868067169678
0.007744536337786163
0.007744536337786163
0.007744536337786163
0.007744536337786163
0.007744536337786163
0.007744536337786163
0.007744536337786163
0.00803187760413623
0.00803187760413623
0.00803187760413623
0.00803187760413623
0.00803187760413623
0.00803187760413623
0.00803187760413623
0.00803187760413623
0.008229648802671142
0.008229648802671142
0.008229648802671142
0.00877622494275
0.00877622494275
0.00877622494275
0.009854487669858643
0.009854487669858643
0.009854487669858643
0.009854487669858643
0.009854487669858643
0.011159135298399384
0.011159135298399384
0.011159135298399384
0.011159135298399384
0.011159135298399384
0.01122596933794629
0.012670357731348388
0.012670357731348388
0.012670357731348388
0.013350114410115478
0.013350114410115478
0.013350114410115478
0.013350114410115478
0.013350114410115478
0.013350114410115478
0.013350114410115478
0.014540475733969483
0.014540475733969483
0.014540475733969483
0.014540475733969483
0.014540475733969483
0.015539817369050048
0.015983391253811433
0.015983391253811433
0.015983391253811433
0.016309952849381013
0.016309952849381013
0.016309952849381013
0.016309952849381013
0.016309952849381013
0.01673678804165747
0.01673678804165747
0.01711434070839688
0.01711434070839688
0.017546885336322753
0.018029815727625
0.018029815727625
0.018029815727625
0.018029815727625
0.018029815727625
0.018029815727625
0.018029815727625
0.018029815727625
0.018029815727625
0.01868492001976773
0.01868492001976773
0.023459208088965056
0.023459208088965056
0.023459208088965056
0.023459208088965056
0.023459208088965056
0.023459208088965056
0.023459208088965056
0.023459208088965056
0.023459208088965056
0.023459208088965056
0.023459208088965056
0.023459208088965056
0.023459208088965056
0.023459208088965056
0.023459208088965056
0.023459208088965056
0.023459208088965056
0.026251853998882295
0.026251853998882295
0.026251853998882295
0.026251853998882295
0.026251853998882295
0.026251853998882295
0.026251853998882295
0.026251853998882295
0.026251853998882295
0.026251853998882295
0.026251853998882295
0.026251853998882295
0.026251853998882295
0.026251853998882295
0.026251853998882295
0.026251853998882295
0.026251853998882295
0.026251853998882295
0.027129268883276124
0.027129268883276124
0.027129268883276124
0.027129268883276124
0.027129268883276124
0.027129268883276124
0.027129268883276124
0.027129268883276124
0.027129268883276124
0.02939669614267349
0.02939669614267349
0.02939669614267349
0.02939669614267349
0.02939669614267349
0.02939669614267349
0.02939669614267349
0.02939669614267349
0.030518218350326903
0.030518218350326903
0.030518218350326903
0.030518218350326903
0.030518218350326903
0.030518218350326903
0.030518218350326903
0.030518218350326903
0.030518218350326903
0.030518218350326903
0.030518218350326903
0.030518218350326903
0.030518218350326903
0.030518218350326903
0.030518218350326903
0.030518218350326903
0.030518218350326903
0.030518218350326903
0.030518218350326903
0.030518218350326903
0.030518218350326903
0.030518218350326903
0.030518218350326903
0.030518218350326903
0.030518218350326903
0.030518218350326903
0.030518218350326903
0.030518218350326903
0.030518218350326903
0.030518218350326903
0.030518218350326903
0.030518218350326903
0.030518218350326903
0.030518218350326903
0.030518218350326903
0.030518218350326903
0.030518218350326903
0.030518218350326903
0.030518218350326903
0.030518218350326903
0.030518218350326903
0.030518218350326903
0.030518218350326903
0.030518218350326903
0.030518218350326903
0.030518218350326903
0.030518218350326903
0.030518218350326903
0.030518218350326903
0.030518218350326903
0.030518218350326903
0.030518218350326903
0.030518218350326903
0.030518218350326903
0.030518218350326903
0.030518218350326903
0.030518218350326903
0.030518218350326903
0.030518218350326903
0.030518218350326903
0.030518218350326903
0.030518218350326903
0.030518218350326903
0.030518218350326903
0.030518218350326903
0.030518218350326903
0.030518218350326903
0.030518218350326903
0.030518218350326903
0.030518218350326903
0.030518218350326903
0.030518218350326903
0.030518218350326903
0.030518218350326903
0.030518218350326903
0.030518218350326903
0.030518218350326903
0.030518218350326903
0.030518218350326903
0.030518218350326903
0.030518218350326903
0.030518218350326903
0.030518218350326903
0.030518218350326903
0.030518218350326903
0.030518218350326903
0.030518218350326903
0.031167075922710417
0.031167075922710417
0.03453068025780142
0.03453068025780142
0.035485877575806395
0.035485877575806395
0.035485877575806395
0.035485877575806395
0.035485877575806395
0.035485877575806395
0.035485877575806395
0.035485877575806395
0.035485877575806395
0.035485877575806395
0.035485877575806395
0.035485877575806395
0.035485877575806395
0.035485877575806395
0.035485877575806395
0.035485877575806395
0.035485877575806395
0.035485877575806395
0.035485877575806395
0.035485877575806395
0.035485877575806395
0.035485877575806395
0.035485877575806395
0.035485877575806395
0.035485877575806395
0.035485877575806395
0.035485877575806395
0.035485877575806395
0.0357395434426582
0.0357395434426582
0.0357395434426582
0.0357395434426582
0.0357395434426582
0.0357395434426582
0.0357395434426582
0.0357395434426582
0.0357395434426582
0.0357395434426582
0.0357395434426582
0.0357395434426582
0.0357395434426582
0.0357395434426582
0.0357395434426582
0.0357395434426582
0.0357395434426582
0.0357395434426582
0.0357395434426582
0.0357395434426582
0.0357395434426582
0.0357395434426582
0.0357395434426582
0.0357395434426582
0.0357395434426582
0.0357395434426582
0.0357395434426582
0.0357395434426582
0.0357395434426582
0.0357395434426582
0.0357395434426582
0.0357395434426582
0.0357395434426582
0.0357395434426582
0.0357395434426582
0.0357395434426582
0.0357395434426582
0.0357395434426582
0.0357395434426582
0.0357395434426582
0.0357395434426582
0.0357395434426582
0.0357395434426582
0.0357395434426582
0.0357395434426582
0.0357395434426582
0.0357395434426582
0.0357395434426582
0.0357395434426582
0.0357395434426582
0.0357395434426582
0.0357395434426582
0.0357395434426582
0.0357395434426582
0.0357395434426582
0.0357395434426582
0.0357395434426582
0.0357395434426582
0.0357395434426582
0.0357395434426582
0.0357395434426582
0.0357395434426582
0.0357395434426582
0.0357395434426582
0.0357395434426582
0.0357395434426582
0.0357395434426582
0.0357395434426582
0.0357395434426582
0.0357395434426582
0.0357395434426582
0.0357395434426582
0.0357395434426582
0.0357395434426582
0.038876209434866
0.038876209434866
0.038876209434866
0.038876209434866
0.038876209434866
0.038876209434866
0.038876209434866
0.038876209434866
0.038876209434866
0.038876209434866
0.038876209434866
0.038876209434866
0.038876209434866
0.038876209434866
0.038876209434866
0.038876209434866
0.038876209434866
0.038876209434866
0.038876209434866
0.038876209434866
0.038876209434866
0.038876209434866
0.038876209434866
0.038876209434866
0.038876209434866
0.038876209434866
0.038876209434866
0.038876209434866
0.038876209434866
0.038876209434866
0.038876209434866
0.038876209434866
0.038876209434866
0.038876209434866
0.038876209434866
0.038876209434866
0.038876209434866
0.038876209434866
0.038876209434866
0.038876209434866
0.038876209434866
0.038876209434866
0.038876209434866
0.038876209434866
0.038876209434866
0.038876209434866
0.038876209434866
0.038876209434866
0.038876209434866
0.038876209434866
0.038876209434866
0.038876209434866
0.038876209434866
0.038876209434866
0.038876209434866
0.038876209434866
0.038876209434866
0.038876209434866
0.038876209434866
0.038876209434866
0.038876209434866
0.038876209434866
0.038876209434866
0.038876209434866
0.038876209434866
0.038876209434866
0.038876209434866
0.038876209434866
0.038876209434866
0.038876209434866
0.038876209434866
0.038876209434866
0.038876209434866
0.038876209434866
0.038876209434866
0.038876209434866
0.038876209434866
0.038876209434866
0.038876209434866
0.038876209434866
0.038876209434866
0.038876209434866
0.038876209434866
0.038876209434866
0.038876209434866
0.038876209434866
0.038876209434866
0.038876209434866
0.038876209434866
0.038876209434866
0.038876209434866
0.038876209434866
0.038876209434866
0.038876209434866
0.038876209434866
0.038876209434866
0.038876209434866
0.038876209434866
0.038876209434866
0.038876209434866
0.038876209434866
0.038876209434866
0.038876209434866
0.038876209434866
0.038876209434866
0.038876209434866
0.038876209434866
0.038876209434866
0.038876209434866
0.038876209434866
0.038876209434866
0.038876209434866
0.038876209434866
0.038876209434866
0.038876209434866
0.038876209434866
0.038876209434866
0.038876209434866
0.038876209434866
0.038876209434866
0.038876209434866
0.038876209434866
0.038876209434866
0.038876209434866
0.038876209434866
0.038876209434866
0.038876209434866
0.038876209434866
0.038876209434866
0.038876209434866
0.03893229596187354
0.03893229596187354
0.03893229596187354
0.03893229596187354
0.03893229596187354
0.03893229596187354
0.03893229596187354
0.03893229596187354
0.03893229596187354
0.03893229596187354
0.03893229596187354
0.03893229596187354
0.03893229596187354
0.03893229596187354
0.03893229596187354
0.03893229596187354
0.03920501454963937
0.03920501454963937
0.03920501454963937
0.03920501454963937
0.03920501454963937
0.03920501454963937
0.03920501454963937
0.03920501454963937
0.03920501454963937
0.03920501454963937
0.03920501454963937
0.03920501454963937
0.03920501454963937
0.03920501454963937
0.03974846044749832
0.03974846044749832
0.03974846044749832
0.03974846044749832
0.03974846044749832
0.03974846044749832
0.03974846044749832
0.03974846044749832
0.03974846044749832
0.03974846044749832
0.03974846044749832
0.03974846044749832
0.03974846044749832
0.03974846044749832
0.03974846044749832
0.04045712075646817
0.04045712075646817
0.04045712075646817
0.04045712075646817
0.04045712075646817
0.04045712075646817
0.04045712075646817
0.04045712075646817
0.04045712075646817
0.04045712075646817
0.042996361734940675
0.042996361734940675
0.042996361734940675
0.042996361734940675
0.042996361734940675
0.042996361734940675
0.042996361734940675
0.042996361734940675
0.042996361734940675
0.042996361734940675
0.042996361734940675
0.042996361734940675
0.042996361734940675
0.042996361734940675
0.042996361734940675
0.042996361734940675
0.042996361734940675
0.042996361734940675
0.042996361734940675
0.042996361734940675
0.042996361734940675
0.042996361734940675
0.042996361734940675
0.042996361734940675
0.042996361734940675
0.042996361734940675
0.042996361734940675
0.042996361734940675
0.042996361734940675
0.042996361734940675
0.042996361734940675
0.042996361734940675
0.042996361734940675
0.042996361734940675
0.042996361734940675
0.042996361734940675
0.042996361734940675
0.042996361734940675
0.042996361734940675
0.042996361734940675
0.042996361734940675
0.042996361734940675
0.042996361734940675
0.042996361734940675
0.042996361734940675
0.042996361734940675
0.042996361734940675
0.042996361734940675
0.042996361734940675
0.042996361734940675
0.042996361734940675
0.042996361734940675
0.042996361734940675
0.042996361734940675
0.042996361734940675
0.04404011793774414
0.04404011793774414
0.04404011793774414
0.04404011793774414
0.04404011793774414
0.04404011793774414
0.04404011793774414
0.04404011793774414
0.04404011793774414
0.04404011793774414
0.04404011793774414
0.04404011793774414
0.04404011793774414
0.04404011793774414
0.04404011793774414
0.04404011793774414
0.04404011793774414
0.04404011793774414
0.04404011793774414
0.04404011793774414
0.04404011793774414
0.04404011793774414
0.04404011793774414
0.04404011793774414
0.04404011793774414
0.04404011793774414
0.04404011793774414
0.045768340976573944
0.045768340976573944
0.045768340976573944
0.045768340976573944
0.045768340976573944
0.045768340976573944
0.04582369760353906
0.04582369760353906
0.04582369760353906
0.04582369760353906
0.04582369760353906
0.04582369760353906
0.04582369760353906
0.04582369760353906
0.04582369760353906
0.04582369760353906
0.04582369760353906
0.04582369760353906
0.04582369760353906
0.04582369760353906
0.04582369760353906
0.04582369760353906
0.04582369760353906
0.04746788566956711
0.04746788566956711
0.04746788566956711
0.04746788566956711
0.04746788566956711
0.04746788566956711
0.04746788566956711
0.04746788566956711
0.04746788566956711
0.04746788566956711
0.04746788566956711
0.04746788566956711
0.04746788566956711
0.04746788566956711
0.04746788566956711
0.04746788566956711
0.04746788566956711
0.04746788566956711
0.04746788566956711
0.04746788566956711
0.04746788566956711
0.04746788566956711
0.04746788566956711
0.04746788566956711
0.04746788566956711
0.04746788566956711
0.04746788566956711
0.04746788566956711
0.04746788566956711
0.04746788566956711
0.04746788566956711
0.04746788566956711
0.04746788566956711
0.04746788566956711
0.04746788566956711
0.04746788566956711
0.04746788566956711
0.04746788566956711
0.04746788566956711
0.04746788566956711
0.04746788566956711
0.04746788566956711
0.04746788566956711
0.04746788566956711
0.04746788566956711
0.04746788566956711
0.04746788566956711
0.04746788566956711
0.04746788566956711
0.04746788566956711
0.04746788566956711
0.04746788566956711
0.04746788566956711
0.04746788566956711
0.04746788566956711
0.04746788566956711
0.04746788566956711
0.04746788566956711
0.04746788566956711
0.04746788566956711
0.04746788566956711
0.04746788566956711
0.04746788566956711
0.04746788566956711
0.04746788566956711
0.04746788566956711
0.04825979374258081
0.04825979374258081
0.04825979374258081
0.04825979374258081
0.04825979374258081
0.04825979374258081
0.049646118710716065
0.049646118710716065
0.049646118710716065
0.049646118710716065
0.049646118710716065
0.049646118710716065
0.049646118710716065
0.049646118710716065
0.049646118710716065
0.049646118710716065
0.049646118710716065
0.049646118710716065
0.049646118710716065
0.049646118710716065
0.049646118710716065
0.049646118710716065
0.049646118710716065
0.049646118710716065
0.049646118710716065
0.049646118710716065
0.049646118710716065
0.049646118710716065
0.049646118710716065
0.049646118710716065
0.049646118710716065
0.049646118710716065
0.049646118710716065
0.049646118710716065
0.049646118710716065
0.049646118710716065
0.049646118710716065
0.049646118710716065
0.049646118710716065
0.05111658280713818
0.05111658280713818
0.05111658280713818
0.05111658280713818
0.05111658280713818
0.05155926107684106
0.05155926107684106
0.05155926107684106
0.05155926107684106
0.05155926107684106
0.05155926107684106
0.05155926107684106
0.052275678766182346
0.052275678766182346
0.052275678766182346
0.053074000059570955
0.053074000059570955
0.053074000059570955
0.058898622897964596
0.058898622897964596
0.058898622897964596
0.058898622897964596
0.06163627747671167
0.06163627747671167
0.06163627747671167
0.06163627747671167
0.06163627747671167
0.06163627747671167
0.06163627747671167
0.06163627747671167
0.06163627747671167
0.06163627747671167
0.06163627747671167
0.06163627747671167
0.06163627747671167
0.06163627747671167
0.06163627747671167
0.06163627747671167
0.06163627747671167
0.06163627747671167
0.06163627747671167
0.06163627747671167
0.06163627747671167
0.06163627747671167
0.06590268500243643
0.06590268500243643
0.06590268500243643
0.06590268500243643
0.06590268500243643
0.06590268500243643
0.06590268500243643
0.06590268500243643
0.06590268500243643
0.06590268500243643
0.06590268500243643
0.06590268500243643
0.06590268500243643
0.06590268500243643
0.06590268500243643
0.06590268500243643
0.06590268500243643
0.06590268500243643
0.06590268500243643
0.06590268500243643
0.06590268500243643
0.06590268500243643
0.06590268500243643
0.06590268500243643
0.06590268500243643
0.06590268500243643
0.06590268500243643
0.06590268500243643
0.06590268500243643
0.06590268500243643
0.06590268500243643
0.06590268500243643
0.06590268500243643
0.06590268500243643
0.06590268500243643
0.06590268500243643
0.06590268500243643
0.06590268500243643
0.06590268500243643
0.06590268500243643
0.06590268500243643
0.06590268500243643
0.06590268500243643
0.06590268500243643
0.06590268500243643
0.06590268500243643
0.06590268500243643
0.06590268500243643
0.06590268500243643
0.06590268500243643
0.06590268500243643
0.06590268500243643
0.06590268500243643
0.06590268500243643
0.06590268500243643
0.06590268500243643
0.06590268500243643
0.06590268500243643
0.06590268500243643
0.06590268500243643
0.06590268500243643
0.06590268500243643
0.06590268500243643
0.06590268500243643
0.06590268500243643
0.06590268500243643
0.06590268500243643
0.06590268500243643
0.06590268500243643
0.06590268500243643
0.06590268500243643
0.06590268500243643
0.06590268500243643
0.06590268500243643
0.06590268500243643
0.06590268500243643
0.06590268500243643
0.06590268500243643
0.06590268500243643
0.06590268500243643
0.06590268500243643
0.06590268500243643
0.06590268500243643
0.06590268500243643
0.06590268500243643
0.06590268500243643
0.06590268500243643
0.06590268500243643
0.06590268500243643
0.06590268500243643
0.06590268500243643
0.06590268500243643
0.06590268500243643
0.06590268500243643
0.06590268500243643
0.06590268500243643
0.06590268500243643
0.06590268500243643
0.06590268500243643
0.06590268500243643
0.06590268500243643
0.06590268500243643
0.06590268500243643
0.06590268500243643
0.06590268500243643
0.06590268500243643
0.06590268500243643
0.06590268500243643
0.06590268500243643
0.06590268500243643
0.06590268500243643
0.06590268500243643
0.06590268500243643
0.06590268500243643
0.06590268500243643
0.06590268500243643
0.06590268500243643
0.06590268500243643
0.06590268500243643
0.06713387570399856
0.06713387570399856
0.06713387570399856
0.06713387570399856
0.06713387570399856
0.06713387570399856
0.06713387570399856
0.06713387570399856
0.06713387570399856
0.06713387570399856
0.06713387570399856
0.06713387570399856
0.06713387570399856
0.06713387570399856
0.06713387570399856
0.06713387570399856
0.06713387570399856
0.06713387570399856
0.06713387570399856
0.06713387570399856
0.06713387570399856
0.06713387570399856
0.06713387570399856
0.06713387570399856
0.06713387570399856
0.06713387570399856
0.06713387570399856
0.06713387570399856
0.06713387570399856
0.06713387570399856
0.06713387570399856
0.06713387570399856
0.06713387570399856
0.06713387570399856
0.06713387570399856
0.06713387570399856
0.06713387570399856
0.06713387570399856
0.06713387570399856
0.06713387570399856
0.06713387570399856
0.06713387570399856
0.06713387570399856
0.06713387570399856
0.06713387570399856
0.06713387570399856
0.06713387570399856
0.06713387570399856
0.06713387570399856
0.06713387570399856
0.06713387570399856
0.06713387570399856
0.06713387570399856
0.06713387570399856
0.06713387570399856
0.06713387570399856
0.06713387570399856
0.06713387570399856
0.06713387570399856
0.06713387570399856
