0.011494799999999998
0.024249759999999995
0.03078928
0.0361008
0.04365719999999999
0.04389943999999999
0.047298559999999996
0.05088135999999999
0.05625727999999999
0.05757264
0.06132056
0.06473032000000001
0.06575808
0.06821112
0.06957368000000001
0.06873744
0.0731668
0.07397472
0.07565351999999999
0.07588528
0.07605951999999999
0.07944767999999999
0.07902176000000001
0.08003848
0.0799376
0.08063287999999998
0.0830848
0.08348887999999999
0.08337367999999999
0.08570327999999998
0.08359511999999998
0.08563944
0.08509159999999998
0.08625223999999998
0.08695024000000001
0.08681008
0.08664551999999998
0.08821528000000001
0.08839984000000001
0.0889264
0.09040848
0.08986128
0.09004136000000001
0.09277776000000001
0.09360336
0.09238247999999999
0.09413168000000001
0.09518224
0.09567967999999999
0.09691783999999998
0.0965224
0.09726047999999998
0.09745655999999998
0.09754215999999999
0.09908504000000001
0.09812679999999999
0.09827327999999996
0.09956303999999998
0.10047255999999997
0.09867727999999996
0.10019143999999995
0.10059655999999995
0.10001319999999997
0.10040711999999997
0.10191911999999997
0.10404359999999996
0.10558895999999994
0.10550175999999993
0.10326975999999995
0.10199095999999994
0.10489007999999997
0.10650951999999993
0.10706031999999992
0.10741615999999993
0.10875055999999994
0.10842151999999991
0.1076982399999999
0.1098951199999999
0.10931903999999991
0.11030247999999991
0.1102383999999999
0.10994431999999994
0.11033775999999992
0.11089759999999993
0.11401647999999989
0.11253671999999991
0.11255303999999992
0.11405799999999991
0.11534583999999992
0.1142634399999999
0.11508007999999992
0.11761607999999991
0.1170963199999999
0.1196663999999999
0.11965823999999989
0.1201055999999999
0.1229129599999999
0.1235148799999999
0.12266647999999991
0.12108399999999989
0.12452575999999987
0.12399383999999988
0.12301175999999987
0.1250051199999999
0.12259663999999992
0.12459215999999991
0.12317215999999988
0.1249341599999999
0.12499151999999988
0.12543807999999992
0.1257535999999999
0.12572991999999988
0.1241164799999999
0.1278204799999999
0.12939407999999988
0.12654247999999987
0.12728655999999988
0.12740079999999993
0.1307191199999999
0.1308683199999999
0.1311359199999999
0.12779735999999992
0.12836103999999993
0.1311004799999999
0.13195543999999992
0.13003087999999996
0.13130255999999996
0.13045471999999994
0.13334991999999996
0.1331681599999999
0.13269231999999992
0.1309788799999999
0.1345035199999999
0.13166287999999995
0.13484711999999993
0.13464639999999992
0.13562207999999992
0.1374743999999999
0.1367607999999999
0.13350391999999991
0.13524247999999994
0.13564215999999993
0.13478407999999992
0.13605327999999994
0.13496103999999995
0.1372500799999999
0.13515895999999994
0.13736623999999995
0.13543679999999994
0.13662879999999997
0.13689471999999991
0.13647543999999995
0.13794287999999993
0.13735943999999994
0.13700471999999994
0.13984047999999993
0.13671919999999996
0.13864607999999992
0.13748887999999992
0.13710727999999994
0.13839407999999995
0.13946575999999994
0.13883999999999994
0.1382546399999999
0.13969863999999993
0.13676031999999994
0.13935359999999994
0.13940463999999994
0.1395689599999999
0.13796543999999994
0.1386726399999999
0.13833703999999997
0.13914255999999992
0.13620151999999996
0.13842775999999996
0.14047759999999992
0.13897351999999993
0.13997719999999997
0.13824375999999994
0.13743511999999994
0.13948575999999993
0.1394239999999999
0.13774087999999993
0.14064799999999994
0.13937183999999994
0.13803783999999994
0.13831759999999993
0.13915839999999993
0.14080343999999992
0.14024695999999992
0.14207679999999992
0.1424027199999999
0.14104183999999992
0.14082527999999994
0.14148423999999993
0.1411279199999999
0.14180679999999993
0.14211231999999993
0.14154183999999995
0.14054263999999994
0.1409571199999999
0.13966127999999997
0.14046759999999994
0.14179431999999995
0.14147303999999994
0.14054583999999998
0.14073023999999995
0.14112327999999993
0.13910183999999998
0.14185399999999995
0.14110551999999993
0.14110695999999995
0.13936079999999992
0.14028495999999996
0.14080943999999995
0.14067543999999996
0.14024943999999995
0.14068607999999994
0.14151215999999997
0.13988159999999994
0.13909407999999995
0.13961791999999992
0.13992375999999995
0.14094903999999991
0.13998383999999997
0.14139599999999994
0.14065287999999995
0.13983119999999996
0.13933175999999994
0.13985815999999995
0.14087223999999993
0.14163127999999994
0.14174575999999997
0.14211711999999996
0.14149823999999994
0.14192559999999993
0.14083567999999994
0.14048711999999994
0.14313479999999992
0.14044727999999995
0.14127055999999993
0.14018247999999994
0.14109327999999993
0.14373703999999995
0.14167735999999992
0.14276383999999995
0.14134407999999996
0.14239007999999995
0.14320319999999995
0.14177439999999994
0.14281247999999994
0.14173823999999993
0.14239047999999993
0.14291687999999994
0.1412702399999999
0.14365735999999993
0.14263087999999993
0.14092511999999993
0.14187247999999994
0.14244143999999992
0.14151151999999995
0.14201287999999995
0.14099295999999994
0.14418911999999992
0.14189535999999994
0.14198239999999993
0.14229655999999993
0.14135711999999992
0.14275031999999993
0.14385935999999994
0.14397567999999994
0.14387303999999992
0.14390039999999996
0.14510127999999994
0.14249175999999994
0.14348015999999994
0.14195855999999996
0.14103087999999997
0.14276727999999997
0.14448239999999996
0.1427104
0.14446111999999997
0.14432999999999996
0.14566911999999996
0.1433952
0.14488495999999998
0.14382543999999997
0.14588727999999995
0.14419903999999997
0.14723311999999997
0.14344751999999997
0.14207952000000001
0.14546672
0.14424208
0.14278007999999998
0.1444644
0.14542615999999997
0.14385224
0.14410208000000002
0.14326647999999997
0.14502791999999998
0.14464992
0.14407664
0.14490456
0.14504647999999998
0.14668807999999997
0.14480672
0.14549007999999997
0.14553135999999997
0.14418119999999998
0.14655487999999997
0.14520599999999997
0.14474920000000002
0.14631184
0.14622855999999998
0.14557304
0.14679415999999998
0.14645703999999996
0.14610248
0.14633511999999999
0.14602456
0.14677576
0.14773199999999997
0.14635719999999997
0.14656824
0.14384271999999998
0.14594752
0.14518647999999998
0.14726008
0.14563512
0.14738304
0.14647896
0.14823911999999997
0.14880423999999998
0.1483736
0.1500304
0.1490344
0.14819656
0.14905128
0.14836896
0.14900616
0.14841184
0.14812751999999998
0.1495356
0.14984912
0.15019472
0.14905592
0.14967560000000002
0.15148776000000003
0.14970599999999998
0.15096343999999998
0.15209648
0.15025432
0.1509348
0.15077959999999999
0.15030048000000001
0.15278271999999998
0.1508488
0.15158064
0.15054504
0.15226032
0.15117
0.15173383999999998
0.15226992
0.1527492
0.14971208
0.14988839999999998
0.15002976
0.15192007999999999
0.15296799999999997
0.15147671999999995
0.1510988
0.1520292
0.152606
0.15125352
0.15025703999999998
0.15158568
0.15221679999999999
0.15195424000000002
0.15065112000000003
0.15071639999999997
0.15110047999999998
0.15067344
0.15072016
0.15190144
0.15230376
0.15204552
0.15320751999999999
0.15039216
0.15133991999999996
0.15055408
0.15083208
0.15159112
0.1510752
0.15110759999999998
0.15246664
0.15356488000000001
0.15264504
0.14938384
0.1509316
0.15247872
0.15206840000000002
0.15339136
0.15158416
0.15283032
0.15024319999999997
0.15262352
0.1517168
0.15275024
0.1524536
0.15257968
0.15214096
0.15246304
0.15051704000000002
0.15144984
0.15082992
0.15162791999999997
0.15374864
0.15234183999999998
0.15273136
0.15257431999999999
0.15232072
0.15037016
0.151356
0.15219136
0.15148952
0.1512468
0.1521256
0.1525084
0.15083104
0.15239671999999996
0.15340192
0.15154415999999998
0.15319048000000002
0.15378328000000002
0.15272344000000002
0.15334199999999998
0.15268848000000002
0.15212544
0.1517876
0.15270048
0.1524044
0.15290528000000003
0.15387912
0.15354584000000002
0.15319560000000002
0.150734
0.15250072
0.15184
0.15161776
0.15325056
0.15494696000000002
0.15251640000000002
0.15101936
0.1518768
0.15316343999999998
0.15234319999999998
0.15361408
0.15419432
0.15255088
0.15434799999999999
0.15144208
0.15246928
0.15210704
0.15378784
0.1532356
0.15266056
0.15302528
0.15318248
0.15241088
0.15401408
0.15202416000000002
0.15290992
0.15329784
0.15470072
0.15231999999999998
0.1532504
0.15366400000000002
0.15472224
0.15321328
0.15447951999999998
0.15208032000000002
0.15374400000000002
0.15252992
0.15199648
0.15190960000000003
0.152964
0.15366631999999997
0.15377064000000001
0.1536364
0.15449272000000003
0.15546048
0.15438872
0.1555504
0.1545076
0.1548744
0.15483128
0.15399096
0.15424512
0.15215895999999998
0.15365752
0.15352048
0.15410424
0.15224303999999997
0.15224224
0.15377608
0.15463424
0.15521488000000003
0.15334904
0.15527968
0.15625631999999995
0.15381095999999997
0.15369647999999997
0.15618463999999999
0.15266448
0.15433608
0.15406207999999996
0.15619696
0.15549
0.15459176
0.15471831999999996
0.15384879999999998
0.15530232
0.15560335999999997
0.15500311999999997
0.15489479999999997
0.15309935999999996
0.15493207999999997
0.15539439999999996
0.15553383999999998
0.15615104
0.15546055999999997
0.15730463999999997
0.15431751999999999
0.15689599999999998
0.15597408
0.15463728
0.15374855999999998
0.15444672
0.1568728
0.154476
0.15420927999999998
0.15325951999999998
0.15375367999999998
0.15670375999999997
0.15654967999999997
0.15587415999999998
0.15749591999999996
0.15511815999999998
0.15562191999999997
0.15659351999999999
0.15598135999999999
0.15655823999999996
0.15578472
0.15532175999999998
0.15590399999999996
0.15482927999999999
0.15503999999999998
0.15543104
0.15440368
0.15686999999999998
0.15596287999999997
0.15464479999999997
0.15595831999999998
0.15606943999999998
0.15910535999999997
0.15631767999999996
0.15629703999999994
0.15644223999999995
0.15718871999999995
0.15708799999999995
0.15741519999999995
0.15844624
0.15519599999999997
0.15654151999999996
0.15871912
0.15665247999999998
0.15809487999999997
0.15740743999999995
0.15868087999999994
0.16067831999999996
0.15920463999999995
0.16104207999999992
0.16049599999999994
0.1633777599999999
0.16130111999999994
0.16330383999999995
0.16002783999999995
0.1630494399999999
0.16141751999999993
0.16111847999999995
0.1652115999999999
0.16468711999999994
0.16636951999999994
0.16616111999999994
0.1675304799999999
0.16729263999999994
0.16534079999999995
0.1655315199999999
0.1690900799999999
0.1675479999999999
0.16913271999999993
0.1678797599999999
0.16800175999999994
0.1675299199999999
0.16909695999999996
0.1667692799999999
0.1701311199999999
0.1679670399999999
0.16999279999999994
0.17018367999999995
0.16775871999999992
0.16840671999999995
0.16877367999999993
0.16781111999999992
0.17038607999999994
0.16897079999999992
0.16971687999999993
0.1694284799999999
0.1687299999999999
0.16837055999999995
0.1683691999999999
0.16888071999999993
0.1690890399999999
0.16832695999999994
0.17051487999999995
0.17017647999999994
0.17013903999999994
0.16913639999999994
0.1702116799999999
0.16935359999999988
0.17143247999999991
0.1713039999999999
0.17073623999999993
0.1705482399999999
0.17190343999999988
0.17069551999999993
0.1696382399999999
0.17044527999999992
0.17022999999999994
0.1727225599999999
0.17264863999999996
0.17064455999999992
0.1727331199999999
0.1713955199999999
0.17197911999999987
0.17247495999999995
0.1736888799999999
0.17228655999999998
0.17426919999999993
0.17212663999999994
0.1717261599999999
0.1714697599999999
0.17248871999999993
0.1712025599999999
0.17156783999999992
0.17179063999999988
0.17273991999999988
0.17426591999999994
0.1742547199999999
0.1720875199999999
0.1725301599999999
0.1732759999999999
0.17439351999999989
0.17206167999999988
0.17340399999999995
0.17217479999999996
0.17418287999999993
0.1733210399999999
0.17310575999999991
0.1749931199999999
0.1734334399999999
0.17520663999999994
0.17490063999999989
0.1739029599999999
0.17501479999999991
0.17494423999999995
0.17249399999999987
0.17477111999999986
0.17443935999999993
0.1731779199999999
0.17370143999999996
0.1732340799999999
0.17310767999999987
0.17370391999999987
0.17595207999999993
0.17304607999999994
0.1763783199999999
0.17576807999999997
0.1730307199999999
0.17613495999999995
0.17617015999999994
0.1747952799999999
0.17360111999999994
0.1735535999999999
0.17276983999999992
0.1741163199999999
0.17439095999999987
0.17472047999999993
0.17394679999999993
0.17536767999999991
0.1757267199999999
0.17562751999999993
0.17638239999999994
0.17278911999999993
0.17646111999999992
0.1766543199999999
0.17618087999999993
0.1752619199999999
0.17385151999999987
0.1763243999999999
0.1731542399999999
0.17484135999999995
0.17588015999999992
0.17468607999999988
0.17480551999999988
0.17683807999999993
0.17463087999999993
0.1746011999999999
0.17599391999999994
0.1762692799999999
0.17432007999999993
0.1743149599999999
0.17301263999999994
0.17255751999999994
0.17626791999999994
0.17606815999999995
0.1769839199999999
0.17690015999999992
0.1759923199999999
0.17360799999999993
0.17718951999999993
0.17630935999999994
0.1761842399999999
0.1777704
0.17635159999999994
0.17507079999999997
0.1773526399999999
0.17659271999999995
0.17631391999999996
0.17752135999999993
0.17697631999999996
0.17810983999999996
0.17412679999999994
0.17709815999999992
0.17696607999999994
0.17480223999999997
0.17762959999999992
0.17717327999999996
0.17548287999999995
0.17582255999999996
0.17763679999999993
0.1769455199999999
0.17692767999999995
0.17834471999999998
0.17749135999999993
0.17735343999999992
0.17854975999999995
0.17614207999999995
0.17796591999999997
0.17601735999999993
0.17765863999999992
0.17730383999999993
0.17743103999999993
0.17765367999999992
0.17813399999999993
0.17817615999999994
0.17702503999999994
0.17713575999999998
0.17835847999999996
0.1773432799999999
0.17833727999999996
0.17889351999999994
0.17809623999999993
0.17469823999999995
0.17784303999999992
0.17874239999999994
0.17763279999999992
0.17648943999999997
0.17847647999999997
0.17766319999999994
0.17665975999999994
0.17643415999999995
0.17810415999999993
0.17812919999999996
0.17654255999999993
0.17923799999999993
0.17738999999999994
0.1783177599999999
0.1774368799999999
0.17975767999999992
0.1759158399999999
0.1767459199999999
0.17516935999999994
0.17626591999999988
0.1771176
0.17783823999999995
0.17833735999999994
0.17892271999999995
0.17936263999999993
0.18028112
0.17693615999999995
0.17933167999999994
0.17571031999999995
0.17825463999999994
0.17882183999999993
0.17839687999999995
0.17611687999999995
0.17781183999999997
0.17576951999999996
0.17911367999999997
0.17911551999999997
0.17883407999999995
0.1776075199999999
0.17724831999999996
0.17856991999999994
0.17924583999999996
0.1797203199999999
0.17798511999999994
0.17800935999999998
0.18017487999999993
0.17982431999999993
0.17824855999999994
0.1781883999999999
0.1783005599999999
0.17682503999999993
0.17840927999999995
0.17944687999999992
0.17811975999999993
0.17660263999999995
0.1778841599999999
0.17898207999999996
0.18080087999999994
0.18092655999999996
0.17785079999999995
0.17837207999999993
0.17586951999999997
0.1798649599999999
0.17690263999999992
0.17736199999999994
0.1781703199999999
0.1797215199999999
0.17814215999999994
0.18022247999999993
0.17976535999999996
0.1787213599999999
0.17755647999999993
0.1774244799999999
0.17929615999999995
0.17800239999999995
0.17866623999999995
0.17894575999999998
0.17889167999999994
0.17889191999999995
0.17958583999999994
0.17853175999999993
0.17643023999999996
0.17765103999999993
0.17788463999999993
0.17784543999999994
0.18130135999999988
0.17761279999999996
0.17680743999999998
0.17791151999999993
0.17748096
0.17763327999999995
0.18003823999999993
0.1776243199999999
0.1805327199999999
0.17755279999999996
0.17787399999999995
0.17588295999999995
0.18007871999999991
0.17892359999999996
0.17709071999999998
0.17893023999999993
0.1777592
0.17871007999999994
0.18039199999999994
0.17855391999999992
0.17857567999999996
0.17921159999999994
0.17755519999999997
0.1773951199999999
0.1791590399999999
0.18038423999999992
0.17907479999999992
0.17840999999999993
0.1799325599999999
0.17806855999999996
0.17860671999999997
0.17889975999999994
0.17966423999999992
0.17834343999999994
0.17823615999999995
0.17983223999999992
0.18133087999999997
0.1799839199999999
0.17878183999999994
0.17790791999999991
0.1794458399999999
0.17913711999999993
0.1798236799999999
0.17918655999999994
0.17844047999999993
0.17933823999999995
0.17895079999999994
0.17892807999999988
0.17807815999999996
0.18034583999999992
0.18036215999999997
0.17829631999999992
0.17853423999999993
0.17899799999999996
0.17858071999999992
0.17925719999999995
0.18002703999999992
0.1791898399999999
0.17960159999999992
0.17953999999999992
0.17860663999999993
0.17895999999999992
0.17982191999999994
0.17988583999999994
0.1807339999999999
0.1793672799999999
0.1779771199999999
0.17928831999999992
0.18097255999999992
0.1803317599999999
0.1799569599999999
0.17871143999999994
0.1795319999999999
0.17906815999999992
0.18005495999999993
0.18020399999999992
0.18040807999999994
0.17873607999999994
0.17990127999999994
0.17835703999999994
0.17919079999999998
0.18070727999999994
0.18034495999999994
0.1779411999999999
0.1786074399999999
0.17834647999999992
0.17901319999999996
0.17826495999999994
0.1813151999999999
0.1806858399999999
0.1788380799999999
0.17950095999999996
0.17860343999999997
0.17985823999999995
0.17872047999999993
0.17937311999999989
0.17919335999999997
0.17775351999999994
0.1792923999999999
0.1797615199999999
0.1777472799999999
0.1784631999999999
0.17997159999999993
0.1792147999999999
0.17970655999999996
0.1787468799999999
0.18073223999999993
0.17970959999999994
0.1774317599999999
0.18267839999999994
0.17817567999999995
0.18050607999999993
0.17966463999999996
0.18056519999999993
0.1789721599999999
0.1797923999999999
0.18010247999999993
0.17805943999999993
0.17831439999999993
0.17710247999999992
0.18165167999999995
0.17992439999999996
0.17914207999999993
0.18106775999999994
0.17963391999999992
0.18020071999999995
0.17976087999999993
0.17985215999999993
0.18167911999999994
0.1813865599999999
0.17895951999999993
0.1775557599999999
0.1796653599999999
0.18069871999999992
0.18015015999999995
0.18043719999999994
0.17960159999999994
0.17961231999999996
0.17988471999999994
0.18061271999999992
0.17889767999999992
0.18139111999999993
0.17961399999999994
0.18124071999999994
0.17939431999999994
0.17803703999999995
0.1793943999999999
0.17989023999999998
0.17981799999999992
0.18154831999999996
0.18183471999999992
0.18090311999999997
0.17875247999999996
0.18158487999999995
0.1767536799999999
0.18012639999999994
0.1801837599999999
0.18014591999999993
0.17995471999999993
0.17957511999999995
0.18063263999999993
0.17908343999999993
0.18125247999999988
0.17892159999999996
0.18148783999999987
0.1794047999999999
0.18086983999999995
0.18075367999999992
0.18201263999999995
0.17895999999999992
0.18168639999999997
0.1801114399999999
0.17827895999999988
0.18039519999999995
0.18099047999999993
0.18129375999999994
0.18044207999999995
0.1813150399999999
0.18094783999999994
0.18044647999999996
0.18139887999999987
0.1805719999999999
0.1805207199999999
0.18038551999999988
0.1802347199999999
0.17933575999999993
0.17991311999999998
0.1797738399999999
0.17881903999999987
0.1801380799999999
0.18201727999999995
0.1810159999999999
0.17834487999999993
0.17967831999999992
0.1823279999999999
0.18098527999999994
0.1784074399999999
0.18174527999999993
0.17919511999999993
0.18063223999999992
0.1822379199999999
0.18142119999999992
0.18103559999999994
0.1817477599999999
0.18004791999999994
0.18131447999999992
0.1801409599999999
0.1813342399999999
0.18276383999999993
0.1797405599999999
0.18017415999999994
0.18047831999999991
0.1796627199999999
0.1813507199999999
0.17896679999999993
0.18093847999999987
0.18136887999999993
0.18189119999999992
0.1802483199999999
0.1809798399999999
0.17870303999999992
0.1786199199999999
0.18000559999999993
0.17967095999999994
0.1809321599999999
0.18103199999999992
0.17993679999999995
0.1831490399999999
0.1824653599999999
0.17931431999999994
0.1807324799999999
0.1793279999999999
0.17973479999999994
0.17985799999999993
0.18023455999999988
0.18198535999999993
0.17976287999999993
0.1813523199999999
0.18015655999999994
0.18000815999999994
0.18088671999999992
0.17934047999999994
0.1827108799999999
0.18127951999999994
0.18087303999999996
0.18114695999999994
0.18326775999999992
0.18228775999999988
0.1827923199999999
0.18164967999999992
0.1826981599999999
0.18176631999999995
0.18056631999999986
0.18025895999999988
0.18151351999999987
0.18213807999999992
0.1801643999999999
0.18211975999999988
0.18069359999999993
0.18069223999999992
0.1787767999999999
0.1813638399999999
0.18185519999999994
0.18074951999999997
0.18342519999999993
0.18188103999999988
0.18171151999999996
0.18173263999999992
0.1805282399999999
0.1787187199999999
0.1805676799999999
0.18020647999999992
0.1829678399999999
0.1798185599999999
0.18050551999999992
0.18050559999999993
0.17906447999999991
0.1791870399999999
0.18065599999999993
0.17846439999999994
0.18137175999999988
0.18048135999999992
0.1798894399999999
0.1798531999999999
0.18002439999999992
0.18147975999999993
0.18344367999999991
0.1791803999999999
0.1811582399999999
0.18245031999999992
0.1810840799999999
0.18216431999999994
0.1824477599999999
0.1829004799999999
0.18167679999999994
0.18087079999999994
0.1775134399999999
0.18206647999999995
0.1809019199999999
0.1823777599999999
0.18019367999999994
0.1788914399999999
0.18415575999999986
0.1807280799999999
0.18108383999999994
0.1825087999999999
0.18225007999999993
0.1820891199999999
0.18141007999999992
0.1819517599999999
0.18103343999999988
0.18097543999999988
0.1807258399999999
0.1799723199999999
0.17991863999999988
0.1795844799999999
0.1826195199999999
0.18254903999999986
0.18323583999999993
0.18275191999999993
0.1833351199999999
0.18133751999999986
0.18179407999999989
0.18288119999999988
0.18452135999999988
0.18136751999999987
0.1826355999999999
0.1841193599999999
0.1819776799999999
0.1801690399999999
0.18382447999999993
0.1816561599999999
0.18065399999999987
0.18203303999999984
0.18353151999999992
0.18183863999999988
0.18184087999999993
0.18008039999999992
0.1814439199999999
0.18489679999999992
0.1809923199999999
0.18322767999999987
0.18045599999999987
0.18105759999999993
0.17977375999999992
0.1851761599999999
0.18388599999999988
0.1831975199999999
0.18292711999999992
0.1823984799999999
0.1822667199999999
0.1824555199999999
0.18224151999999985
0.1830517599999999
0.1826087999999999
0.1818060799999999
0.1815458399999999
0.18127647999999985
0.1825999199999999
0.18236575999999988
0.1841127199999999
0.18230199999999988
0.1840606399999999
0.1822820799999999
0.1814277599999999
0.18399207999999997
0.18299327999999992
0.18219087999999992
0.1835553599999999
0.18205895999999988
0.18456543999999991
0.18587567999999993
0.1839346399999999
0.18459639999999988
0.18099687999999994
0.1834649599999999
0.1866415199999999
0.1869426399999999
0.18519519999999992
0.1861695199999999
0.18488191999999987
0.18605911999999994
0.18299695999999993
0.18723287999999993
0.18446327999999995
0.18341951999999995
0.1842947199999999
0.1841959199999999
0.18640647999999993
0.1830125599999999
0.1827622399999999
0.18525671999999993
0.18315951999999996
0.18313767999999997
0.18332639999999994
0.18242591999999994
0.18567831999999992
0.1856249599999999
0.18477623999999995
0.18435455999999992
0.18726975999999998
0.18344855999999993
0.18559599999999996
0.18609279999999995
0.18575919999999993
0.18558719999999998
0.18642879999999992
0.18364823999999996
0.1851830399999999
0.1871793599999999
0.18540151999999996
0.18697791999999996
0.18330095999999993
0.18619031999999994
0.18527719999999995
0.18536215999999991
0.18739527999999994
0.18559407999999997
0.18514711999999992
0.18499079999999993
0.1867658399999999
0.1851780799999999
0.18544207999999995
0.18627175999999993
0.18610463999999993
0.1873278399999999
0.18599239999999995
0.18796295999999996
0.1863323199999999
0.18495295999999992
0.18911055999999998
0.18728159999999996
0.18794047999999994
0.18650751999999998
0.18767688
0.1881708799999999
0.18596959999999987
0.18716743999999996
0.1884807199999999
0.18698831999999993
0.18635199999999993
0.18635159999999995
0.18574047999999999
0.18764231999999992
0.18712559999999998
0.18805695999999994
0.18583191999999996
0.18578687999999993
0.18961839999999996
0.18641487999999995
0.18720263999999992
0.18985247999999996
0.18862519999999997
0.18683831999999995
0.18875567999999995
0.18897839999999996
0.18861759999999994
0.18978543999999992
0.19007255999999992
0.18936191999999996
0.18977407999999993
0.18707439999999997
0.18849591999999998
0.18921711999999993
0.1877428
0.18814023999999993
0.18717335999999993
0.18890576
0.1876676
0.18855928
0.18670359999999994
0.18876407999999995
0.19094663999999995
0.18723255999999996
0.18931295999999997
0.18902887999999993
0.18838631999999994
0.19002567999999992
0.18798367999999996
0.18927271999999995
0.18886743999999997
0.18973263999999998
0.19134495999999995
0.19029527999999996
0.18935191999999998
0.18929175999999995
0.19006943999999998
0.19439311999999995
0.19016183999999992
0.19126527999999998
0.19260223999999998
0.19199351999999995
0.19043631999999996
0.19266495999999994
0.19405951999999996
0.19183199999999992
0.19321727999999994
0.19160095999999996
0.1915367999999999
0.19251407999999995
0.19222319999999993
0.19103295999999997
0.18968175999999995
0.19098495999999993
0.19078647999999995
0.19177143999999996
0.1924695199999999
0.19059519999999996
0.19082183999999994
0.19022271999999993
0.19187303999999994
0.19106863999999996
0.19079015999999993
0.19133311999999994
0.18899543999999996
0.19216087999999992
0.19091895999999994
0.1913755199999999
0.19200127999999997
0.19166295999999997
0.19179431999999996
0.19333344
0.18981703999999996
0.19270655999999994
0.19303263999999998
0.19042847999999996
0.1905951999999999
0.19353895999999995
0.19120679999999993
0.19181135999999996
0.19125191999999994
0.1932879999999999
0.19331095999999995
0.19118495999999996
0.19200359999999997
0.19235799999999997
0.19131471999999994
0.19022231999999992
0.19149375999999993
0.19142895999999993
0.19150007999999996
0.1919679199999999
0.1907893599999999
0.18929152
0.19267583999999993
0.19341799999999995
0.19068343999999995
0.19269631999999995
0.1919475999999999
0.19194247999999992
0.19348751999999997
0.19231535999999994
0.19086679999999995
0.1913832799999999
0.19217727999999995
0.19270039999999994
0.1938084799999999
0.19164263999999992
0.18968559999999993
0.19162199999999996
0.19176544
0.19135992
0.19283263999999994
0.19184879999999996
0.1924219199999999
0.19217607999999994
0.19172383999999995
0.19412095999999995
0.19134735999999994
0.19003671999999994
0.19207439999999995
0.19284207999999992
0.19060135999999997
0.1936822399999999
0.19287607999999995
0.19375167999999995
0.19127647999999997
0.19133287999999996
0.19367839999999995
0.19107263999999993
0.19239295999999995
0.19089359999999997
0.19188119999999992
0.19356823999999995
0.1942001599999999
0.19337375999999995
0.1923027199999999
0.19332823999999996
0.1934140799999999
0.1910391199999999
0.19290791999999995
0.19061935999999996
0.19110599999999997
0.1916453599999999
0.19034231999999993
0.19178231999999995
0.19236095999999991
0.19221783999999997
0.19178343999999992
0.1924523999999999
0.18906119999999993
0.19365367999999994
0.19114687999999994
0.19185447999999997
0.19374775999999994
0.19266567999999992
0.19508551999999996
0.19281071999999994
0.19273343999999995
0.19218207999999992
0.19156735999999996
0.19342063999999992
0.19373639999999995
0.19179847999999994
0.1922367999999999
0.19275623999999994
0.1933192799999999
0.19472807999999994
0.19263751999999992
0.19118039999999994
0.19209279999999992
0.19291799999999992
0.19207191999999992
0.19157599999999994
0.19312823999999992
0.19276831999999997
0.19096247999999988
0.19140807999999992
0.19247975999999994
0.19365471999999995
0.19263447999999997
0.19255447999999992
0.1908435999999999
0.1931223199999999
0.19366031999999989
0.19331391999999992
0.19381351999999996
0.19096159999999995
0.19399791999999993
0.19377463999999991
0.1936986399999999
0.1918223199999999
0.1912515199999999
0.19135663999999994
0.19273887999999992
0.19137583999999994
0.1927707999999999
0.19169327999999997
0.18830247999999994
0.19110223999999995
0.19107159999999992
0.1916425599999999
0.19190583999999994
0.19119615999999995
0.1917919999999999
0.19151807999999992
0.1921126399999999
0.1947151199999999
0.19232303999999995
0.19105887999999993
0.19118799999999989
0.19032255999999992
0.19243319999999994
0.19257783999999986
0.19077231999999994
0.19237623999999992
0.19244023999999993
0.1923102399999999
0.19349879999999992
0.1930903999999999
0.1915607199999999
0.19476351999999994
0.19253247999999992
0.19096079999999993
0.19340335999999994
0.1920179199999999
0.19255295999999994
0.19307167999999994
0.19225039999999993
0.19038103999999995
0.1944564799999999
0.1949027199999999
0.1937119199999999
0.19413799999999995
0.19362639999999995
0.19458183999999992
0.19310143999999999
0.19189743999999995
0.19253447999999987
0.19235303999999992
0.19116519999999995
0.1936951999999999
0.1919978399999999
0.19273767999999997
0.19401599999999994
0.19355479999999992
0.19231311999999992
0.19243423999999995
0.19475023999999994
0.19287207999999997
0.1909296799999999
0.19228399999999993
0.1920579199999999
0.19315439999999995
0.19200815999999993
0.19281615999999993
0.19195463999999995
0.19122663999999992
0.19435111999999993
0.19456623999999995
0.19362255999999992
0.19154583999999994
0.19137567999999994
0.19246567999999997
0.19292063999999998
0.1937327999999999
0.1947536799999999
0.19445159999999997
0.19212183999999996
0.1958527999999999
0.1941888799999999
0.19345247999999995
0.19354815999999989
0.19468439999999987
0.19509511999999998
0.19353391999999991
0.19517639999999997
0.1940469599999999
0.19528831999999993
0.1935009599999999
0.19406839999999995
0.19432647999999988
0.1938588799999999
0.1939720799999999
0.1934949599999999
0.19387455999999992
0.1944666399999999
0.19360327999999988
0.1951108799999999
0.19535871999999987
0.1920009599999999
0.19185351999999994
0.1927987999999999
0.1945099999999999
0.1941715999999999
0.19335119999999992
0.19303655999999994
0.1926702399999999
0.1934855999999999
0.1935296799999999
0.19443527999999993
0.19474279999999994
0.19227743999999994
0.19459503999999989
0.19575631999999993
0.19325567999999993
0.19474799999999992
0.19398855999999992
0.19502831999999992
0.19430511999999994
0.1943841599999999
0.1936535199999999
0.19302343999999994
0.1946398399999999
0.19604959999999988
0.19488559999999996
0.19512535999999991
0.19535871999999993
0.1941825599999999
0.19484951999999997
0.19421311999999993
0.19413135999999995
0.19263087999999992
0.19638855999999993
0.1948399199999999
0.1953967199999999
0.19371943999999996
0.1921812799999999
0.19549655999999993
0.19404383999999988
0.19639375999999992
0.19403975999999992
0.19669039999999988
0.19509303999999988
0.1942104799999999
0.19528343999999995
0.19510783999999995
0.1943927199999999
0.19403999999999993
0.19199783999999995
0.19510015999999994
0.19489319999999993
0.19488247999999994
0.19673055999999994
0.19462951999999994
0.19606239999999997
0.1986484799999999
0.1945017599999999
0.1950668799999999
0.1956565599999999
0.1953645599999999
0.19581455999999992
0.19638367999999992
0.19578687999999989
0.19697023999999988
0.1964975999999999
0.19618367999999994
0.19467463999999993
0.19476359999999993
0.1957027199999999
0.1950925599999999
0.19799503999999996
0.19424463999999994
0.19747255999999994
0.1968295999999999
0.19746551999999995
0.1934519199999999
0.1958673599999999
0.19591303999999987
0.1922471999999999
0.19610679999999994
0.19591527999999994
0.1947207199999999
0.1958907199999999
0.1973278399999999
0.19558247999999992
0.19645047999999987
0.19678591999999992
0.1957118399999999
0.19671927999999986
0.19463727999999988
0.19471479999999994
0.1972985599999999
0.19593279999999993
0.19612695999999988
0.1960610399999999
0.19459559999999992
0.1967337599999999
0.1970442399999999
0.1955347999999999
0.19553431999999987
0.19334559999999992
0.19710031999999988
0.1953015199999999
0.19357359999999993
0.1945145599999999
0.19418191999999995
0.19529135999999991
0.19593087999999986
0.19402983999999987
0.1959048799999999
0.1978278399999999
0.1956067199999999
0.19611039999999988
0.19514695999999987
0.19730223999999988
0.19427031999999989
0.19499695999999989
0.19758679999999992
0.1962896799999999
0.19449775999999988
0.19733607999999989
0.19612111999999993
0.19747447999999987
0.1978545599999999
0.1950689599999999
0.1955989599999999
0.1981055199999999
0.19655847999999992
0.1964575999999999
0.19667751999999988
0.1965153599999999
0.1961875999999999
0.19467615999999993
0.19730703999999988
0.19593191999999993
0.1958241599999999
0.1961295199999999
0.19614127999999995
0.19762519999999992
0.1972559999999999
0.19541991999999989
0.19518799999999992
0.19727423999999993
0.1968619199999999
0.1966264799999999
0.19673743999999987
0.1963111999999999
0.19594399999999992
0.1950751199999999
0.19748551999999994
0.19694591999999989
0.19582959999999988
0.1967733599999999
0.1966621599999999
0.19554207999999992
0.19741711999999992
0.19664295999999987
0.19741087999999987
0.1970441599999999
0.1945907999999999
0.1988815999999999
0.19837271999999992
0.1959388799999999
0.1988347199999999
0.19726623999999987
0.1958608799999999
0.1965284799999999
0.1966055999999999
0.19541783999999982
0.19650759999999992
0.19917967999999991
0.19669719999999988
0.19647311999999992
0.19800815999999988
0.19730671999999988
0.19674607999999993
0.19566455999999985
0.1977234399999999
0.19746071999999987
0.19648583999999988
0.19769919999999983
0.19708711999999987
0.19622519999999988
0.19749647999999986
0.19624695999999986
0.19822559999999992
0.19663751999999987
0.19667943999999987
0.19869063999999986
0.19839135999999985
0.19860279999999988
0.19658183999999987
0.19552263999999986
0.2004371199999999
0.19682303999999987
0.19537607999999992
0.19743807999999988
0.19855791999999992
0.1989649599999999
0.19791711999999986
0.1962235999999999
0.19720623999999987
0.19758703999999988
0.19712655999999984
0.19721575999999985
0.1979975999999999
0.1963816799999999
0.19856471999999992
0.19974775999999989
0.1975498399999999
0.19615607999999987
0.1992911199999999
0.1952432799999999
0.1970550399999999
0.1981899199999999
0.1958677599999999
0.19845375999999984
0.19494111999999986
0.19702087999999984
0.1985595999999999
0.19658279999999986
0.19886527999999984
0.1958919199999999
0.19855055999999988
0.1974152799999999
0.1978923199999999
0.19710935999999987
0.20106319999999986
0.19794207999999988
0.1985338399999999
0.19885591999999988
0.19751671999999984
0.19690063999999985
0.19736423999999986
0.19789951999999986
0.1970147999999999
0.19946567999999992
0.1962867199999999
0.19647047999999986
0.19894255999999988
0.19666951999999988
0.19883767999999985
0.20050839999999986
0.19917471999999986
0.19857823999999988
0.19976327999999988
0.19790975999999985
0.19789559999999987
0.1974535999999999
0.19907047999999988
0.19864767999999988
0.19897327999999986
0.20107935999999985
0.19748287999999983
0.19973279999999985
0.19953911999999985
0.19889111999999987
0.19955807999999986
0.1980499999999998
0.19760367999999986
0.19756415999999988
0.19886591999999986
0.19711807999999983
0.19810095999999988
0.19768439999999984
0.2004539199999999
0.19852375999999985
0.19875239999999983
0.19939439999999986
0.19920831999999986
0.19890495999999988
0.19948967999999986
0.1981555199999999
0.19816911999999987
0.19833919999999985
0.20001303999999986
0.19845687999999984
0.19712719999999986
0.1990117599999999
0.20024895999999986
0.19774695999999983
0.19934215999999988
0.1995035999999998
0.20024951999999985
0.1978211199999999
0.19793703999999987
0.19852927999999984
0.19893855999999982
0.19978087999999986
0.19873175999999987
0.19754943999999988
0.19988343999999988
0.20159703999999984
0.19808575999999983
0.20070151999999983
0.19771207999999987
0.19945247999999982
0.19875167999999985
0.19891807999999983
0.19677575999999988
0.20063383999999984
0.19977615999999984
0.19888695999999978
0.20102335999999985
0.19775855999999986
0.20099671999999985
0.19878247999999984
0.19900247999999984
0.19961135999999982
0.19773591999999987
0.19968447999999983
0.19876079999999988
0.20071543999999983
0.19952015999999986
0.20126519999999984
0.20038591999999988
0.20076415999999989
0.19794959999999986
0.20045855999999984
0.20045839999999984
0.19982415999999983
0.20003135999999982
0.19921263999999983
0.19901999999999984
0.19747631999999984
0.1986363199999999
0.19755383999999984
0.1993428799999998
0.20108143999999986
0.1996621599999999
0.19916743999999983
0.19934375999999981
0.2010404799999998
0.19894431999999984
0.19775375999999986
0.19941919999999982
0.19963239999999985
0.19835311999999988
0.20009383999999983
0.20267263999999982
0.19972711999999984
0.1980095999999998
0.19876279999999988
0.19840431999999986
0.20023999999999983
0.19859503999999986
0.19743015999999983
0.1996831199999998
0.19952887999999988
0.19966335999999985
0.20156463999999982
0.19637015999999988
0.20020919999999987
0.19926655999999987
0.20172407999999983
0.20031007999999983
0.19971743999999986
0.20006271999999986
0.19968887999999985
0.20003559999999987
0.20090871999999987
0.20080303999999985
0.20123679999999983
0.19917031999999987
0.1996368799999998
0.19970247999999985
0.2004699999999999
0.19881151999999985
0.19833215999999987
0.19972671999999986
0.20056567999999986
0.1998875999999998
0.19921791999999983
0.20208575999999984
0.20033191999999983
0.19977927999999984
0.20036327999999984
0.2009745599999998
0.19807879999999986
0.20061495999999984
0.19933423999999988
0.20121879999999986
0.19918319999999987
0.2005786399999998
0.20079079999999988
0.19947111999999986
0.1993394399999998
0.20078479999999982
0.20117199999999985
0.20004167999999983
0.19941831999999984
0.19992439999999984
0.19896567999999987
0.19806895999999988
0.2001471999999999
0.1989944799999999
0.19722783999999988
0.20050071999999985
0.20072047999999984
0.19940399999999983
