-0.02222399999999999
-0.004847999999999998
0.006867999999999994
0.00118
0.02158800000000002
0.018996000000000002
0.004676000000000009
0.014031999999999973
0.035507999999999984
0.03235999999999996
0.029887999999999998
0.03343599999999997
0.03218799999999997
0.04638399999999996
0.03952399999999998
0.03654399999999998
0.04551199999999997
0.04661199999999994
0.051351999999999974
0.04373199999999998
0.04960799999999996
0.05497599999999994
0.03939999999999999
0.04611999999999997
0.03976399999999999
0.05091199999999998
0.049607999999999944
0.03881199999999999
0.04851599999999998
0.05468799999999995
0.056055999999999974
0.057872
0.056051999999999984
0.054127999999999954
0.057156000000000005
0.06243600000000006
0.05666399999999995
0.06078000000000003
0.06659999999999995
0.06284000000000006
0.06289200000000002
0.06464400000000001
0.06218399999999998
0.065732
0.046799999999999946
0.06452800000000003
0.060251999999999965
0.05250399999999996
0.06977999999999995
0.057223999999999955
0.06391199999999998
0.05183999999999998
0.06005599999999995
0.05807199999999997
0.07240399999999998
0.072176
0.06423199999999997
0.07290399999999994
0.06898400000000002
0.06402000000000005
0.06602400000000004
0.07242000000000007
0.06323200000000001
0.072508
0.07335600000000003
0.06789199999999997
0.082848
0.07184799999999995
0.07529199999999997
0.05701600000000002
0.06570799999999999
0.0805960000000001
0.07907199999999998
0.07787599999999999
0.08206799999999995
0.07537199999999998
0.07003199999999997
0.08800800000000002
0.08397599999999993
0.07731200000000002
0.08390800000000001
0.07823200000000001
0.08407200000000001
0.08220800000000004
0.08790400000000002
0.07567999999999997
0.08634399999999996
0.07298799999999991
0.07992399999999994
0.07924399999999995
0.07877599999999996
0.09627199999999997
0.08920399999999992
0.09132799999999996
0.08987599999999997
0.07314799999999999
0.072504
0.08715999999999995
0.09153599999999992
0.09089999999999993
0.09121599999999996
0.08622799999999993
0.0815079999999999
0.08917200000000002
0.09525599999999991
0.08826799999999994
0.09136399999999993
0.09507199999999992
0.08545599999999996
0.09022399999999996
0.09663199999999988
0.09194799999999985
0.08371199999999994
0.09525600000000002
0.09118800000000005
0.09167999999999993
0.08365599999999995
0.07347999999999999
0.09117999999999996
0.09325199999999995
0.0897839999999999
0.09742399999999996
0.09706399999999991
0.09616799999999995
0.09636799999999998
0.08659599999999996
0.08655199999999996
0.09103200000000002
0.10482399999999993
0.09416400000000004
0.081212
0.09327199999999995
0.09803999999999999
0.09361599999999994
0.10311999999999992
0.08953999999999991
0.10331199999999999
0.09023999999999995
0.10268800000000008
0.08880399999999998
0.08896799999999992
0.10064799999999988
0.09927600000000003
0.10203999999999999
0.09935599999999987
0.09087999999999999
0.09601200000000003
0.10038799999999988
0.09909599999999992
0.08763999999999998
0.10073999999999993
0.08545999999999997
0.10386399999999991
0.09652800000000003
0.09826799999999995
0.11284399999999987
0.10587600000000004
0.10907600000000009
0.10631599999999997
0.09467200000000002
0.10503600000000003
0.11094799999999998
0.10296799999999987
0.10322399999999998
0.10280799999999993
0.10484399999999998
0.10473599999999987
0.100484
0.10417599999999994
0.09167599999999998
0.10618000000000002
0.10228399999999988
0.11081200000000004
0.09487599999999999
0.1042
0.10696799999999994
0.09654399999999998
0.10559599999999998
0.10575200000000003
0.10156399999999995
0.095324
0.11214800000000005
0.10823200000000004
0.10358399999999994
0.101584
0.10352
0.10132800000000002
0.0956959999999999
0.10420399999999992
0.10840799999999992
0.10544400000000002
0.11087999999999998
0.11341599999999999
0.09865600000000001
0.10656799999999995
0.10437199999999998
0.1046399999999999
0.11071599999999994
0.11215199999999995
0.09373999999999995
0.1061879999999999
0.10648399999999993
0.109984
0.10785200000000005
0.09697999999999994
0.11298000000000007
0.10845199999999999
0.11070400000000002
0.10199599999999993
0.10911999999999995
0.10089599999999996
0.10260399999999993
0.1035559999999999
0.11031199999999987
0.10757199999999997
0.09993199999999997
0.10849600000000001
0.10783200000000008
0.10827600000000003
0.09370399999999998
0.09475199999999995
0.09938000000000002
0.10311199999999993
0.10145199999999992
0.09781599999999997
0.108052
0.09158000000000001
0.10018000000000005
0.10859999999999996
0.09781599999999996
0.10734799999999999
0.10498799999999994
0.10248399999999988
0.10061600000000004
0.10038399999999996
0.10576399999999997
0.11140799999999995
0.10735600000000003
0.10522000000000001
0.10715999999999999
0.10812000000000002
0.09778799999999993
0.08731199999999996
0.110768
0.10863999999999988
0.09855999999999994
0.09931199999999994
0.11230400000000004
0.10653600000000002
0.09770799999999992
0.11025999999999994
0.11025200000000004
0.11158799999999994
0.08587199999999992
0.10815600000000004
0.10852800000000001
0.10292000000000001
0.097524
0.11583599999999993
0.09695200000000001
0.10188000000000007
0.10627199999999996
0.09869999999999993
0.10595999999999997
0.10249199999999996
0.09722799999999991
0.10825599999999998
0.11149200000000008
0.10796799999999998
0.10464399999999996
0.115308
0.11410399999999997
0.11392000000000002
0.10164400000000001
0.10723199999999995
0.10892799999999996
0.11269599999999994
0.10505200000000002
0.10621199999999999
0.11367599999999997
0.11238000000000002
0.09797199999999996
0.10842399999999998
0.11532399999999995
0.10878000000000006
0.112448
0.11575199999999998
0.11704799999999989
0.10211599999999994
0.11403599999999992
0.10052399999999989
0.10997599999999988
0.10257199999999995
0.09706799999999993
0.10710400000000009
0.10742800000000004
0.10438399999999992
0.102552
0.10856800000000005
0.10757599999999994
0.11199199999999994
0.10378
0.105948
0.10070000000000001
0.11628799999999985
0.10979199999999992
0.10903599999999997
0.09370799999999997
0.10906799999999996
0.11296400000000001
0.11658399999999997
0.11267199999999995
0.10751599999999994
0.10826
0.11184800000000003
0.10773600000000001
0.11639599999999996
0.10380000000000002
0.09931999999999996
0.11801199999999999
0.10973199999999995
0.10204399999999997
0.11352800000000002
0.10767600000000002
0.11013199999999995
0.09952399999999992
0.11430000000000003
0.10758799999999999
0.11342400000000005
0.11341599999999999
0.11071199999999999
0.10565999999999999
0.11458000000000002
0.10490399999999997
0.10680399999999997
0.12170399999999985
0.11575199999999984
0.10635599999999999
0.10796800000000002
0.108484
0.10782399999999986
0.11616800000000001
0.11836399999999997
0.11511199999999992
0.10383199999999995
0.11353199999999997
0.11279199999999999
0.11369600000000005
0.09322399999999992
0.11266799999999999
0.11222399999999993
0.11669599999999998
0.117052
0.11812399999999998
0.10875599999999991
0.11241199999999991
0.12059999999999996
0.11702400000000002
0.11572000000000005
0.12000799999999995
0.11826799999999991
0.11221999999999993
0.11873199999999988
0.11370799999999995
0.11656399999999995
0.11379600000000001
0.11314800000000003
0.11501999999999996
0.11974000000000005
0.12145199999999995
0.12619599999999986
0.11551600000000005
0.11845199999999997
0.12130800000000001
0.10924399999999994
0.11763999999999997
0.11853199999999997
0.11983600000000004
0.11081200000000008
0.11754399999999998
0.11906799999999994
0.11254800000000002
0.121868
0.11511200000000003
0.12250400000000002
0.11395599999999997
0.1184239999999999
0.12293599999999995
0.11797199999999998
0.12113199999999992
0.11477199999999999
0.11100800000000006
0.12263599999999997
0.11797199999999991
0.11722799999999996
0.12163599999999994
0.11154399999999998
0.11027599999999997
0.11158400000000002
0.10905600000000004
0.1214039999999999
0.11917600000000002
0.11195600000000008
0.11371999999999996
0.12275999999999994
0.11052799999999995
0.11264400000000005
0.11221599999999998
0.12288799999999994
0.11168399999999999
0.11939999999999991
0.11460000000000005
0.118372
0.11356400000000001
0.11948400000000002
0.11234800000000003
0.11344400000000004
0.123564
0.10598799999999999
0.12166000000000002
0.12111599999999999
0.11264399999999994
0.1033639999999999
0.11635999999999995
0.11060399999999998
0.10155199999999995
0.11246400000000001
0.11561600000000002
0.12179999999999995
0.11338000000000006
0.1249039999999999
0.12890399999999994
0.12444400000000003
0.12062400000000002
0.12332399999999998
0.11847600000000011
0.1217519999999999
0.11781599999999993
0.11227999999999995
0.11835200000000014
0.11988399999999999
0.11656400000000001
0.12416399999999997
0.12379200000000007
0.11822399999999998
0.12703999999999993
0.107748
0.11409600000000004
0.11881999999999998
0.120652
0.11445999999999995
0.12815600000000008
0.11708399999999997
0.11637999999999997
0.11340399999999999
0.12478000000000004
0.11950800000000009
0.1246159999999999
0.11534399999999993
0.11385199999999986
0.11061999999999989
0.11582799999999993
0.11561599999999991
0.11108799999999994
0.1189239999999999
0.11945200000000004
0.12199199999999989
0.11629200000000012
0.11249200000000001
0.11794399999999994
0.1089599999999999
0.12400399999999995
0.11811200000000008
0.104876
0.11854800000000003
0.1133279999999999
0.1111799999999999
0.1157319999999999
0.11918000000000006
0.11494399999999994
0.12154399999999996
0.11150399999999995
0.11824399999999993
0.12528400000000003
0.11666000000000001
0.12496399999999994
0.11255200000000008
0.11791599999999985
0.12478400000000002
0.12102400000000002
0.11579599999999998
0.12386399999999992
0.11646799999999993
0.11967599999999995
0.12341199999999994
0.11586000000000002
0.12057199999999993
0.09467599999999987
0.11684800000000002
0.11201999999999998
0.12223200000000006
0.11854399999999995
0.11913600000000002
0.11781599999999992
0.11256399999999998
0.12323199999999995
0.12087200000000001
0.105728
0.12140799999999995
0.10465599999999997
0.12458399999999986
0.126644
0.12144400000000008
0.11942400000000004
0.11787999999999997
0.12158000000000004
0.11932399999999997
0.12723199999999998
0.12124400000000003
0.10971600000000004
0.1244
0.10867599999999991
0.11868400000000001
0.120644
0.11421600000000012
0.12038399999999995
0.10536
0.10723599999999993
0.11881999999999994
0.11293999999999996
0.11432
0.115408
0.1182119999999999
0.1202599999999999
0.11613200000000008
0.12580799999999995
0.1163640000000001
0.10822799999999998
0.11403999999999992
0.12361599999999996
0.12209200000000008
0.11476800000000001
0.109152
0.11877200000000003
0.11588399999999995
0.12512799999999996
0.11604799999999992
0.13026000000000001
0.115568
0.11952400000000002
0.11753200000000004
0.113528
0.12396799999999994
0.11815199999999998
0.12077599999999991
0.12348799999999999
0.12421599999999998
0.11928000000000002
0.1228679999999999
0.1164
0.12383199999999994
0.1215839999999999
0.11449599999999985
0.127544
0.1067599999999999
0.11537199999999993
0.12901199999999993
0.1171639999999999
0.12128000000000001
0.1212159999999999
0.11440000000000004
0.12837999999999997
0.11837200000000002
0.11922800000000001
0.12121199999999992
0.13274400000000003
0.12233199999999993
0.12000399999999993
0.11746799999999999
0.11682800000000011
0.1251439999999999
0.11454799999999996
0.12152799999999986
0.11686399999999991
0.12196000000000001
0.1193719999999999
0.11716000000000004
0.12173199999999985
0.09695999999999996
0.1124279999999999
0.11762399999999995
0.1263079999999999
0.13071199999999977
0.1320519999999998
0.1270559999999999
0.12989599999999984
0.13614799999999974
0.12534799999999993
0.1222519999999999
0.13476399999999983
0.13629599999999994
0.14184399999999972
0.13715999999999978
0.1299879999999999
0.12757599999999988
0.13792800000000005
0.1341039999999999
0.1430719999999998
0.12998799999999983
0.14124399999999995
0.1434280000000001
0.1361919999999999
0.13501600000000002
0.13445200000000002
0.12638799999999997
0.13985999999999996
0.13425199999999987
0.1355119999999999
0.13922799999999988
0.11217600000000007
0.13213599999999978
0.1262439999999999
0.14113999999999993
0.13350799999999988
0.1355079999999998
0.1390079999999999
0.13494799999999982
0.13566399999999992
0.13646799999999995
0.14844
0.1373199999999999
0.14091999999999988
0.1420919999999999
0.132108
0.1339799999999999
0.14672799999999983
0.1359079999999999
0.12337599999999993
0.1168399999999999
0.1395199999999999
0.14117999999999994
0.14464799999999994
0.14144399999999996
0.14769199999999996
0.13260799999999992
0.13458799999999982
0.14389999999999978
0.13518
0.14109599999999986
0.13785999999999984
0.1413159999999999
0.13542399999999988
0.1387359999999999
0.13777999999999999
0.14277200000000004
0.13684799999999983
0.13507200000000003
0.14369599999999988
0.14347599999999985
0.1420519999999999
0.13696799999999987
0.13550800000000005
0.14614799999999994
0.14482399999999984
0.13145999999999988
0.14211199999999996
0.13836400000000007
0.13977999999999985
0.14007200000000006
0.14228399999999988
0.14103599999999994
0.12976799999999994
0.13197599999999987
0.13935199999999978
0.13393599999999992
0.13953999999999997
0.14305600000000004
0.13016799999999987
0.14031599999999989
0.14263599999999982
0.13906400000000005
0.13473999999999994
0.1298119999999998
0.14360799999999999
0.136256
0.13566399999999987
0.12845599999999985
0.14529999999999982
0.13538799999999984
0.14323999999999978
0.14377999999999996
0.13994799999999977
0.14076399999999986
0.13994800000000002
0.1355799999999999
0.1265359999999998
0.14644799999999986
0.13743599999999986
0.14024399999999992
0.13978399999999994
0.13545199999999993
0.14280399999999985
0.14085599999999987
0.147152
0.13825999999999997
0.14145999999999986
0.13779199999999983
0.15106800000000004
0.14566800000000005
0.13972399999999988
0.14484399999999983
0.1370199999999999
0.13765599999999992
0.13845599999999983
0.14047599999999985
0.1397959999999998
0.12985199999999994
0.1356599999999999
0.1382519999999998
0.1471359999999998
0.1417479999999999
0.1287280000000001
0.1301879999999999
0.1397119999999999
0.13918399999999997
0.13701999999999992
0.1414839999999999
0.1343759999999999
0.1325119999999998
0.14192799999999986
0.144424
0.1374559999999999
0.1470439999999999
0.1424079999999999
0.14449999999999988
0.13809600000000005
0.13133999999999996
0.14392
0.14701199999999984
0.13409999999999986
0.13854399999999992
0.14341199999999998
0.13249199999999994
0.124004
0.1449359999999997
0.13784800000000005
0.13656399999999996
0.14480000000000004
0.145368
0.1359439999999999
0.14205999999999996
0.13638400000000003
0.14667999999999995
0.14798800000000017
0.14068800000000006
0.14151999999999995
0.14328399999999983
0.1409959999999999
0.13959199999999997
0.14887999999999996
0.13767199999999993
0.14957999999999982
0.1462359999999998
0.14709599999999984
0.1441799999999999
0.14654800000000007
0.1282719999999999
0.14782399999999993
0.13762399999999997
0.13622799999999993
0.14426399999999992
0.13993999999999998
0.139312
0.15174400000000007
0.1342479999999998
0.1411039999999999
0.149892
0.145296
0.13522799999999993
0.14499999999999996
0.15034000000000003
0.13361999999999996
0.13091999999999987
0.148452
0.13629599999999992
0.1402999999999999
0.145784
0.14646799999999993
0.14628799999999995
0.13823999999999997
0.14123199999999989
0.1405079999999999
0.1414439999999999
0.1298559999999999
0.14091199999999995
0.1434959999999999
0.1472239999999998
0.13095999999999994
0.14637999999999998
0.14858799999999997
0.15098800000000007
0.13058399999999987
0.1505439999999999
0.1414799999999999
0.13975999999999988
0.14315599999999976
0.1402279999999999
0.13552800000000004
0.1437199999999999
0.13596799999999992
0.1436119999999999
0.1463319999999999
0.13517199999999988
0.14108399999999985
0.12746000000000005
0.14158000000000012
0.14773999999999982
0.14749199999999993
0.14006400000000002
0.14227999999999996
0.148492
0.146452
0.142036
0.13897999999999985
0.13146399999999997
0.13136400000000004
0.14279999999999982
0.145312
0.1398959999999999
0.13867200000000005
0.147876
0.14297199999999993
0.14131999999999992
0.13245599999999996
0.14253199999999994
0.13801599999999994
0.12670399999999987
0.14593599999999998
0.146868
0.12543999999999997
0.14375199999999988
0.1375359999999999
0.13343999999999998
0.14826399999999995
0.1418399999999999
0.13601999999999984
0.1287199999999999
0.14208400000000002
0.145524
0.14262799999999995
0.13254000000000007
0.14878400000000003
0.14258399999999993
0.14530400000000002
0.14604399999999984
0.1464679999999999
0.1466599999999999
0.1389640000000001
0.1402799999999998
0.14054799999999992
0.14435599999999993
0.14668399999999998
0.13658799999999993
0.13749199999999992
0.13615199999999997
0.13778799999999986
0.14664000000000002
0.14695599999999984
0.14794
0.140948
0.14047999999999997
0.134544
0.1429439999999999
0.14760399999999993
0.13860400000000003
0.14827999999999988
0.15052000000000007
0.14904799999999993
0.14970400000000006
0.1376039999999999
0.14076399999999994
0.1440399999999999
0.13998399999999991
0.14753999999999992
0.14013600000000004
0.1424399999999999
0.1460319999999999
0.13183599999999987
0.15039199999999994
0.14694799999999994
0.1424959999999999
0.139936
0.14769599999999997
0.14144799999999993
0.14825599999999994
0.14245599999999997
0.15165199999999993
0.1428320000000001
0.14128399999999994
0.1400879999999999
0.14777599999999985
0.14436799999999983
0.13782399999999997
0.13560799999999987
0.1401959999999998
0.141972
0.1471119999999999
0.13994
0.1417839999999999
0.14686000000000002
0.14151999999999984
0.14223999999999987
0.14041599999999987
0.14407999999999987
0.14578399999999994
0.1381159999999999
0.14509199999999994
0.14128799999999994
0.14422799999999988
0.14433199999999996
0.14020000000000002
0.12815600000000005
0.13787599999999992
0.14587199999999997
0.13683599999999985
0.1393839999999999
0.13810799999999998
0.13005600000000003
0.14486799999999994
0.14306400000000016
0.13630399999999987
0.1405039999999999
0.14213199999999998
0.13674399999999995
0.14861199999999997
0.14181999999999995
0.13821599999999995
0.13926000000000002
0.15333200000000002
0.140112
0.139228
0.14020799999999992
0.15050400000000014
0.14400399999999994
0.13835199999999992
0.1438919999999999
0.13739999999999986
0.13499599999999998
0.14914799999999998
0.143372
0.1446480000000002
0.14083600000000002
0.13501199999999994
0.14913999999999988
0.1464079999999999
0.13889999999999997
0.15057999999999996
0.13414799999999988
0.14687599999999987
0.14156800000000022
0.13516399999999995
0.139664
0.12960400000000002
0.14330799999999994
0.14526800000000004
0.14655599999999994
0.14754400000000012
0.14813999999999986
0.14408799999999977
0.14694399999999996
0.13829199999999994
0.14937999999999999
0.13946799999999993
0.14740000000000006
0.14030399999999996
0.13532399999999997
0.14176000000000016
0.12631199999999998
0.14172400000000002
0.14366399999999993
0.1296679999999999
0.13960800000000004
0.14450400000000008
0.1485159999999998
0.1339039999999999
0.13517199999999993
0.14193599999999987
0.13973200000000005
0.14483200000000007
0.14879199999999987
0.14246799999999984
0.1316959999999999
0.11857199999999996
0.14628799999999997
0.14368799999999995
0.13646799999999995
0.14156399999999988
0.1354119999999999
0.1464359999999999
0.13465599999999994
0.143224
0.14981199999999997
0.14662399999999998
0.14232399999999984
0.13861999999999994
0.135156
0.14666399999999985
0.148408
0.12686799999999987
0.1395959999999999
0.1452719999999999
0.14621999999999985
0.13639199999999999
0.14115200000000006
0.14216800000000002
0.13799199999999986
0.1468919999999999
0.1319239999999999
0.14144799999999993
0.14971599999999993
0.14210399999999992
0.14021599999999984
0.14943199999999995
0.14483999999999977
0.14342399999999994
0.14064000000000004
0.1565679999999999
0.150516
0.14795599999999984
0.13539999999999988
0.14384800000000006
0.14430399999999985
0.13754800000000006
0.13260400000000006
0.14633200000000007
0.14543199999999987
0.138844
0.14545200000000003
0.14717599999999997
0.151848
0.14673199999999992
0.1483359999999998
0.14574
0.13749199999999998
0.13753199999999996
0.13614799999999988
0.146808
0.14498
0.13588399999999987
0.1343360000000001
0.1406559999999999
0.13689600000000002
0.13887999999999995
0.14562399999999992
0.14960799999999988
0.151864
0.1333080000000001
0.146988
0.13561599999999996
0.14538399999999982
0.14641599999999988
0.14226799999999984
0.13445199999999993
0.13484000000000002
0.14076399999999997
0.14864799999999997
0.13918799999999995
0.14780399999999982
0.14728
0.13548399999999994
0.14179200000000003
0.13455999999999996
0.13288800000000003
0.14257599999999998
0.14155999999999994
0.13939999999999986
0.14695199999999994
0.13414399999999999
0.14571599999999985
0.14417199999999997
0.13520799999999994
0.14220399999999989
0.14340799999999998
0.13199599999999997
0.14565999999999996
0.13910799999999995
0.14353200000000005
0.15304000000000006
0.15060399999999982
0.1405919999999998
0.131128
0.14187999999999992
0.14466800000000007
0.13329599999999986
0.14131599999999994
0.14385599999999998
0.14293599999999987
0.1459720000000001
0.14529599999999998
0.13695599999999988
0.14221999999999985
0.132964
0.15090799999999993
0.14284799999999986
0.13767600000000002
0.13701999999999992
0.14574399999999998
0.14301199999999992
0.14836799999999992
0.14523999999999998
0.14568399999999992
0.13175599999999998
0.14103999999999997
0.13833600000000001
0.14445199999999986
0.14508799999999977
0.13728399999999993
0.14927999999999994
0.14703999999999987
0.14869199999999996
0.12861999999999998
0.14905199999999985
0.1423120000000001
0.134396
0.1519919999999999
0.151296
0.1482519999999999
0.14503599999999986
0.14124800000000004
0.1431319999999999
0.13753999999999994
0.14044799999999988
0.14593999999999996
0.12413999999999992
0.14081600000000005
0.13647599999999993
0.13649600000000003
0.13875599999999977
0.14764799999999995
0.13139999999999982
0.13577600000000012
0.14583599999999994
0.13717599999999988
0.13931999999999997
0.13524800000000003
0.13390799999999992
0.13904399999999986
0.1364279999999999
0.13357999999999998
0.14351999999999993
0.1420400000000001
0.1544359999999999
0.15155999999999994
0.1451359999999999
0.1380359999999999
0.139328
0.13348799999999994
0.14908400000000005
0.13947999999999983
0.13887199999999994
0.1389159999999999
0.13080399999999995
0.14398399999999992
0.13893599999999992
0.14631199999999975
0.13467999999999994
0.13566399999999987
0.12675999999999998
0.1387
0.14173999999999992
0.13997199999999996
0.13878399999999994
0.13577199999999992
0.14253999999999994
0.1277319999999999
0.14119999999999985
0.14264
0.14639199999999988
0.14538399999999996
0.14109199999999983
0.14686400000000008
0.12019199999999991
0.145596
0.1407199999999998
0.142952
0.14054000000000005
0.14118799999999984
0.14062799999999992
0.14386
0.13931599999999988
0.147908
0.1484639999999999
0.14123599999999986
0.13891199999999984
0.13891999999999993
0.14110799999999996
0.15051999999999985
0.13913199999999978
0.14770799999999987
0.15219999999999992
0.13825599999999996
0.14113199999999998
0.14752799999999988
0.14215999999999998
0.14011199999999988
0.15536399999999986
0.15109199999999987
0.14954399999999993
0.15004000000000012
0.13097199999999984
0.14261199999999993
0.154272
0.137052
0.15059199999999998
0.14031199999999985
0.13069599999999998
0.1440999999999999
0.13461199999999995
0.13992799999999997
0.1455959999999998
0.13529599999999972
0.13883999999999996
0.12896000000000002
0.1313039999999999
0.13172000000000006
0.13857599999999992
0.1409160000000001
0.15017199999999994
0.14125199999999993
0.14161199999999982
0.15181199999999995
0.1534919999999999
0.14154799999999979
0.15044399999999983
0.13483599999999987
0.14266800000000004
0.14687999999999987
0.1524119999999999
0.15631600000000007
0.15261599999999995
0.14809199999999992
0.13635199999999972
0.14834
0.14888400000000007
0.14904799999999999
0.14670399999999992
0.1466399999999999
0.15153200000000003
0.15253599999999987
0.13563599999999987
0.14263599999999996
0.14662800000000004
0.14587199999999995
0.14364000000000005
0.14244799999999996
0.13484799999999986
0.15273199999999992
0.15486000000000008
0.14595599999999986
0.144052
0.13884000000000002
0.14677999999999994
0.14665200000000006
0.14633600000000002
0.1372239999999999
0.1407319999999999
0.14884799999999995
0.14387199999999994
0.14218400000000006
0.14605600000000007
0.140852
0.15098799999999996
0.1292400000000001
0.14229199999999997
0.144996
0.14347599999999985
0.15202000000000002
0.14782399999999993
0.148616
0.1392919999999999
0.14669199999999985
0.13980799999999996
0.15327200000000007
0.15185999999999997
0.14999999999999997
0.1483199999999998
0.14117999999999978
0.15169199999999988
0.14462799999999995
0.13310000000000008
0.15093599999999993
0.1357240000000001
0.15599600000000002
0.15350800000000006
0.141284
0.15456
0.14549200000000015
0.1534399999999999
0.14979999999999988
0.14868799999999996
0.14662000000000003
0.1444520000000001
0.14991999999999986
0.13653599999999994
0.14485599999999998
0.14873600000000006
0.14487599999999998
0.13833199999999984
0.15820799999999996
0.1332200000000001
0.14933599999999983
0.15535599999999988
0.145816
0.1484039999999999
0.1418079999999999
0.13963199999999992
0.15702800000000006
0.15002799999999988
0.1588199999999999
0.1506680000000001
0.14371600000000007
0.14487599999999995
0.14687999999999998
0.162
0.14361599999999985
0.14578400000000016
0.148844
0.155528
0.15275200000000005
0.14793600000000004
0.14337600000000006
0.15005199999999996
0.15695599999999985
0.1539680000000002
0.14411600000000002
0.14694400000000002
0.15147999999999995
0.1495399999999999
0.15011999999999995
0.15511199999999986
0.14642000000000008
0.14032799999999993
0.15504800000000002
0.1619959999999999
0.14482799999999998
0.15340799999999993
0.15340799999999993
0.15617199999999992
0.13505999999999993
0.15149999999999988
0.15240399999999996
0.15846799999999991
0.15229200000000007
0.14589199999999997
0.14905599999999994
0.15353999999999995
0.14906800000000012
0.15097999999999995
0.15707999999999983
0.15724799999999994
0.1537840000000001
0.15737599999999993
0.15872000000000006
0.150176
0.14936800000000003
0.1507799999999999
0.150164
0.13994799999999996
0.14676800000000007
0.12983199999999992
0.1577759999999999
0.15697999999999993
0.14149999999999996
0.15775200000000006
0.14488400000000004
0.15879600000000005
0.14685599999999993
0.15739200000000003
0.15435599999999994
0.15266000000000002
0.15588399999999997
0.1626079999999999
0.14294799999999994
0.15702000000000005
0.1555160000000001
0.1488839999999999
0.14680800000000005
0.16185999999999995
0.15184799999999984
0.16009599999999988
0.15778400000000006
0.13980399999999993
0.16137599999999996
0.148328
0.14735999999999996
0.150452
0.13865200000000005
0.15497999999999998
0.15209999999999987
0.15346799999999994
0.15103599999999992
0.1490399999999999
0.133088
0.13495600000000008
0.1573919999999998
0.16523600000000002
0.15937999999999994
0.15556399999999984
0.15562
0.153132
0.15921600000000002
0.14996399999999996
0.15417999999999998
0.14902800000000005
0.14203999999999992
0.15476399999999996
0.16101199999999993
0.14173999999999995
0.15468
0.14341599999999985
0.15637200000000004
0.15250399999999997
0.14147199999999988
0.16550399999999998
0.15067599999999998
0.15544799999999995
0.14613600000000007
0.1619880000000001
0.1550720000000001
0.13834800000000003
0.16132799999999986
0.16580400000000012
0.148824
0.15311599999999997
0.15802399999999994
0.16049999999999992
0.15349999999999994
0.15293199999999996
0.1626559999999999
0.15253599999999992
0.1529160000000001
0.14713999999999988
0.150252
0.15964400000000004
0.1557519999999998
0.154944
0.15656399999999995
0.1518400000000001
0.15721999999999978
0.15211599999999986
0.15813599999999986
0.1457920000000001
0.150436
0.1515399999999998
0.15081599999999995
0.15969199999999995
0.1404439999999999
0.1405759999999999
0.14618399999999984
0.15595199999999998
0.153416
0.15428000000000003
0.15444399999999997
0.15127999999999986
0.1648119999999999
0.15576799999999993
0.15948799999999996
0.16251200000000005
0.14607599999999993
0.15062799999999996
0.14084799999999986
0.15382399999999993
0.16326799999999989
0.152884
0.1528839999999998
0.1517599999999998
0.15328399999999986
0.16142799999999988
0.16167599999999996
0.15840399999999977
0.12832000000000002
0.15671999999999983
0.15082000000000004
0.149724
0.15731599999999993
0.14336000000000007
0.13248799999999988
0.15121999999999997
0.1601359999999999
0.16202799999999998
0.14769600000000002
0.1626079999999999
0.15352800000000005
0.137844
0.15813600000000005
0.15536799999999998
0.1497319999999999
0.15715599999999993
0.16205999999999987
0.16451600000000008
0.15428399999999992
0.1514919999999999
0.14633999999999994
0.14701599999999984
0.1540640000000001
0.15085999999999997
0.15458399999999992
0.1634
0.13899599999999981
0.15159599999999995
0.14850400000000002
0.15065999999999993
0.15519600000000006
0.15432399999999996
0.14662800000000006
0.14763999999999994
0.15001599999999982
0.1622439999999999
0.151848
0.15247200000000005
0.15411999999999987
0.14648399999999986
0.14751999999999996
0.15663999999999986
0.15519999999999998
0.1508439999999999
0.15500800000000012
0.14467999999999986
0.14500799999999997
0.14364
0.14431199999999997
0.166708
0.14845199999999986
0.1472960000000001
0.1532719999999999
0.138668
0.14284
0.14196399999999987
0.14798399999999995
0.15384
0.15930799999999987
0.1644599999999999
0.14177999999999988
0.1511
0.14825599999999997
0.1499759999999999
0.15911999999999984
0.15496399999999985
0.142392
0.14737599999999992
0.14752399999999988
0.16139199999999992
0.14699199999999998
0.15461599999999998
0.15853999999999988
0.15842
0.15602800000000003
0.15273199999999995
0.15549199999999996
0.14431999999999984
0.1420239999999999
0.14684399999999984
0.14928400000000003
0.14814399999999991
0.125808
0.15204000000000006
0.152792
0.15057999999999994
0.16480399999999998
0.15566400000000014
0.14094399999999996
0.153232
0.14491599999999993
0.15487600000000004
0.15110799999999994
0.15291999999999997
0.15673200000000007
0.15337999999999996
0.14387199999999992
0.157808
0.15368799999999988
0.1544119999999998
0.14667999999999987
0.1611119999999999
0.15783199999999994
0.1474039999999999
0.158468
0.15723199999999998
0.16799200000000009
0.15703599999999995
0.15190799999999993
0.15523199999999998
0.15735999999999975
0.1517959999999999
0.15787599999999985
0.15680399999999992
0.15788799999999992
0.16116399999999995
0.15487599999999985
0.16286799999999982
0.14670799999999987
0.14462799999999987
0.15259199999999992
0.14628399999999978
0.15288800000000008
0.15186400000000008
0.1546559999999998
0.14735599999999993
0.15091199999999996
0.1576879999999999
0.15046399999999996
0.1620999999999999
0.1549920000000001
0.13695199999999996
0.15610799999999994
0.15225599999999992
0.15957999999999997
0.14925199999999994
0.16420799999999994
0.1407319999999999
0.15638399999999997
0.15720399999999993
0.123404
0.16106399999999982
0.1549279999999999
0.15758799999999992
0.1593319999999999
0.1606079999999999
0.16051599999999996
0.16307199999999997
0.15801600000000007
0.15065199999999987
0.1479479999999999
0.15202399999999988
0.15224399999999996
0.15685599999999986
0.14927599999999994
0.14756800000000003
0.153776
0.15028799999999984
0.14344799999999988
0.158884
0.16002799999999998
0.16270799999999985
0.14135199999999992
0.1593559999999999
0.15549599999999986
0.15409199999999995
0.15161599999999992
0.14812800000000007
0.15623999999999996
0.15007199999999987
0.158392
0.15845199999999995
0.14953999999999995
0.16193999999999995
0.16866400000000006
0.15462799999999985
0.15682399999999996
0.14698
0.16441199999999992
0.16169199999999997
0.16521199999999983
0.15672799999999998
0.15124799999999997
0.15909199999999984
0.15931999999999996
0.16256799999999993
0.15018800000000002
0.15335600000000002
0.15488799999999997
0.16347600000000012
0.1548199999999999
0.16570400000000007
0.16753599999999993
0.16837999999999984
0.16154000000000002
0.16777600000000004
0.15869599999999995
0.14131599999999997
0.15905999999999998
0.14620399999999992
0.15278799999999998
0.165896
0.15751600000000002
0.16002799999999995
0.150668
0.14877200000000002
0.14913199999999996
0.156548
0.15950400000000012
0.15440399999999999
0.162364
0.1641319999999999
0.16400799999999996
0.15456799999999993
0.1617279999999999
0.16754000000000002
0.1570880000000001
0.14765999999999999
0.16347999999999996
0.1493599999999999
0.13633199999999998
0.15882399999999985
0.152104
0.15387199999999993
0.15654000000000007
0.14506399999999986
0.15311600000000003
0.14542799999999997
0.16404800000000005
0.168
0.1528880000000001
0.15487999999999974
0.14760800000000004
0.15502
0.16223999999999994
0.14880399999999985
0.15013600000000002
0.16598000000000007
0.15575600000000006
0.15996799999999992
0.1638679999999999
0.16060399999999989
0.15485999999999997
0.15811599999999987
0.162308
0.1660919999999998
0.1642759999999999
0.15717199999999987
0.16118800000000005
0.16521999999999984
0.16768799999999998
0.15711200000000006
0.1438279999999999
0.16240800000000002
0.15694400000000003
0.16035599999999992
0.16148400000000007
0.1661879999999999
0.15833599999999998
0.16256799999999993
0.14385999999999993
0.16287199999999988
0.14895999999999995
0.15903999999999993
0.14308399999999985
0.15627599999999991
0.15927999999999998
0.16013599999999997
0.16203599999999987
0.16655599999999998
0.14047599999999996
0.14833199999999996
0.15861200000000017
0.15353599999999998
0.1579199999999998
0.164788
0.15996
0.15627599999999994
0.1540159999999999
0.1719839999999998
0.16307199999999988
0.15765199999999988
0.16391999999999976
0.16007599999999994
0.15396
0.15896399999999988
0.1625759999999999
0.15665999999999988
0.16508399999999973
0.16376399999999988
0.15424399999999996
0.16185599999999994
0.153932
0.16548799999999997
0.15397200000000008
0.1631599999999999
0.159012
0.15394400000000003
0.16236799999999993
0.16676799999999994
0.14531999999999995
0.15152799999999994
0.159168
0.14892000000000002
0.15902399999999997
0.15387599999999985
0.15735599999999994
0.1624559999999999
0.15461599999999992
0.16073199999999999
0.15923999999999983
0.1570399999999999
0.168396
0.16286799999999999
0.158532
0.16777600000000004
0.15997199999999995
0.1586319999999999
0.16209199999999996
0.14245199999999997
0.15050399999999986
0.16276800000000002
0.1557599999999999
0.15109199999999995
0.15907999999999983
0.14135199999999998
0.16914399999999985
0.16123199999999985
0.15387199999999981
0.15554799999999985
0.15779199999999996
0.1370199999999999
0.15970399999999996
0.15930800000000012
0.1620719999999999
0.14963599999999994
0.15761999999999993
0.14829199999999992
0.16255599999999987
0.14689599999999983
0.16398399999999988
0.15581999999999996
0.1624359999999999
0.16273599999999994
0.16394399999999976
0.1597639999999999
0.16046399999999997
0.15609599999999982
0.15448799999999996
0.15960000000000002
0.15489600000000003
0.15942799999999996
0.16161199999999998
0.1609999999999998
0.145068
0.16490400000000002
0.1541559999999999
0.15865599999999994
0.17321999999999985
0.15577999999999995
0.16506400000000002
0.1683039999999999
0.1644919999999998
0.1577399999999999
0.15851599999999988
0.15263199999999982
0.15683600000000003
0.150596
0.15782799999999997
0.16163599999999986
0.16061599999999995
0.16591999999999987
0.15416399999999997
0.1606919999999999
0.16677599999999998
0.15955599999999992
0.165116
0.14874799999999996
0.162064
0.15582800000000008
0.15486399999999997
0.1596159999999998
0.16028
0.16692399999999985
0.17083999999999985
0.16483999999999993
0.1618599999999999
0.16625999999999985
0.15360799999999994
0.16030800000000017
0.16648000000000002
0.1630279999999999
0.155572
0.1609079999999999
0.1636399999999999
0.16377199999999997
0.15263599999999994
0.16375200000000004
0.16477599999999987
0.16459199999999993
0.15163200000000007
0.1590079999999999
0.16377599999999995
0.15418000000000012
0.1647479999999999
0.1563199999999999
0.16335999999999998
0.1610519999999999
0.1661399999999999
0.15245999999999996
0.16488000000000005
0.16398799999999983
0.16689999999999997
0.15403199999999995
0.15680799999999986
0.16668399999999997
0.15384399999999995
0.16287199999999993
0.16408799999999985
0.157888
0.1685959999999999
0.16515999999999975
0.16726400000000002
0.15488399999999997
0.1667599999999998
0.15861599999999995
0.16201199999999996
0.15787599999999985
0.15550799999999998
0.1646959999999998
0.16299199999999997
0.1543879999999998
0.16978399999999985
0.16523199999999993
0.15978399999999995
0.16624399999999995
0.14899600000000002
0.16351599999999994
0.16554799999999995
0.16784799999999997
0.16720799999999988
0.16395599999999996
0.16236399999999984
0.1542679999999999
0.14256000000000002
0.15892799999999985
0.16191199999999964
0.16845600000000002
0.16622399999999987
0.16502799999999984
0.1636439999999999
0.15816399999999972
0.16583999999999982
0.15839599999999995
0.168232
0.15680799999999998
0.16171199999999977
0.15470799999999993
0.1664799999999999
0.1684599999999999
0.15946799999999994
0.15021999999999994
0.15327999999999983
0.16415599999999989
0.1462080000000001
0.15198399999999998
0.16161599999999987
0.16763599999999987
0.16767199999999996
0.1610399999999999
0.15408400000000003
0.16604399999999991
0.1591599999999999
0.16903999999999994
0.16746799999999992
0.1643519999999999
0.168632
0.16081999999999988
0.16263199999999992
0.15755199999999991
0.16252400000000006
0.16834000000000005
0.16411199999999987
0.16645600000000005
0.1473
0.16878400000000005
0.16229599999999983
0.16151199999999993
0.16979599999999992
0.15300399999999995
0.15258399999999991
0.161136
0.17383599999999988
0.16677599999999992
0.16694000000000006
0.16249599999999995
0.15783199999999992
0.16334399999999988
0.1620519999999998
0.15698399999999996
0.17035599999999987
0.15523199999999987
0.1651799999999997
0.1591919999999999
0.15616399999999991
0.15660399999999983
0.16387599999999986
0.1614239999999998
0.16124399999999978
0.16289599999999999
0.13648400000000005
0.16067999999999985
0.14395199999999997
0.15505200000000005
0.16313999999999998
0.14969999999999994
0.16307599999999986
0.15378799999999995
0.1623879999999999
