0.008812039999999998
0.027241479999999995
0.04118925999999999
0.052951099999999994
0.06328656
0.07102146000000001
0.07746498000000002
0.08524534000000003
0.09351512000000003
0.09910868000000005
0.10421018000000004
0.10740894000000008
0.10945170000000007
0.11228200000000006
0.11472726000000005
0.11894282000000005
0.12131214000000001
0.12387622000000004
0.12502226
0.12601462000000002
0.1293781
0.132921
0.13365152
0.13651136
0.13779068
0.14081177999999997
0.14226121999999997
0.14384149999999998
0.14567903999999998
0.14684218
0.14864402
0.14969085999999998
0.15269238
0.15337999999999993
0.15593039999999994
0.15736799999999995
0.15844079999999994
0.15988473999999994
0.16108313999999993
0.1627222799999999
0.16399281999999993
0.16479701999999993
0.16628415999999993
0.1693211999999999
0.1702239399999999
0.1699533799999999
0.17159019999999992
0.17268833999999988
0.17403329999999986
0.17418161999999987
0.17578941999999986
0.17781975999999985
0.17897379999999985
0.18071257999999987
0.18179117999999989
0.1838152399999999
0.1835374199999999
0.1860682399999999
0.1891391999999999
0.1910305999999999
0.19311161999999996
0.19337381999999995
0.19453575999999995
0.19409219999999996
0.19636083999999998
0.19681443999999995
0.19828217999999992
0.2005551999999999
0.20038127999999994
0.20161271999999994
0.20138291999999994
0.20217367999999994
0.20304541999999998
0.20350523999999992
0.20505437999999995
0.20553653999999993
0.2058752799999999
0.20615813999999993
0.2074337799999999
0.20756673999999994
0.2088228999999999
0.2083808799999999
0.2090076999999999
0.2088211799999999
0.20927957999999994
0.20998713999999993
0.2104481399999999
0.21190717999999986
0.2114187599999999
0.21141333999999987
0.21151011999999988
0.21229709999999988
0.2108130399999999
0.2119451999999999
0.21274061999999985
0.21234233999999985
0.21260617999999987
0.21340773999999985
0.21295619999999985
0.21368341999999985
0.21400773999999984
0.21421763999999982
0.21325371999999987
0.21547465999999985
0.21471727999999984
0.21527289999999988
0.21602541999999986
0.21645789999999984
0.21734875999999986
0.21698237999999986
0.21833835999999987
0.2180296599999999
0.21975497999999988
0.21990275999999986
0.22017371999999988
0.2192820999999999
0.2210652799999999
0.2206114199999999
0.22196241999999988
0.22164067999999992
0.2227653999999999
0.2223923599999999
0.22290993999999992
0.22250495999999992
0.22359019999999988
0.22435655999999987
0.22273955999999992
0.2225772799999999
0.2247488399999999
0.22368415999999988
0.2241519199999999
0.22410233999999993
0.22483685999999992
0.22485283999999994
0.2250897999999999
0.2236562599999999
0.22510931999999995
0.2243368799999999
0.22528983999999994
0.22576815999999994
0.22483025999999995
0.2244246199999999
0.2251350999999999
0.2248187799999999
0.2252706399999999
0.2240620599999999
0.22480133999999993
0.2258516999999999
0.22516131999999991
0.22518013999999995
0.2247786599999999
0.2254427999999999
0.22550091999999997
0.2255865199999999
0.22546167999999994
0.22557319999999997
0.22579325999999994
0.22635207999999993
0.22604949999999996
0.22553383999999993
0.22585039999999995
0.22665553999999996
0.22659719999999997
0.22666888
0.22612963999999994
0.22762214
0.22588767999999998
0.22808253999999997
0.22636571999999996
0.22662707999999998
0.22638734
0.22744389999999995
0.22643333999999998
0.22824402
0.22818936
0.22782066
0.2280053
0.22790619999999998
0.22828269999999995
0.22861348
0.22895926000000003
0.22877500000000006
0.22907636000000003
0.22937036
0.22956284
0.22992124000000003
0.22975318
0.22991678000000002
0.23148733999999999
0.23111436000000005
0.23134132000000002
0.23116532
0.23204478
0.23242224000000003
0.23247152000000004
0.23252838000000003
0.23279558
0.23289458000000005
0.23237054000000004
0.23341058000000003
0.23410646000000007
0.23439522000000004
0.23605820000000005
0.23468118000000004
0.23585350000000005
0.23718540000000005
0.23586248000000004
0.23716894000000008
0.23765700000000006
0.23754092000000007
0.23652988000000008
0.23714410000000005
0.23759228000000007
0.23774920000000008
0.23787728000000008
0.23837676000000005
0.2372061000000001
0.23709902000000008
0.23767268000000005
0.23843398000000007
0.23794210000000007
0.23756502000000007
0.23734776000000007
0.23755226000000007
0.23870736000000012
0.23740254000000008
0.23843660000000008
0.23838310000000007
0.23941750000000014
0.2387762800000001
0.2382350400000001
0.23884078000000009
0.2386509600000001
0.23887580000000014
0.23830106000000012
0.23953068000000013
0.2395828000000001
0.23892866000000013
0.2385513000000001
0.2392948600000001
0.2395258400000001
0.24028628000000013
0.2394621200000001
0.2397044600000001
0.2401145600000001
0.24046422000000015
0.2401071400000001
0.24113250000000008
0.24150638000000008
0.24240324000000008
0.2415488200000001
0.2438521400000001
0.2426759800000001
0.24313404000000013
0.2432783600000001
0.2441564000000001
0.2446239000000001
0.24438642000000008
0.2447864600000001
0.24506402000000013
0.2445958600000001
0.2444438000000001
0.24506924000000013
0.24483664000000008
0.2450075000000001
0.24650344000000007
0.24658860000000005
0.24604122000000006
0.24655922000000005
0.24661628000000008
0.24624052000000007
0.24695150000000005
0.24667796000000003
0.24695284000000003
0.24682758000000007
0.24630210000000005
0.24781556000000002
0.24771300000000004
0.24655068
0.24665640000000003
0.24700622000000003
0.24705020000000005
0.24756766
0.24807292000000003
0.24720966000000005
0.24739954000000006
0.24700796000000003
0.24719188000000006
0.24819346000000006
0.24819370000000007
0.24789420000000006
0.24906962000000005
0.24893438000000004
0.24853404000000004
0.24795930000000005
0.24876230000000008
0.24875234000000007
0.24804076000000008
0.24836106000000005
0.24836992000000002
0.24847136000000006
0.24859514000000005
0.24970614000000005
0.24976268000000004
0.24970756000000008
0.24888838000000008
0.2498162200000001
0.24903142000000006
0.2496774000000001
0.2500096400000001
0.24933054000000004
0.24963958000000006
0.2499656800000001
0.24953434000000005
0.24978558000000006
0.25058630000000004
0.24982206000000004
0.24936706000000008
0.24855818000000007
0.25000866000000005
0.25098870000000006
0.24997392000000004
0.24988678000000009
0.25014568000000004
0.25070522000000006
0.2502227000000001
0.25063476000000007
0.25101182000000005
0.25044104000000006
0.25135248000000004
0.25005890000000003
0.2512172200000001
0.25098242000000004
0.2507051
0.25126398000000005
0.25100616000000003
0.25113646
0.2505069200000001
0.2510963600000001
0.25034676000000006
0.25112302000000003
0.2515315000000001
0.25186232000000003
0.2515715400000001
0.2512453400000001
0.25179192000000006
0.25241234000000007
0.25263364000000005
0.25193530000000003
0.25191594000000006
0.25200570000000005
0.25199980000000005
0.25245908000000006
0.2526408600000001
0.2534079600000001
0.25229128
0.25286962
0.25416552000000003
0.25402070000000004
0.2544988
0.25350770000000006
0.25251764000000004
0.2542744600000001
0.2539854200000001
0.25410112000000007
0.25436362000000007
0.2542051
0.25516518
0.25478724
0.25514132000000006
0.25464654000000003
0.2550336800000001
0.25628642
0.25444282
0.2556778800000001
0.25553452000000004
0.2554777200000001
0.25550042000000006
0.25561676
0.2548221
0.25526256
0.25587656000000003
0.25614844000000003
0.25583794000000004
0.25656444000000006
0.25634696
0.25583374000000003
0.25612606000000004
0.25676106000000004
0.25674678000000006
0.25745154
0.25565148000000004
0.25616684
0.25604486000000004
0.25612974
0.25677088000000003
0.25688916
0.25749322
0.25644366
0.25800046000000004
0.25791358000000003
0.25696273999999997
0.25765678000000003
0.2581898
0.25909606
0.2587947200000001
0.25846316
0.25842052000000004
0.25875796
0.25980404
0.25839794
0.2593734000000001
0.26075928000000004
0.2596405600000001
0.25955528000000005
0.25900764000000004
0.25988852
0.2601227
0.26094678000000004
0.26016026000000003
0.26100604000000005
0.26173758
0.26118990000000003
0.26128068000000004
0.26141584
0.2614470800000001
0.2625152
0.26200954000000004
0.2627826200000001
0.26399012000000005
0.26357744000000005
0.26284650000000004
0.26370646000000003
0.2626230600000001
0.26392038000000007
0.26366638000000003
0.26351214000000006
0.2629672800000001
0.26459954
0.26315726000000006
0.26404642000000006
0.26412594000000006
0.26436342
0.26439718000000006
0.26369046000000007
0.26321010000000006
0.26421488000000004
0.26483570000000006
0.2641115600000001
0.2651864400000001
0.26477086000000005
0.2656492200000001
0.26538256000000005
0.26493024000000004
0.26565218000000007
0.26613670000000006
0.26586288
0.2659792000000001
0.26596652000000004
0.2663888800000001
0.26581858
0.26664126000000005
0.2662677400000001
0.2675570200000001
0.2674036000000001
0.2675565800000001
0.2668482200000001
0.2674656800000001
0.2680497400000001
0.2680488800000001
0.2678027000000001
0.2684320200000001
0.2672908000000001
0.2684068200000001
0.2678741800000001
0.2688008600000001
0.2682107800000001
0.26907720000000007
0.26905422000000007
0.26789658000000016
0.2687869800000001
0.2688498800000001
0.2686931600000001
0.26929862000000016
0.2689397400000001
0.2697381800000001
0.2695900200000001
0.2697702600000001
0.2708776800000001
0.27095892000000016
0.2728725200000001
0.27101064000000014
0.27108540000000014
0.2720943200000001
0.2722759400000001
0.27191930000000014
0.27301048000000017
0.27192878000000015
0.2726681600000001
0.27186468000000014
0.27164412000000016
0.27351570000000014
0.2732130200000002
0.2736037400000002
0.27341972000000014
0.2734179400000002
0.2738696200000002
0.27453790000000017
0.2751376200000002
0.2750899800000002
0.27533098000000017
0.27479372000000013
0.27667180000000013
0.27500558000000014
0.2764343200000002
0.27639644000000013
0.27649278000000016
0.27648818000000014
0.27703724000000013
0.27738478000000016
0.2783014800000002
0.2779746800000002
0.2784741600000002
0.2783748400000002
0.27821702000000015
0.2794094400000002
0.2783502000000002
0.2781467200000002
0.27878504000000015
0.2791422800000002
0.28025858000000015
0.2787365600000002
0.2788242800000002
0.27861890000000017
0.2783115200000002
0.2801556800000002
0.2790058600000002
0.2792797000000002
0.2791639800000002
0.2793307600000001
0.27936782000000016
0.2795586600000002
0.2802136800000002
0.27930064000000016
0.2811713000000002
0.27964394000000015
0.28029558000000016
0.28076478000000016
0.28136138000000016
0.2808393000000002
0.28100672000000015
0.28175428000000013
0.28170848000000015
0.28252310000000014
0.2820875400000002
0.2831600000000002
0.28325738000000017
0.2834318000000001
0.2833307400000002
0.2827800400000002
0.28407986000000013
0.2846665600000001
0.2841054000000002
0.2841881800000002
0.28456822000000015
0.28491416000000014
0.2848098400000002
0.2844062200000002
0.28417328000000014
0.2843535200000002
0.2843560400000002
0.28429222000000015
0.2842091200000002
0.2837058600000002
0.28406608000000017
0.2843480400000002
0.2843338600000002
0.28455228000000016
0.28490588000000017
0.2860857600000002
0.2852665200000002
0.28481060000000014
0.28544336000000015
0.28505454000000013
0.28537752000000016
0.2849716000000002
0.2843374200000002
0.28682426000000016
0.28534756000000017
0.2858660400000002
0.28600884000000015
0.28524278000000014
0.2856892200000002
0.2859244800000002
0.2854714200000002
0.2857076400000002
0.2860210200000002
0.28553638000000015
0.2849416200000002
0.2865959200000002
0.2876217400000002
0.2857271400000002
0.28668888000000015
0.2861508400000002
0.28665194000000016
0.2871532200000002
0.2866550000000002
0.2877112200000002
0.2879747000000002
0.2890599200000002
0.2879073000000002
0.2886997400000002
0.2884833800000002
0.28823282000000017
0.2883455400000002
0.2874086800000002
0.2890611800000002
0.2887303400000002
0.28918198000000017
0.28884822000000016
0.28964300000000015
0.2888440600000002
0.28962642000000016
0.2897064800000002
0.2901616600000002
0.2890811800000002
0.29011666000000025
0.2892623800000002
0.2901377400000002
0.28964084000000023
0.2899142800000002
0.2895588400000002
0.2903433800000002
0.2907709000000002
0.28992104000000024
0.29160212000000024
0.29001874000000016
0.2913236400000002
0.2918761800000002
0.29198004000000016
0.2912709800000002
0.29118264000000016
0.29243180000000024
0.2928413800000002
0.2927037200000002
0.2918682000000002
0.2916105800000002
0.29251956000000023
0.2929045600000002
0.2926907000000002
0.2926768800000002
0.2936314800000002
0.2923722600000002
0.2928605200000002
0.2917447000000002
0.2923781600000002
0.2930352000000002
0.2934424200000002
0.2937118800000002
0.2929552800000002
0.2926149600000002
0.29241272000000024
0.2928710400000002
0.29354762000000023
0.2928996800000002
0.29387852000000025
0.2944032800000002
0.2941716600000002
0.2942908600000002
0.2930850800000002
0.2936545200000002
0.2944010400000002
0.29451184000000025
0.2937025000000002
0.2933531200000002
0.29430768000000024
0.2937513200000002
0.2953532400000002
0.2948620200000002
0.2949164800000002
0.2941596000000002
0.29477554000000017
0.2949025400000002
0.2947964400000002
0.2948422200000002
0.29492592000000023
0.29386822000000024
0.2939584600000002
0.29517132000000024
0.2949473400000002
0.2937056200000002
0.2949507600000002
0.2943042400000002
0.2939989400000002
0.29483462000000027
0.29436758000000024
0.2953620200000002
0.29554882000000027
0.2939946000000002
0.2943909800000002
0.29422720000000024
0.29406942000000025
0.2945613400000002
0.2950903800000002
0.2935078800000002
0.29383678000000024
0.2944755400000002
0.29480210000000023
0.29467638000000024
0.29504812000000025
0.2948056200000002
0.2948953200000002
0.29533666000000025
0.2950215800000002
0.29465994000000023
0.29503706000000024
0.2947750800000002
0.29473070000000023
0.2951167600000002
0.2945155000000002
0.29468958000000023
0.29499942000000023
0.2948611800000002
0.2952964400000002
0.2951939400000002
0.2949628400000002
0.2947877400000002
0.2953603400000002
0.2940277200000002
0.2949981200000002
0.2944749400000002
0.29377752000000024
0.2953491200000002
0.29490808000000024
0.2947341000000002
0.2943184400000002
0.2953394600000002
0.2953106600000002
0.2959076400000002
0.2950534400000002
0.2955942200000002
0.2957519000000002
0.2953276200000002
0.29556818000000024
0.2949688600000002
0.29581920000000017
0.29464556000000025
0.2951081800000002
0.2943311800000002
0.29475760000000023
0.29455796000000023
0.29444726000000015
0.2944204800000002
0.2950778400000002
0.2955706000000002
0.2953710400000002
0.29531752000000017
0.2956092000000002
0.2950321600000002
0.2952076800000002
0.2959204200000002
0.2950592200000002
0.29604848000000017
0.2960347200000002
0.29530892000000025
0.2952033200000002
0.2960820600000002
0.29464064000000023
0.2957850000000002
0.2959928200000002
0.2945815000000002
0.2944513000000002
0.29525190000000023
0.29435568000000023
0.2939162400000002
0.2947774200000002
0.29529724000000024
0.2954322800000002
0.29471408000000016
0.2952212400000002
0.2947614200000002
0.2952108000000002
0.2951444000000002
0.2951591000000002
0.2954154200000002
0.2950547400000002
0.2952833600000002
0.2945920800000002
0.2944369200000002
0.29569558000000024
0.29558042000000023
0.2953649400000002
0.2954299200000002
0.2952537200000003
0.29520504000000025
0.2955574000000002
0.2951143000000003
0.2950168800000002
0.2953117200000002
0.2944801800000002
0.29538246000000024
0.29518984000000026
0.2953565600000002
0.2946887600000002
0.29599504000000026
0.29490124000000023
0.2946840400000002
0.2952163800000002
0.29520506000000024
0.29484912000000024
0.29503876000000023
0.2948421600000002
0.2955023000000002
0.2953227200000002
0.29643178000000026
0.29617588000000017
0.2959075800000002
0.29611690000000024
0.2960659000000002
0.2958806200000002
0.29614400000000024
0.29517270000000023
0.29577510000000024
0.2955007600000002
0.29673382000000026
0.29616244000000025
0.2951246600000002
0.2954849000000002
0.2965839200000002
0.2964923400000002
0.29724420000000024
0.2957849800000002
0.2962038400000002
0.29600660000000023
0.29627536000000027
0.2956397800000002
0.29701892000000024
0.2956296800000003
0.29533340000000025
0.2965505000000002
0.2970459200000002
0.2962226000000003
0.29555996000000023
0.29630894000000024
0.2958243400000002
0.2951293200000002
0.2963458200000002
0.2958079200000002
0.2960296400000002
0.2963816400000002
0.29622092000000017
0.2967051200000002
0.29635610000000023
0.29589840000000023
0.29573864000000016
0.29626724000000015
0.2966110200000002
0.2962402200000002
0.2959197800000002
0.29551344000000024
0.2959875800000002
0.2960812000000002
0.2958032200000002
0.29655694000000016
0.2966610200000002
0.2960475800000002
0.29680860000000014
0.29724594000000015
0.29678356000000017
0.2956402600000002
0.29697666000000017
0.29706420000000017
0.2965965400000002
0.2973978400000002
0.29667590000000016
0.2970841000000002
0.29659722000000016
0.2973317400000002
0.2965006600000002
0.2962872200000002
0.2963406800000002
0.29662654000000016
0.2968599600000002
0.2976722000000002
0.2972237400000002
0.29689736000000017
0.2963764600000002
0.2970528800000002
0.29793598000000016
0.2964143000000002
0.2978623000000002
0.29742330000000017
0.29645836000000014
0.29711926000000016
0.29720702000000015
0.2979029600000002
0.2964686800000002
0.2983032600000002
0.2975031000000002
0.2972821800000002
0.29713942000000015
0.29790514000000023
0.2978650200000002
0.2968311200000002
0.2974203600000002
0.29797010000000024
0.2982064000000002
0.2981969400000002
0.29784052000000016
0.2986278600000002
0.29829002000000016
0.2973317200000002
0.2977136000000002
0.2986738000000002
0.2986118600000002
0.29842604000000017
0.29779148000000016
0.29878328000000015
0.2985116400000002
0.2982277200000002
0.2985585400000002
0.29842986000000016
0.2988543400000002
0.2987760600000002
0.29830634000000017
0.2989180000000002
0.29866624000000014
0.2986583400000002
0.2984659800000002
0.2990769000000002
0.2986099800000002
0.29956420000000017
0.2987079200000002
0.2983459600000002
0.3003227200000002
0.29972318000000014
0.29991920000000016
0.29988270000000017
0.2990621800000002
0.2994658600000002
0.2995528600000002
0.2996899000000002
0.29967252000000016
0.3002097600000002
0.3003345800000002
0.2996843800000002
0.30012010000000017
0.30001116000000017
0.2991223000000002
0.30060228000000017
0.3003148800000001
0.30024492000000014
0.2996786400000002
0.3007024400000002
0.3008542000000002
0.2999349400000002
0.30096636000000015
0.30065824000000013
0.3007825400000002
0.30091140000000016
0.3009490000000002
0.3018478200000001
0.3014804400000001
0.30212088000000015
0.3008363800000001
0.30227676000000014
0.30236968000000014
0.30199442000000015
0.30146478000000015
0.30147670000000015
0.30182744000000017
0.30228922000000014
0.3010209800000001
0.30165768000000015
0.30237376000000016
0.30271800000000015
0.30103622000000013
0.30201900000000015
0.30196412000000017
0.3019720800000002
0.30219218000000014
0.30126916000000015
0.3019141200000002
0.3022521200000001
0.3025458200000002
0.30233434000000015
0.30287642000000015
0.3030882400000002
0.3025071400000002
0.30215936000000015
0.3029999800000001
0.30293530000000013
0.3027930600000001
0.3021820200000001
0.30269424000000017
0.30308438000000015
0.30328792000000016
0.3021241000000001
0.30332836000000013
0.30373300000000014
0.30342600000000014
0.30289822000000016
0.3017682600000002
0.3024739200000002
0.30312444000000016
0.30294432000000016
0.30250390000000016
0.3031960400000001
0.30285048000000014
0.3030678600000002
0.30385760000000017
0.30325006000000015
0.3034133400000002
0.30293398000000016
0.30373496000000016
0.30352740000000017
0.30294910000000014
0.3030647800000002
0.30349418000000017
0.30342718000000013
0.30275464000000013
0.30328380000000016
0.3024526000000002
0.30378654000000016
0.3033888000000001
0.3035938400000001
0.30258056000000016
0.30306012000000015
0.3039990400000001
0.3032271400000001
0.30177926000000016
0.3028278600000001
0.30255118000000014
0.30278088000000014
0.3035993000000001
0.30228064000000016
0.3033927000000001
0.3034524000000001
0.30303448000000016
0.30264262000000014
0.3018889000000001
0.30354038000000017
0.3037019200000001
0.30333296000000015
0.3026386400000001
0.30292420000000014
0.3030707400000001
0.30299084000000015
0.30286988000000015
0.3031937000000001
0.30257216000000015
0.30375048000000016
0.30410264000000015
0.30338050000000016
0.30323190000000017
0.3023179800000001
0.3040537400000002
0.3034402800000002
0.3028240400000001
0.30371492000000017
0.30331840000000015
0.30282558000000015
0.30310550000000014
0.3037989800000001
0.3030687800000001
0.30308616000000016
0.30285536000000013
0.3024985000000001
0.3028166600000002
0.30257714000000013
0.30331468000000017
0.30306860000000013
0.3032467600000001
0.30290762000000016
0.30347932000000016
0.3032410400000002
0.3028019600000001
0.3030600800000001
0.30337564000000017
0.30271624000000014
0.3034224000000002
0.30329888000000016
0.30343966000000017
0.3023013800000002
0.3033944200000001
0.30284614000000015
0.30228422000000016
0.30316698000000014
0.30341774000000016
0.30213404000000016
0.30387512000000017
0.30235472000000013
0.30380228000000015
0.30296004000000015
0.30213278000000016
0.30319700000000016
0.3032717800000001
0.30316046000000013
0.30326210000000015
0.30346056000000016
0.30254430000000015
0.30335564000000015
0.30345456000000015
0.3031963400000002
0.30270164000000016
0.3030904400000002
0.30314134000000015
0.3035349800000002
0.30299474000000015
0.3028946000000002
0.30165680000000017
0.30345358000000017
0.30356448000000014
0.30356624000000015
0.30299118000000014
0.30323086000000016
0.3041071400000001
0.3026681400000002
0.30382766000000017
0.30306096000000016
0.30370754000000016
0.3034302400000002
0.30251632000000017
0.30293136000000015
0.3035095600000002
0.30229352000000015
0.3029349000000001
0.3028209400000002
0.30298996000000017
0.30269504000000014
0.3029008200000002
0.3025163000000002
0.3026862000000002
0.30331828000000016
0.3033511000000002
0.30343720000000013
0.30273544000000013
0.30380628000000015
0.30263520000000016
0.3035116800000002
0.3035720000000002
0.30269354000000015
0.30348724000000016
0.3030750200000001
0.30327868000000013
0.30339106000000016
0.30375946000000015
0.3038079200000001
0.3034513000000002
0.3038758400000001
0.3025995200000001
0.30388854000000015
0.30328056000000014
0.30252402000000017
0.3039057600000002
0.30390364000000014
0.3039496800000002
0.3028788800000002
0.3036512200000001
0.3047513800000001
0.30380168000000013
0.3033186800000001
0.30437480000000017
0.3042911400000001
0.30364164000000016
0.30312374000000014
0.30506500000000014
0.30350738000000016
0.30427720000000014
0.30417154000000013
0.30474012000000017
0.30376356000000015
0.30365434000000013
0.30454460000000017
0.30442420000000014
0.3032498200000001
0.30337712000000017
0.30359396000000016
0.3034550400000002
0.3036029800000002
0.30412658000000015
0.3041946400000002
0.30399674000000015
0.3036361200000001
0.3037598600000001
0.3034940600000001
0.3037661600000001
0.30352344000000014
0.3048774000000002
0.30445106000000016
0.3055463800000002
0.3037926000000002
0.30434328000000016
0.30389404000000014
0.3055417600000001
0.30430396000000015
0.30357278000000015
0.30365008000000016
0.30373824000000016
0.30350146000000017
0.30385492000000014
0.30501670000000014
0.30382508000000014
0.3050745600000001
0.30365096000000014
0.3044294000000001
0.3050929800000002
0.30465970000000014
0.30469942000000017
0.30430228000000015
0.3050498400000001
0.30514936000000015
0.30378512000000013
0.30348922000000017
0.30413046000000016
0.30381620000000015
0.3041608800000002
0.30508080000000015
0.3042507400000002
0.3049651600000001
0.3038701400000001
0.3034363600000001
0.30531366000000015
0.30476096000000014
0.30447080000000015
0.3038526800000001
0.3042980000000001
0.30448284000000014
0.30535134000000014
0.30413806000000015
0.3043508600000001
0.30444578000000017
0.30481216000000017
0.30477262000000016
0.3046670000000002
0.3037511800000001
0.30380836000000017
0.30410780000000015
0.30506614000000015
0.30433264000000015
0.30520502000000016
0.3046763000000001
0.3049698000000001
0.30566518000000015
0.30496070000000014
0.3047233000000002
0.30481348000000014
0.3048411400000001
0.3042261200000001
0.3056723000000001
0.30491334000000014
0.3044561000000001
0.3049224600000001
0.30471304000000016
0.3049329000000001
0.30570220000000015
0.30483170000000015
0.30505140000000014
0.30527296000000015
0.30416000000000015
0.30632640000000017
0.30502252000000013
0.30462818000000014
0.3048263800000001
0.3049778400000001
0.30510536000000016
0.3050272400000001
0.3049592600000001
0.30439888000000015
0.30518942000000016
0.3055437400000001
0.3052404200000002
0.30424080000000014
0.30584616000000014
0.3060484600000002
0.3056301600000001
0.30545584000000015
0.30547152000000016
0.3050411000000002
0.3050101400000001
0.30530090000000015
0.30612678000000015
0.30623054000000016
0.3067982400000001
0.30672838000000013
0.30643414000000013
0.3066027200000001
0.3066204400000001
0.3060573600000001
0.3060726800000001
0.3052278800000001
0.30739908000000016
0.30658788000000015
0.3058249400000001
0.30635900000000016
0.3057223800000001
0.30523362000000015
0.3066850200000001
0.3072777600000001
0.30601118000000016
0.30590246000000015
0.3055706800000001
0.3066263200000002
0.3065193800000001
0.3064955600000001
0.30687656000000013
0.3065452000000001
0.30754572000000013
0.3065701000000001
0.3066132000000001
0.3057791400000001
0.3072339600000001
0.3066053400000001
0.3072459000000001
0.3061267600000001
0.3076162200000001
0.3055260200000001
0.3072009400000001
0.3063675000000001
0.3060985800000001
0.3063029200000001
0.3065971000000001
0.30590320000000015
0.3066260400000001
0.3060456400000001
0.30526638000000017
0.3062245000000001
0.3061446000000001
0.3070786600000001
0.3066240000000001
0.3067236800000001
0.3064011400000001
0.3070767600000001
0.3070092800000001
0.30697040000000014
0.3064948400000001
0.3070111400000001
0.30711428000000013
0.3058306200000001
0.3056197800000001
0.30730630000000014
0.30692662000000015
0.3072635200000001
0.30808030000000014
0.3075215600000001
0.3078287400000001
0.3070279400000001
0.3074560600000001
0.30725540000000007
0.3072773800000001
0.3073072400000001
0.30725482000000015
0.3074227200000001
0.3078780600000001
0.3074388000000001
0.3081326800000001
0.30764748000000014
0.30739460000000013
0.30800860000000013
0.3080791200000001
0.30825264000000013
0.3081002400000001
0.3088663000000001
0.3073888000000001
0.3081946000000001
0.3072799400000001
0.3074568400000001
0.3080870000000001
0.3079610200000001
0.30778586000000013
0.3077125400000001
0.30789398000000007
0.30686076000000007
0.3079620400000001
0.3070029800000001
0.30753766000000016
0.3075531400000001
0.30724346000000013
0.3079425000000001
0.3073026000000001
0.3069101800000001
0.30691756000000014
0.30681286000000013
0.30736480000000016
0.3072952200000001
0.3076511200000001
0.3070179000000001
0.3066088000000001
0.3073619200000001
0.30722866000000015
0.30812858000000015
0.3075715000000001
0.3066743000000001
0.3078735200000001
0.30753556000000015
0.3077553400000001
0.3069039000000001
0.30828918000000016
0.30791336000000014
0.3075972400000001
0.30615886000000014
0.3073990800000001
0.3070837000000001
0.30713136000000013
0.30708418000000015
0.3071110400000001
0.3076050200000001
0.30689814000000015
0.3076839400000001
0.3084591800000001
0.3073463800000001
0.3086253600000001
0.30848168000000015
0.30864104000000014
0.3083661400000001
0.30822088000000014
0.3080773800000001
0.3068564600000001
0.3089033800000001
0.30833236000000014
0.30732604000000013
0.3077001400000001
0.3088003400000001
0.30796252000000013
0.30848740000000013
0.30825758000000014
0.30910076000000014
0.30823596000000014
0.3088378800000002
0.30810252000000016
0.30848054000000014
0.30778816000000014
0.30833572000000015
0.3084233200000001
0.3088386200000001
0.30869678000000017
0.30891374000000016
0.30842160000000013
0.3088279800000001
0.3093051800000001
0.30787940000000014
0.30683188000000017
0.30866002000000015
0.30849772000000014
0.30773428000000014
0.3089543000000001
0.30807952000000016
0.3083600200000001
0.3082060400000001
0.30807634000000017
0.30836048000000016
0.30779530000000016
0.3079170200000001
0.30847724000000015
0.30833064000000016
0.3075658400000001
0.30856140000000015
0.30745290000000014
0.30836208000000015
0.3083144600000001
0.3086357000000002
0.30827130000000014
0.3077823000000002
0.3086034200000001
0.3086238000000001
0.30883596000000013
0.3083357800000001
0.30907806000000015
0.3078367200000001
0.30885040000000014
0.30857514000000014
0.30853908000000013
0.3089902600000001
0.30843046000000013
0.3072260800000002
0.30822040000000017
0.30890176000000014
0.3087424400000002
0.30885596000000015
0.30791378000000014
0.30825820000000015
0.3087607800000001
0.3085166200000002
0.3088005400000002
0.3077005800000001
0.3077424400000002
0.30894078000000014
0.3081639600000001
0.30842326000000014
0.30934162000000015
0.3089025200000002
0.3087679800000001
0.3081203000000001
0.3090639800000001
0.30871150000000014
0.30849584000000013
0.30783422000000016
0.30893506000000015
0.30835122000000015
0.30806392000000016
0.30864550000000013
0.30785948000000013
0.30849750000000015
0.3090583800000002
0.3068738600000001
0.30941092000000014
0.30762834000000017
0.30907572000000016
0.3089215200000001
0.30817992000000016
0.3090742000000002
0.30820628000000017
0.30944022000000015
0.30892040000000015
0.3086638600000001
0.3096106000000001
0.30893800000000016
0.3093524000000002
0.3095174800000002
0.30907026000000015
0.30882044000000014
0.3084970600000002
0.3085473800000001
0.30963980000000013
0.30935478000000016
0.30880088000000017
0.30897468000000017
0.30833244000000015
0.3086409200000002
0.30811596000000013
0.30873730000000016
0.3081635400000002
0.30997236000000017
0.30940560000000017
0.30868986000000015
0.3087797000000002
0.3096863200000002
0.3090639400000002
0.3082501200000001
0.30838092000000017
0.3077967200000002
0.3095348000000002
0.3085244200000002
0.30917236000000015
0.3093700400000002
0.3082183600000002
0.3094815000000002
0.3099607000000002
0.3086926600000002
0.3099893200000002
0.3100234600000002
0.30915264000000015
0.3102891200000002
0.3087924000000002
0.30926884000000016
0.3088586200000002
0.3091708200000002
0.30976168000000015
0.3093879400000002
0.3093228000000002
0.31007318000000017
0.30810622000000015
0.30915602000000014
0.30877032000000015
0.30831448000000017
0.3094781800000002
0.3083826600000002
0.30893272000000016
0.30937340000000013
0.3091494400000002
0.3081866200000002
0.3087470600000002
0.3092430600000002
0.3080488200000002
0.3091041600000002
0.3084304800000002
0.3101484400000002
0.3081413000000002
0.3086787000000002
0.30862986000000014
0.3079468800000002
0.3091288200000002
0.3087925800000002
0.3095423600000002
0.3096122200000002
0.3089049400000002
0.3086999200000002
0.3098555400000002
0.3095180800000002
0.3091811200000002
0.30936364000000016
0.30976398000000016
0.3091073600000002
0.30829878000000016
0.3087772200000002
0.30861150000000015
0.3093397200000002
0.3087362600000002
0.3095885000000002
0.3087080200000002
0.3083969400000002
0.3093861400000002
0.31042692000000016
0.30923278000000015
0.30905644000000015
0.30894162000000025
0.3082542200000002
0.3093992000000002
0.3088719600000002
0.3095424600000002
0.3082622800000002
0.30934670000000025
0.30991902000000016
0.3094413000000002
0.3087996200000002
0.30969054000000024
0.3094854200000002
0.3087852800000002
0.30886132000000016
0.3081652200000002
0.3091213000000002
0.3080486400000002
0.3096803200000002
0.30979480000000015
0.3091821000000002
0.3093398600000002
0.3082290800000002
0.3089156200000002
0.3093029800000002
0.3093577400000002
0.30880088000000017
0.30922286000000015
0.3092331800000002
0.3091873400000002
0.3089132400000002
0.3103065200000002
0.30892984000000023
0.3090749200000002
0.3087629000000003
0.3094371600000002
0.3096789000000002
0.3097469600000002
0.3098964600000002
0.3092438000000002
0.30930920000000023
0.31023878000000016
0.3095240000000002
0.3085730200000002
0.3094736800000002
0.30972228000000024
0.3078708400000002
0.3100902800000002
0.3089675600000002
0.3090306400000002
0.30923156000000024
0.3092510600000002
0.30921198000000016
0.3092456400000002
0.3095575800000002
0.30835508000000017
0.3095500000000002
0.3098691600000002
0.31003394000000023
0.3092377400000002
0.3094414200000002
0.3093243000000002
0.3093977800000002
0.30983514000000023
0.3100574000000002
0.30949976000000023
0.3089073000000002
0.3098871800000002
0.3094741800000002
0.3096141800000002
0.3100485200000002
0.3099273800000002
0.31051612000000023
0.3116520200000002
0.3104762200000002
0.3102689600000002
0.3101769800000002
0.3100620000000002
0.3102923800000002
0.31081488000000024
0.3106707200000002
0.31133682000000024
0.3107218400000002
0.31097216000000016
0.31095890000000026
0.31129062000000024
0.31145084000000023
0.3109565000000002
0.31065932000000024
0.3103861200000002
0.3123697400000002
0.31094620000000023
0.3114437000000002
0.3110400600000002
0.31236034000000024
0.3121832400000002
0.3120888800000002
0.31100810000000023
0.31176990000000027
0.3118235600000002
0.3118438200000002
0.3121377200000002
0.31155472000000023
0.3117882600000002
0.31226242000000026
0.3115220200000002
0.31131584000000023
0.3121222400000002
0.3113037600000002
0.3127177800000002
0.3118076600000002
0.3104850800000002
0.3115304000000002
0.3126154200000002
0.31136908000000024
0.31177690000000025
0.3110737400000002
0.3119242200000002
0.31188900000000025
0.3111173800000002
0.3119291800000002
0.31208002000000024
0.3121802400000002
0.31173438000000026
0.3122553800000002
0.31191590000000025
0.3114905400000002
0.3113460600000002
0.31149042000000027
0.3128763000000003
0.31184232000000023
0.31251300000000026
0.31296750000000023
0.31252600000000025
0.31239934000000025
0.31155216000000024
0.3122730600000002
0.3132145800000002
0.31331664000000026
0.3136729000000003
0.31395748000000023
0.3140956800000002
0.31378052000000023
0.3141506000000003
0.31314678000000024
0.31289228000000024
0.3132312800000003
0.3133924000000003
0.31286044000000024
0.31301928000000023
0.3131090400000002
0.31348276000000025
0.31420506000000026
0.3130260400000003
0.31318366000000025
0.31352266000000023
0.31406164000000025
0.31194164000000024
0.3134844000000003
0.3135604600000002
0.31319892000000027
0.31423932000000027
0.3140400200000002
0.31329518000000023
0.31288478000000025
0.3145094400000003
0.31379574000000027
0.31367448000000026
0.3136282600000002
0.31349720000000025
0.3155999600000003
0.31483544000000024
0.3136479600000003
0.31516374000000025
0.3154964400000002
0.31471312000000023
0.31376994000000025
0.3156076000000002
0.3150852400000002
0.3146179200000003
0.3150683400000003
0.31579244000000023
0.31495986000000026
0.3151459600000002
0.31544182000000026
0.31478058000000025
0.31549112000000024
0.3154459000000002
0.3163607800000003
0.31581792000000025
0.3160028200000003
0.31545270000000025
0.31627798000000024
0.31650624000000027
0.3162225600000002
0.31598874000000027
0.3161607400000002
0.31667874000000024
0.31613824000000024
0.31547814000000024
0.3160273200000002
0.31593012000000026
0.31664666000000025
0.31672386000000025
0.3164026600000003
0.31649046000000025
0.31522280000000025
0.3167632200000002
0.31571786000000024
0.31591744000000027
0.3168178800000003
0.31548114000000027
0.3162832400000002
0.31677412000000027
0.3163535200000003
0.31640174000000026
0.31698278000000024
0.31614594000000024
0.3161133800000002
0.3162966800000003
0.31700926000000024
0.3159406200000003
0.31653940000000025
0.31635992000000024
0.31631954000000023
0.31614926000000027
0.31564072000000026
0.31645620000000024
0.31592208000000027
0.31606606000000026
0.31644710000000026
0.3169236600000003
0.31567964000000026
0.3161288800000003
0.3159984200000003
0.31611954000000025
0.31574430000000026
0.31608126000000025
0.31621074000000027
0.3160826400000003
0.3160343800000003
0.3168919600000003
0.3171953200000003
0.3167438400000003
0.3159095800000003
0.3167103000000003
0.3159526800000003
0.31635734000000026
0.3156775000000003
0.31574820000000026
0.31590372000000033
0.3163660400000003
0.3159135800000003
0.3173018400000003
0.3164172200000003
0.31614852000000027
0.3166148600000003
0.31596180000000024
0.3165386200000003
0.3165080800000003
0.31745814000000033
0.3163465600000003
0.3175741800000003
0.3175441800000003
0.3167604400000003
0.3163124800000003
0.31748276000000025
0.3170070800000003
0.3168943400000003
0.31757334000000026
0.31743714000000023
0.3161903600000003
0.31688432000000033
0.31675252000000026
0.31707680000000027
0.31712948000000024
0.31717278000000027
0.3168853600000003
0.3175816800000003
0.3165089000000003
0.31759230000000027
0.3169626000000003
0.3164980000000003
0.31687808000000023
0.3168209000000003
0.31752442000000025
0.3173152600000003
0.3172915000000003
0.31715010000000027
0.3165830000000003
0.31787112000000023
0.31634144000000025
0.3171902200000003
0.3175166200000003
0.3165437600000003
0.3175358800000003
0.3176739200000003
0.3178758800000003
0.31734890000000027
0.31664982000000025
0.3177492600000003
0.31733726000000023
0.31687496000000026
0.31765062000000027
0.31779482000000026
0.3180250000000003
0.31752176000000026
0.31813424000000023
0.31731014000000024
0.3180182400000003
0.31806910000000027
0.3186015000000003
0.3188773600000003
0.3184438000000003
0.31828480000000026
0.3172281800000003
0.3176891000000003
0.3177448800000003
0.3187980000000003
0.3183340200000003
0.3181634600000003
0.3191744200000003
0.31785124000000026
0.3190810400000003
0.31911746000000024
0.31820092000000033
0.3180291400000003
0.31864220000000026
0.3185671400000003
0.31868262000000025
0.31960994000000026
0.3178311200000003
0.3189584600000003
0.32012066000000033
0.31805142000000025
0.3180594200000003
0.3185985000000003
0.3184601600000003
0.3194981200000003
0.3196505000000003
0.3195035800000003
0.3189210200000003
0.3186141200000003
0.3187888600000003
0.31873146000000024
0.3190443000000003
0.32032180000000027
0.3192062800000003
0.3197732200000003
0.3197170200000003
0.3211614600000003
0.31968902000000027
0.3213221000000003
0.32023844000000035
0.32079082000000025
0.32108490000000034
0.3211981200000003
0.3218728000000003
0.3213365600000002
0.32130514000000027
0.32139282000000025
0.3209388200000003
0.3214067600000003
0.3218912600000003
0.3227729800000002
0.3209384000000003
0.32128552000000027
0.3225957800000003
0.32103916000000027
0.32223296000000023
0.32259452000000033
0.32217450000000025
0.3219321000000002
0.32244432000000034
0.32153088000000024
0.32277892000000025
0.3227639800000003
0.3218917600000003
0.3214604600000003
0.3209318800000003
0.3226854600000003
0.3215335800000003
0.32218418000000026
0.3225610800000003
0.3223638400000003
0.32189336000000024
0.32133922000000026
0.32194782000000033
0.3218418200000003
0.32190980000000025
0.3212271800000003
0.32174928000000025
0.32169640000000027
0.32143184000000036
0.32218054000000024
0.32228142000000026
0.3216228000000003
