0.047783999999999986
0.06189200000000003
0.067224
0.07680799999999999
0.08962400000000001
0.10115200000000006
0.10115200000000006
0.10478400000000006
0.11812400000000006
0.11913600000000008
0.1192240000000001
0.12411200000000001
0.1261640000000001
0.13233200000000003
0.13455200000000003
0.13492000000000012
0.1388839999999999
0.14154
0.147332
0.147332
0.152844
0.152844
0.152844
0.15394800000000006
0.1561160000000001
0.15973599999999993
0.16329199999999988
0.16329199999999988
0.16411199999999992
0.16411199999999992
0.16919199999999995
0.16919199999999995
0.1724439999999999
0.17295199999999997
0.17545999999999992
0.17545999999999992
0.17675599999999989
0.17964399999999997
0.18192799999999992
0.18667599999999984
0.18667599999999984
0.18667599999999984
0.1892079999999999
0.1892079999999999
0.1892079999999999
0.1892079999999999
0.1892079999999999
0.19312799999999994
0.19312799999999994
0.19312799999999994
0.19494399999999992
0.19935999999999993
0.19935999999999993
0.19935999999999993
0.20302800000000007
0.20302800000000007
0.2053999999999998
0.20564799999999997
0.20564799999999997
0.21439199999999983
0.21439199999999983
0.21723999999999982
0.21723999999999982
0.21723999999999982
0.21723999999999982
0.21723999999999982
0.21723999999999982
0.21923600000000001
0.21923600000000001
0.21923600000000001
0.2222639999999998
0.2222639999999998
0.2222639999999998
0.2222639999999998
0.2222639999999998
0.2263359999999998
0.2277719999999997
0.2277719999999997
0.2277719999999997
0.2277719999999997
0.2277719999999997
0.2277719999999997
0.2277719999999997
0.2277719999999997
0.2277719999999997
0.2351559999999999
0.2351559999999999
0.2351559999999999
0.2351559999999999
0.2351559999999999
0.2351559999999999
0.2351559999999999
0.2351559999999999
0.2351559999999999
0.2351559999999999
0.2351559999999999
0.2351559999999999
0.2351559999999999
0.2351559999999999
0.23692799999999992
0.23692799999999992
0.23692799999999992
0.23692799999999992
0.23692799999999992
0.2372360000000002
0.23733199999999993
0.23733199999999993
0.23803999999999978
0.23803999999999978
0.23803999999999978
0.23803999999999978
0.23803999999999978
0.23803999999999978
0.23803999999999978
0.23803999999999978
0.24111600000000008
0.24111600000000008
0.24111600000000008
0.2417840000000001
0.24193600000000015
0.24193600000000015
0.24193600000000015
0.24193600000000015
0.24193600000000015
0.24193600000000015
0.24193600000000015
0.24193600000000015
0.24193600000000015
0.24193600000000015
0.247444
0.247444
0.247444
0.247444
0.247444
0.247444
0.247444
0.247444
0.247444
0.247444
0.247444
0.247444
0.247444
0.247444
0.247444
0.247444
0.247444
0.247444
0.247444
0.247444
0.247444
0.247444
0.247444
0.247444
0.247444
0.247444
0.247444
0.247444
0.247444
0.247444
0.247444
0.247444
0.247444
0.247444
0.247444
0.247444
0.247444
0.247444
0.247444
0.247444
0.247444
0.24796399999999985
0.24796399999999985
0.24796399999999985
0.24796399999999985
0.24796399999999985
0.2497280000000002
0.2497280000000002
0.2497280000000002
0.2497280000000002
0.24987200000000026
0.24987200000000026
0.24987200000000026
0.24987200000000026
0.24987200000000026
0.24987200000000026
0.2552000000000002
0.2552000000000002
0.2552000000000002
0.2552000000000002
0.2552000000000002
0.2552000000000002
0.2556120000000003
0.2556120000000003
0.2556120000000003
0.2556120000000003
0.2556120000000003
0.2556120000000003
0.2556120000000003
0.2556120000000003
0.2556120000000003
0.2556120000000003
0.2556120000000003
0.2556120000000003
0.2556120000000003
0.25855600000000006
0.25855600000000006
0.25855600000000006
0.25855600000000006
0.25855600000000006
0.25855600000000006
0.25855600000000006
0.25855600000000006
0.25855600000000006
0.25855600000000006
0.25855600000000006
0.25855600000000006
0.25855600000000006
0.25855600000000006
0.25855600000000006
0.25855600000000006
0.25855600000000006
0.25855600000000006
0.25855600000000006
0.25855600000000006
0.25855600000000006
0.25855600000000006
0.2585920000000001
0.2585920000000001
0.2585920000000001
0.2585920000000001
0.2585920000000001
0.2585920000000001
0.2585920000000001
0.2585920000000001
0.2585920000000001
0.2585920000000001
0.2585920000000001
0.2589760000000002
0.2589760000000002
0.2595680000000001
0.2595680000000001
0.2595680000000001
0.2595680000000001
0.2595680000000001
0.2595680000000001
0.2595680000000001
0.2595680000000001
0.2617360000000001
0.2617360000000001
0.2617360000000001
0.2617360000000001
0.2617360000000001
0.2617360000000001
0.2617360000000001
0.2617360000000001
0.2617360000000001
0.2617360000000001
0.2617360000000001
0.2617360000000001
0.2617360000000001
0.2617360000000001
0.2617360000000001
0.2626679999999998
0.2626679999999998
0.2657640000000001
0.2657640000000001
0.2675439999999999
0.2675439999999999
0.2675439999999999
0.2675439999999999
0.2675439999999999
0.2675439999999999
0.2675439999999999
0.2675439999999999
0.2675439999999999
0.2675439999999999
0.2675439999999999
0.2675439999999999
0.2675439999999999
0.2675439999999999
0.2675439999999999
0.2675439999999999
0.269792
0.269792
0.269792
0.269792
0.269792
0.269792
0.269792
0.269792
0.269792
0.269792
0.269792
0.269792
0.269792
0.269792
0.269792
0.269792
0.269792
0.269792
0.269792
0.270368
0.270368
0.270368
0.270368
0.270368
0.270368
0.270368
0.270368
0.2704320000000002
0.2704320000000002
0.2704320000000002
0.2704320000000002
0.2704320000000002
0.2704320000000002
0.2708320000000001
0.2708320000000001
0.2708320000000001
0.2708320000000001
0.2708320000000001
0.2708320000000001
0.2708320000000001
0.2708320000000001
0.2708320000000001
0.2708320000000001
0.2708320000000001
0.2708320000000001
0.2708320000000001
0.2708320000000001
0.2708320000000001
0.2708320000000001
0.2708320000000001
0.2708320000000001
0.27223599999999987
0.27223599999999987
0.27223599999999987
0.27223599999999987
0.2728679999999999
0.2728679999999999
0.27441599999999994
0.27441599999999994
0.27441599999999994
0.27441599999999994
0.2751679999999999
0.2751679999999999
0.2751679999999999
0.2751679999999999
0.2758119999999999
0.2758119999999999
0.2758119999999999
0.27608
0.27608
0.27608
0.27608
0.27608
0.27608
0.27608
0.27608
0.27734800000000004
0.27734800000000004
0.27734800000000004
0.27734800000000004
0.27734800000000004
0.27734800000000004
0.27734800000000004
0.27734800000000004
0.27734800000000004
0.27734800000000004
0.27734800000000004
0.27734800000000004
0.2799239999999999
0.2799239999999999
0.2799239999999999
0.2799239999999999
0.2799239999999999
0.2799239999999999
0.2799239999999999
0.2799239999999999
0.2799239999999999
0.2799239999999999
0.2799239999999999
0.2799239999999999
0.2799239999999999
0.2799239999999999
0.2799239999999999
0.2799239999999999
0.2799239999999999
0.2799239999999999
0.2799239999999999
0.2799239999999999
0.2799239999999999
0.2799239999999999
0.2799239999999999
0.2799239999999999
0.2799239999999999
0.2799239999999999
0.2799239999999999
0.2799239999999999
0.2799239999999999
0.2799239999999999
0.2799239999999999
0.2799239999999999
0.2799239999999999
0.2799239999999999
0.2799239999999999
0.2799239999999999
0.2799239999999999
0.2799239999999999
0.2811679999999999
0.2811679999999999
0.2811679999999999
0.2811679999999999
0.2811679999999999
0.2811679999999999
0.2811679999999999
0.2811679999999999
0.2811679999999999
0.2811679999999999
0.2811679999999999
0.2811679999999999
0.2811679999999999
0.2811679999999999
0.2811679999999999
0.2811679999999999
0.2811679999999999
0.282012
0.282012
0.282012
0.282012
0.282012
0.282012
0.28464
0.28464
0.28464
0.28464
0.28464
0.28464
0.28464
0.28464
0.28464
0.28464
0.2916640000000001
0.2916640000000001
0.2916640000000001
0.2916640000000001
0.2916640000000001
0.2916640000000001
0.2916640000000001
0.2916640000000001
0.2916640000000001
0.2916640000000001
0.2916640000000001
0.2916640000000001
0.2916640000000001
0.2916640000000001
0.2916640000000001
0.2916640000000001
0.2916640000000001
0.2916640000000001
0.2916640000000001
0.2916640000000001
0.2916640000000001
0.2916640000000001
0.2916640000000001
0.2916640000000001
0.2916640000000001
0.2916640000000001
0.2916640000000001
0.2916640000000001
0.2916640000000001
0.2916640000000001
0.2916640000000001
0.2916640000000001
0.2916640000000001
0.2916640000000001
0.2916640000000001
0.2916640000000001
0.2916640000000001
0.2916640000000001
0.2916640000000001
0.2916640000000001
0.2916640000000001
0.2916640000000001
0.2916640000000001
0.29652400000000007
0.29652400000000007
0.29652400000000007
0.29652400000000007
0.29652400000000007
0.29652400000000007
0.29652400000000007
0.29652400000000007
0.29652400000000007
0.29652400000000007
0.29652400000000007
0.29652400000000007
0.29652400000000007
0.29652400000000007
0.29652400000000007
0.29652400000000007
0.29769600000000035
0.29769600000000035
0.29769600000000035
0.29769600000000035
0.29769600000000035
0.29769600000000035
0.29769600000000035
0.29769600000000035
0.29769600000000035
0.29769600000000035
0.30083200000000027
0.30083200000000027
0.30157200000000034
0.30157200000000034
0.30157200000000034
0.30157200000000034
0.30157200000000034
0.30157200000000034
0.30157200000000034
0.30157200000000034
0.30157200000000034
0.30157200000000034
0.30157200000000034
0.30157200000000034
0.30157200000000034
0.30157200000000034
0.30157200000000034
0.30157200000000034
0.30157200000000034
0.30157200000000034
0.30157200000000034
0.30157200000000034
0.30157200000000034
0.30157200000000034
0.30157200000000034
0.30157200000000034
0.30157200000000034
0.30157200000000034
0.3016400000000002
0.3016400000000002
0.3016400000000002
0.3016400000000002
0.3016400000000002
0.3016400000000002
0.3016400000000002
0.3016400000000002
0.3016400000000002
0.3016400000000002
0.3016400000000002
0.301872
0.301872
0.3026160000000002
0.3026160000000002
0.3026160000000002
0.3026160000000002
0.3026160000000002
0.3026160000000002
0.3026160000000002
0.3026160000000002
0.3026160000000002
0.30766000000000016
0.30766000000000016
0.30766000000000016
0.30766000000000016
0.30766000000000016
0.30766000000000016
0.30766000000000016
0.30766000000000016
0.30766000000000016
0.30766000000000016
0.30766000000000016
0.30766000000000016
0.30766000000000016
0.30766000000000016
0.30766000000000016
0.30766000000000016
0.30766000000000016
0.30766000000000016
0.30766000000000016
0.30834799999999996
0.30834799999999996
0.30834799999999996
0.30834799999999996
0.30834799999999996
0.30834799999999996
0.30834799999999996
0.30834799999999996
0.30834799999999996
0.30834799999999996
0.30834799999999996
0.30834799999999996
0.30834799999999996
0.30834799999999996
0.30834799999999996
0.30834799999999996
0.30834799999999996
0.30834799999999996
0.30834799999999996
0.30834799999999996
0.30834799999999996
0.30834799999999996
0.30834799999999996
0.30834799999999996
0.30834799999999996
0.30834799999999996
0.30834799999999996
0.30834799999999996
0.30834799999999996
0.30834799999999996
0.3087600000000002
0.3087600000000002
0.3087600000000002
0.3087600000000002
0.3087600000000002
0.3087600000000002
0.3092680000000002
0.3092680000000002
0.3092680000000002
0.3092680000000002
0.311416
0.311416
0.311416
0.311416
0.311416
0.311416
0.3158320000000001
0.3158320000000001
0.3158320000000001
0.3158320000000001
0.3158320000000001
0.3158320000000001
0.3158320000000001
0.3158320000000001
0.3158320000000001
0.3158320000000001
0.3158320000000001
0.3158320000000001
0.3158320000000001
0.3158320000000001
0.3158320000000001
0.3158320000000001
0.3158320000000001
0.3158320000000001
0.3158320000000001
0.3158320000000001
0.3158320000000001
0.3158320000000001
0.3158320000000001
0.3158320000000001
0.3158320000000001
0.3158320000000001
0.3158320000000001
0.3158320000000001
0.3158320000000001
0.3158320000000001
0.3158320000000001
0.3158320000000001
0.3158320000000001
0.3158320000000001
0.3158320000000001
0.3158320000000001
0.3158320000000001
0.3158320000000001
0.3158320000000001
0.3158320000000001
0.3158320000000001
0.3158320000000001
0.3158320000000001
0.3158320000000001
0.3158320000000001
0.3158320000000001
0.3158320000000001
0.3158320000000001
0.3158320000000001
0.3158320000000001
0.3158320000000001
0.3158320000000001
0.3158320000000001
0.3158320000000001
0.3158320000000001
0.3158320000000001
0.3158320000000001
0.3158320000000001
0.3158320000000001
0.3158320000000001
0.3158320000000001
0.3158320000000001
0.3158320000000001
0.3158320000000001
0.3158320000000001
0.3158320000000001
0.3158320000000001
0.3158320000000001
0.3158320000000001
0.3158320000000001
0.3158320000000001
0.3158320000000001
0.3158320000000001
0.3158320000000001
0.3158320000000001
0.3158320000000001
0.3158320000000001
0.3158320000000001
0.3158320000000001
0.3158320000000001
0.3158320000000001
0.3158320000000001
0.3158320000000001
0.3158320000000001
0.3158320000000001
0.3158320000000001
0.3158320000000001
0.3158320000000001
0.3158320000000001
0.3158320000000001
0.3158320000000001
0.3158320000000001
0.3158320000000001
0.3158320000000001
0.3158320000000001
0.3158320000000001
0.3158320000000001
0.3158320000000001
0.3158320000000001
0.3158320000000001
0.3158320000000001
0.3158360000000001
0.3158360000000001
0.3158360000000001
0.3158360000000001
0.3158360000000001
0.3158360000000001
0.3158360000000001
0.3158360000000001
0.3158360000000001
0.3158360000000001
0.3158360000000001
0.3158360000000001
0.3158360000000001
0.3158360000000001
0.3158360000000001
0.3158360000000001
0.3158360000000001
0.3158360000000001
0.3158360000000001
0.3158360000000001
0.3158360000000001
0.3158360000000001
0.3158360000000001
0.3158360000000001
0.3158360000000001
0.3158360000000001
0.3158360000000001
0.3158360000000001
0.3158360000000001
0.3158360000000001
0.3158360000000001
0.3158360000000001
0.3158360000000001
0.3158360000000001
0.3158360000000001
0.3158360000000001
0.3158360000000001
0.3158360000000001
0.3158360000000001
0.3158360000000001
0.3158360000000001
0.3158360000000001
0.3174520000000003
0.3174520000000003
0.3174520000000003
0.3174520000000003
0.3174520000000003
0.3174520000000003
0.3174520000000003
0.3174520000000003
0.3174520000000003
0.3174520000000003
0.3174520000000003
0.3174520000000003
0.3174520000000003
0.3174520000000003
0.3174520000000003
0.3174520000000003
0.3174520000000003
0.3174520000000003
0.3174520000000003
0.3174520000000003
0.3174520000000003
0.3174520000000003
0.3174520000000003
0.3174520000000003
0.3174520000000003
0.3174520000000003
0.3174520000000003
0.3174520000000003
0.3174520000000003
0.3174520000000003
0.3174520000000003
0.3174520000000003
0.3174520000000003
0.3174520000000003
0.3174520000000003
0.3174520000000003
0.3174520000000003
0.3174520000000003
0.3174520000000003
0.3174520000000003
0.3174520000000003
0.3174520000000003
0.3174520000000003
0.3174520000000003
0.3178080000000001
0.3178080000000001
0.3178080000000001
0.3178080000000001
0.3178080000000001
0.3178080000000001
0.3178080000000001
0.3178080000000001
0.3178080000000001
0.3178080000000001
0.3178080000000001
0.3178080000000001
0.3178080000000001
0.3178080000000001
0.3178080000000001
0.3178080000000001
0.3178080000000001
0.3178080000000001
0.3178080000000001
0.3178080000000001
0.3178080000000001
0.3178080000000001
0.3178080000000001
0.3178080000000001
0.3178080000000001
0.3178080000000001
0.3178080000000001
0.3178080000000001
0.3178080000000001
0.3178080000000001
0.3178080000000001
0.3178080000000001
0.3178080000000001
0.3178080000000001
0.3178080000000001
0.3178080000000001
0.3178080000000001
0.3178080000000001
0.3178080000000001
0.3178080000000001
0.3178080000000001
0.3178080000000001
0.3178080000000001
0.3178080000000001
0.3178080000000001
0.3178080000000001
0.3178080000000001
0.3178080000000001
0.3178080000000001
0.3178080000000001
0.3178080000000001
0.3178080000000001
0.3178080000000001
0.3178080000000001
0.3178080000000001
0.3178080000000001
0.3178080000000001
0.3178080000000001
0.3178080000000001
0.3178080000000001
0.3178080000000001
0.3178080000000001
0.3178080000000001
0.3178080000000001
0.3178080000000001
0.3178080000000001
0.3178080000000001
0.3178080000000001
0.3178080000000001
0.3178080000000001
0.3178080000000001
0.3178080000000001
0.3178080000000001
0.3178080000000001
0.3178080000000001
0.3178080000000001
0.3178080000000001
0.3178080000000001
0.3178080000000001
0.3178080000000001
0.3178080000000001
0.3178080000000001
0.31818800000000014
0.31818800000000014
0.31818800000000014
0.31818800000000014
0.31818800000000014
0.31818800000000014
0.31818800000000014
0.31818800000000014
0.31818800000000014
0.321364
0.321364
0.321364
0.321364
0.321364
0.321364
0.321364
0.321364
0.321364
0.321364
0.321364
0.321364
0.321364
0.321364
0.3259720000000001
0.3259720000000001
0.3259720000000001
0.3259720000000001
0.3259720000000001
0.3259720000000001
0.3259720000000001
0.3259720000000001
0.3259720000000001
0.3259720000000001
0.3259720000000001
0.3259720000000001
0.3259720000000001
0.3259720000000001
0.3259720000000001
0.32730000000000004
0.32730000000000004
0.32730000000000004
0.32730000000000004
0.32730000000000004
0.32730000000000004
0.32730000000000004
0.32730000000000004
0.32730000000000004
0.32730000000000004
0.32730000000000004
0.32730000000000004
0.32730000000000004
0.32730000000000004
0.32730000000000004
0.32730000000000004
0.32730000000000004
0.32730000000000004
0.32730000000000004
0.32730000000000004
0.32730000000000004
0.32730000000000004
0.32730000000000004
0.32730000000000004
0.32730000000000004
0.32730000000000004
0.32730000000000004
0.32730000000000004
0.32730000000000004
0.32730000000000004
0.32943999999999996
0.32943999999999996
0.32943999999999996
0.32943999999999996
0.32943999999999996
0.32943999999999996
0.32943999999999996
0.32943999999999996
0.32943999999999996
0.32943999999999996
0.32943999999999996
0.32943999999999996
0.32943999999999996
0.32943999999999996
0.32943999999999996
0.32943999999999996
0.32943999999999996
0.32943999999999996
0.32943999999999996
0.32943999999999996
0.32943999999999996
0.32943999999999996
0.32943999999999996
0.32943999999999996
0.32943999999999996
0.32943999999999996
0.32943999999999996
0.32943999999999996
0.32943999999999996
0.32943999999999996
0.32943999999999996
0.32943999999999996
0.32943999999999996
0.32943999999999996
0.32943999999999996
0.32943999999999996
0.32943999999999996
0.32943999999999996
0.32943999999999996
0.32943999999999996
0.32943999999999996
0.32943999999999996
0.32943999999999996
0.32943999999999996
0.32943999999999996
0.32943999999999996
0.32943999999999996
0.32943999999999996
0.32943999999999996
0.32943999999999996
0.32943999999999996
0.32943999999999996
0.32943999999999996
0.32943999999999996
0.32943999999999996
0.32943999999999996
0.32943999999999996
0.32943999999999996
0.32943999999999996
0.32943999999999996
0.32943999999999996
0.32943999999999996
0.32943999999999996
0.32943999999999996
0.32943999999999996
0.32943999999999996
0.32943999999999996
0.32943999999999996
0.32943999999999996
0.32943999999999996
0.32943999999999996
0.32943999999999996
0.32943999999999996
0.32943999999999996
0.32943999999999996
0.32943999999999996
0.32943999999999996
0.32943999999999996
0.32943999999999996
0.32943999999999996
0.32943999999999996
0.32943999999999996
0.32943999999999996
0.32943999999999996
0.32943999999999996
0.32943999999999996
0.32943999999999996
0.32943999999999996
0.32943999999999996
0.32943999999999996
0.32943999999999996
0.32943999999999996
0.32943999999999996
0.32943999999999996
0.32943999999999996
0.32943999999999996
0.32943999999999996
0.32943999999999996
0.32943999999999996
0.32943999999999996
0.32943999999999996
0.32943999999999996
0.32943999999999996
0.32943999999999996
0.32943999999999996
0.329572
0.329572
0.329572
0.329572
0.329572
0.329572
0.329572
0.329572
0.329572
0.329572
0.329572
0.329572
0.329572
0.329572
0.329572
0.329572
0.329572
0.329572
0.329572
0.329572
0.329572
0.329572
0.329572
0.329572
0.329572
0.329572
0.329572
0.329572
0.329572
0.329572
0.329572
0.329572
0.329572
0.329572
0.329572
0.329572
0.329572
0.329572
0.329572
0.329572
0.329572
0.329572
0.329572
0.329572
0.329572
0.329572
0.329572
0.329572
0.329572
0.329572
0.329572
0.329572
0.329572
0.329572
0.329572
0.329572
0.329572
0.329572
0.329572
0.329572
0.329572
0.329572
0.329572
0.329572
0.329572
0.329572
0.329572
0.329572
0.329572
0.329572
0.329572
0.329572
0.329572
0.329572
0.329572
0.329572
0.329572
0.329572
0.329572
0.329572
0.329572
0.329572
0.329572
0.329572
0.329572
0.329572
0.329572
0.329572
0.329572
0.329572
0.329572
0.329572
0.329572
0.329572
0.329572
0.329572
0.329572
0.329572
0.329572
0.329572
0.329572
0.329572
0.329572
0.329572
0.329572
0.329572
0.329572
0.329572
0.329572
0.329572
0.329572
0.329572
0.329572
0.329572
0.329572
0.329572
0.329572
0.329572
0.329572
0.329572
0.329572
0.329572
0.329572
0.329572
0.329572
0.329572
0.329572
0.329572
0.329572
0.329572
0.329572
0.329572
0.329572
0.329572
0.329572
0.3324560000000001
0.3324560000000001
0.3324560000000001
0.3324560000000001
0.3324560000000001
0.3324560000000001
0.3324560000000001
0.3324560000000001
0.3324560000000001
0.3324560000000001
0.3324560000000001
0.3324560000000001
0.3324560000000001
0.3324560000000001
0.3324560000000001
0.3324560000000001
0.3324560000000001
0.3324560000000001
0.3324560000000001
0.3324560000000001
0.3324560000000001
0.3324560000000001
0.3324560000000001
0.3324560000000001
0.3324560000000001
0.3324560000000001
0.3324560000000001
0.3324560000000001
0.3324560000000001
0.3324560000000001
0.3324560000000001
0.3324560000000001
0.3324560000000001
0.3324560000000001
0.3324560000000001
0.3324560000000001
0.3324560000000001
0.3324560000000001
0.3324560000000001
0.3324560000000001
0.3324560000000001
0.3324560000000001
0.3324560000000001
0.3324560000000001
0.3324560000000001
0.3324560000000001
0.3324560000000001
0.3324560000000001
0.3324560000000001
0.3324560000000001
0.3324560000000001
0.3324560000000001
0.3324560000000001
0.3324560000000001
0.3324560000000001
0.3324560000000001
0.3324560000000001
0.3324560000000001
0.3324560000000001
0.3324560000000001
0.3324560000000001
0.3324560000000001
0.3324560000000001
0.3324560000000001
0.3324560000000001
0.3324560000000001
0.3324560000000001
0.3324560000000001
0.3324560000000001
0.3324560000000001
0.3324560000000001
0.3324560000000001
0.3324560000000001
0.3324560000000001
0.3324560000000001
0.3324560000000001
0.3324560000000001
0.3324560000000001
0.3324560000000001
0.3324560000000001
0.3324560000000001
0.3324560000000001
0.3324560000000001
0.3324560000000001
0.3324560000000001
0.3324560000000001
0.3324560000000001
0.3324560000000001
0.3324560000000001
0.3324560000000001
0.3324560000000001
0.3324560000000001
0.3324560000000001
0.3324560000000001
0.3324560000000001
0.3324560000000001
0.3324560000000001
0.3324560000000001
0.3324560000000001
0.3324560000000001
0.3324560000000001
0.3324560000000001
0.3324560000000001
0.3324560000000001
0.3324560000000001
0.3324560000000001
0.3324560000000001
0.3324560000000001
0.3324560000000001
0.3324560000000001
0.3324560000000001
0.3324560000000001
0.3324560000000001
0.3324560000000001
0.3324560000000001
0.3324560000000001
0.3324560000000001
0.3324560000000001
0.3324560000000001
0.3324560000000001
0.3324560000000001
0.3324560000000001
0.3324560000000001
0.3324560000000001
0.3324560000000001
0.3324560000000001
0.3324560000000001
0.3324560000000001
0.3324560000000001
0.3324560000000001
0.3324560000000001
0.3324560000000001
0.3324560000000001
0.3324560000000001
0.3324560000000001
0.3324560000000001
0.3324560000000001
0.3324560000000001
0.3324560000000001
0.3324560000000001
0.3337679999999999
0.3337679999999999
0.3337679999999999
0.3337679999999999
0.3337679999999999
0.3337679999999999
0.3337679999999999
0.3337679999999999
0.3337679999999999
0.3337679999999999
0.3337679999999999
0.3337679999999999
0.3337679999999999
0.3337679999999999
0.3337679999999999
0.3337679999999999
0.3337679999999999
0.3337679999999999
0.3337679999999999
0.3337679999999999
0.3337679999999999
0.3337679999999999
0.3337679999999999
0.3337679999999999
0.3337679999999999
0.3337679999999999
0.3337679999999999
0.3337679999999999
0.3337679999999999
0.3337679999999999
0.3337679999999999
0.3337679999999999
0.3337679999999999
0.3337679999999999
0.3337679999999999
0.3337679999999999
0.3337679999999999
0.3337679999999999
0.3337679999999999
0.3337679999999999
0.3337679999999999
0.3337679999999999
0.3337679999999999
0.3337679999999999
0.3337679999999999
0.3337679999999999
0.3337679999999999
0.3337679999999999
0.3337679999999999
0.3337679999999999
0.3337679999999999
0.3337679999999999
0.3337679999999999
0.3337679999999999
0.3337679999999999
0.3337679999999999
0.3337679999999999
0.3337679999999999
0.3337679999999999
0.3337679999999999
0.3337679999999999
0.3337679999999999
0.3337679999999999
0.3337679999999999
0.3337679999999999
0.3337679999999999
0.3337679999999999
0.3337679999999999
0.3337679999999999
0.3337679999999999
0.3337679999999999
0.3337679999999999
0.3337679999999999
0.3337679999999999
0.3337679999999999
0.3337679999999999
0.3337679999999999
0.3337679999999999
0.3337679999999999
0.3337679999999999
0.3337679999999999
0.3337679999999999
0.3337679999999999
0.3337679999999999
0.3337679999999999
0.3337679999999999
0.3337679999999999
0.3337679999999999
0.3337679999999999
0.3337679999999999
0.3337679999999999
0.3337679999999999
0.3337679999999999
0.3337679999999999
0.3337679999999999
0.3337679999999999
0.3337679999999999
0.3337679999999999
0.3337679999999999
0.3337679999999999
0.3337679999999999
0.3337679999999999
0.3337679999999999
0.3337679999999999
0.3337679999999999
0.3337679999999999
0.3337679999999999
0.3337679999999999
0.3337679999999999
0.3337679999999999
0.3337679999999999
0.3337679999999999
0.3337679999999999
0.3337679999999999
0.3337679999999999
0.3337679999999999
0.3337679999999999
0.3337679999999999
0.3337679999999999
0.3337679999999999
0.3337679999999999
0.3337679999999999
0.3337679999999999
0.3337679999999999
0.3337679999999999
0.3337679999999999
0.3337679999999999
0.3337679999999999
0.3337679999999999
0.3337679999999999
0.3337679999999999
0.3337679999999999
0.3337679999999999
0.3337679999999999
0.3337679999999999
0.3337679999999999
0.3337679999999999
0.3337679999999999
0.3337679999999999
0.3337679999999999
0.3337679999999999
0.3337679999999999
0.3337679999999999
0.3337679999999999
0.3337679999999999
0.3337679999999999
0.3337679999999999
0.3337679999999999
0.3337679999999999
0.3337679999999999
0.3337679999999999
0.3337679999999999
0.3337679999999999
0.3337679999999999
0.3337679999999999
0.3337679999999999
0.3337679999999999
0.3337679999999999
0.3337679999999999
0.3337679999999999
0.3337679999999999
0.3337679999999999
0.3337679999999999
0.3337679999999999
0.3337679999999999
0.3337679999999999
0.3337679999999999
0.3337679999999999
0.3337679999999999
0.3337679999999999
0.3337679999999999
0.3337679999999999
0.3337679999999999
0.3337679999999999
0.3337679999999999
0.3337679999999999
0.3337679999999999
0.3337679999999999
0.3337679999999999
0.3337679999999999
0.3337679999999999
0.3337679999999999
0.3337679999999999
0.3337679999999999
0.3337679999999999
0.3337679999999999
0.3337679999999999
0.3337679999999999
0.3337679999999999
0.3337679999999999
0.3337679999999999
0.3337679999999999
0.3337679999999999
0.3337679999999999
0.3337679999999999
0.3337679999999999
0.3337679999999999
0.3337679999999999
0.3337679999999999
0.3337679999999999
0.3337679999999999
0.3337679999999999
0.3337679999999999
0.3337679999999999
0.3337679999999999
0.3337679999999999
0.3337679999999999
0.3337679999999999
0.3337679999999999
0.3337679999999999
0.3337679999999999
0.3337679999999999
0.3337679999999999
0.3337679999999999
0.3337679999999999
0.3337679999999999
0.3337679999999999
0.3337679999999999
0.3337679999999999
0.3337679999999999
0.3337679999999999
0.3337679999999999
0.3337679999999999
0.3337679999999999
0.3337679999999999
0.3337679999999999
0.3337679999999999
0.3337679999999999
0.3337679999999999
0.3337679999999999
0.3337679999999999
0.3337679999999999
0.3337679999999999
0.3337679999999999
0.3337679999999999
0.3337679999999999
0.3337679999999999
0.3337679999999999
0.3337679999999999
0.3337679999999999
0.3337679999999999
0.3337679999999999
0.3337679999999999
0.3337679999999999
0.3337679999999999
0.3337679999999999
0.3337679999999999
0.3337679999999999
0.3337679999999999
0.3337679999999999
0.3337679999999999
0.3337679999999999
0.3337679999999999
0.3337679999999999
0.3337679999999999
0.3337679999999999
0.3337679999999999
0.3337679999999999
0.3337679999999999
0.3337679999999999
0.3337679999999999
0.3337679999999999
0.3337679999999999
0.3337679999999999
0.3337679999999999
0.3337679999999999
0.3337679999999999
0.3337679999999999
0.3337679999999999
0.3337679999999999
0.3337679999999999
0.3337679999999999
0.3337679999999999
0.3337679999999999
0.3337679999999999
0.3337679999999999
0.3337679999999999
0.3337679999999999
0.3337679999999999
0.3337679999999999
0.3337679999999999
0.3337679999999999
0.3337679999999999
0.3337679999999999
0.3337679999999999
0.3337679999999999
0.3337679999999999
0.3337679999999999
0.3337679999999999
0.3337679999999999
0.3337679999999999
0.3337679999999999
0.3337679999999999
0.3337679999999999
0.3337679999999999
0.3337679999999999
0.3337679999999999
0.3337679999999999
0.3337679999999999
0.3337679999999999
0.3337679999999999
0.3337679999999999
0.3337679999999999
0.3337679999999999
0.3337679999999999
0.3337679999999999
0.3337679999999999
0.3337679999999999
0.3337679999999999
0.3337679999999999
0.3337679999999999
0.3337679999999999
0.3337679999999999
0.3337679999999999
0.3337679999999999
0.3337679999999999
0.3337679999999999
0.3337679999999999
0.3337679999999999
0.3337679999999999
0.3337679999999999
0.3337679999999999
0.3337679999999999
0.3337679999999999
0.3337679999999999
0.3337679999999999
0.3337679999999999
0.3337679999999999
0.3337679999999999
0.3337679999999999
0.3337679999999999
0.3337679999999999
0.3337679999999999
0.3337679999999999
0.3337679999999999
0.3337679999999999
0.3337679999999999
0.3337679999999999
0.3337679999999999
0.3337679999999999
0.3337679999999999
0.3337679999999999
0.3337679999999999
0.3337679999999999
0.3337679999999999
0.3337679999999999
0.3337679999999999
0.3337679999999999
0.3337679999999999
0.3337679999999999
0.3337679999999999
0.3337679999999999
0.333896
0.333896
0.333896
0.333896
0.333896
0.33930400000000016
0.33930400000000016
0.33930400000000016
0.33930400000000016
0.33930400000000016
0.33930400000000016
0.33930400000000016
0.33930400000000016
0.33930400000000016
0.33930400000000016
0.33930400000000016
0.33930400000000016
0.33930400000000016
0.33930400000000016
0.33930400000000016
0.33930400000000016
0.33930400000000016
0.33930400000000016
0.33930400000000016
0.33930400000000016
0.33930400000000016
0.33930400000000016
0.33930400000000016
0.33930400000000016
0.33930400000000016
0.33930400000000016
0.33930400000000016
0.33930400000000016
0.33930400000000016
0.33930400000000016
0.33930400000000016
0.33930400000000016
0.33930400000000016
0.33930400000000016
0.33930400000000016
0.33930400000000016
0.33930400000000016
0.33930400000000016
0.33930400000000016
0.33930400000000016
0.33930400000000016
0.33930400000000016
0.33930400000000016
0.33930400000000016
0.33930400000000016
0.33930400000000016
0.33930400000000016
0.33930400000000016
0.33930400000000016
0.33930400000000016
0.33930400000000016
0.33930400000000016
0.33930400000000016
0.33930400000000016
0.33930400000000016
0.33930400000000016
0.33930400000000016
0.33930400000000016
0.33930400000000016
0.33930400000000016
0.33930400000000016
0.33930400000000016
0.33930400000000016
0.33930400000000016
0.33930400000000016
0.33930400000000016
0.33930400000000016
0.33930400000000016
0.33930400000000016
0.33930400000000016
0.33930400000000016
0.33930400000000016
0.33930400000000016
0.33930400000000016
0.33930400000000016
0.33930400000000016
0.33930400000000016
0.33930400000000016
0.33930400000000016
0.33930400000000016
0.33930400000000016
0.33930400000000016
0.33930400000000016
0.33930400000000016
0.33930400000000016
0.33930400000000016
0.33930400000000016
0.33930400000000016
0.33930400000000016
0.33930400000000016
0.33930400000000016
0.33930400000000016
0.33930400000000016
0.33930400000000016
0.33930400000000016
0.33930400000000016
0.33930400000000016
0.33930400000000016
0.33930400000000016
0.33930400000000016
0.33930400000000016
0.33930400000000016
0.33930400000000016
0.33930400000000016
0.33930400000000016
0.33930400000000016
0.33930400000000016
0.33930400000000016
0.33930400000000016
0.33930400000000016
0.33930400000000016
0.33930400000000016
0.33930400000000016
0.33930400000000016
0.33930400000000016
0.33930400000000016
0.33930400000000016
0.33930400000000016
0.33930400000000016
0.33930400000000016
0.33930400000000016
0.33930400000000016
0.33930400000000016
0.33930400000000016
0.33930400000000016
0.33930400000000016
0.33930400000000016
0.33930400000000016
0.33930400000000016
0.33930400000000016
0.33930400000000016
0.33930400000000016
0.33930400000000016
0.33930400000000016
0.33930400000000016
0.33930400000000016
0.33930400000000016
0.33930400000000016
0.33930400000000016
0.33930400000000016
0.33930400000000016
0.33930400000000016
0.33930400000000016
0.33930400000000016
0.33930400000000016
0.33930400000000016
0.33930400000000016
0.33930400000000016
0.33930400000000016
0.33930400000000016
0.33930400000000016
0.33930400000000016
0.33930400000000016
0.33930400000000016
0.33930400000000016
0.33930400000000016
0.33930400000000016
0.33930400000000016
0.33930400000000016
0.33930400000000016
0.33930400000000016
0.33930400000000016
0.33930400000000016
0.33930400000000016
0.33930400000000016
0.3411880000000003
0.3411880000000003
0.3411880000000003
0.3411880000000003
0.3411880000000003
0.3411880000000003
0.3411880000000003
0.3411880000000003
0.3411880000000003
0.3411880000000003
0.3411880000000003
0.3411880000000003
0.3411880000000003
0.3411880000000003
0.3411880000000003
0.3411880000000003
0.3411880000000003
0.3411880000000003
0.3411880000000003
0.3411880000000003
0.3411880000000003
0.3411880000000003
0.3411880000000003
0.3411880000000003
0.3411880000000003
0.3411880000000003
0.3411880000000003
0.3411880000000003
0.3411880000000003
0.3411880000000003
0.3411880000000003
0.3411880000000003
0.3411880000000003
0.3411880000000003
0.3411880000000003
0.3411880000000003
0.3411880000000003
0.3411880000000003
0.3411880000000003
0.3411880000000003
0.3411880000000003
0.3411880000000003
0.3411880000000003
0.3411880000000003
0.3411880000000003
0.3411880000000003
0.3411880000000003
0.3411880000000003
0.3411880000000003
0.3411880000000003
0.3411880000000003
0.3411880000000003
0.3411880000000003
0.3411880000000003
0.3411880000000003
0.3411880000000003
0.3411880000000003
0.3411880000000003
0.3411880000000003
0.3411880000000003
0.3411880000000003
0.3411880000000003
0.3411880000000003
0.3411880000000003
0.3411880000000003
0.3411880000000003
0.3411880000000003
0.3411880000000003
0.3411880000000003
0.3411880000000003
0.3411880000000003
0.3411880000000003
0.3411880000000003
0.3411880000000003
0.3411880000000003
0.3411880000000003
0.3411880000000003
0.3411880000000003
0.3412400000000003
0.3412400000000003
0.3412400000000003
0.3412400000000003
0.3412400000000003
0.3412400000000003
0.3412400000000003
0.34174400000000027
0.34197600000000045
0.34197600000000045
0.34197600000000045
0.34197600000000045
0.34197600000000045
0.3423280000000003
0.3423280000000003
0.3423280000000003
0.3423280000000003
0.3423280000000003
0.3457360000000003
0.3457360000000003
0.3457360000000003
0.3457360000000003
0.3457360000000003
0.3457360000000003
0.3457360000000003
0.3457360000000003
0.34685600000000033
0.34685600000000033
0.34685600000000033
0.34685600000000033
0.34685600000000033
0.34685600000000033
0.34685600000000033
0.34685600000000033
0.34685600000000033
0.34685600000000033
0.34685600000000033
0.34685600000000033
0.34685600000000033
0.34685600000000033
0.34685600000000033
0.34685600000000033
0.34685600000000033
0.34685600000000033
0.34685600000000033
0.34685600000000033
0.34685600000000033
0.34685600000000033
0.34685600000000033
0.34685600000000033
0.34685600000000033
0.34685600000000033
0.34685600000000033
0.34685600000000033
0.34685600000000033
0.34685600000000033
0.34685600000000033
0.34685600000000033
0.34685600000000033
