-0.03425200000000002
0.0009120000000000008
0.008431999999999983
0.019624000000000003
0.03235200000000001
0.046456000000000004
0.05386400000000003
0.053779999999999925
0.06893200000000003
0.07057600000000003
0.07511599999999999
0.086908
0.08114799999999998
0.08587600000000006
0.08538000000000005
0.09953599999999996
0.09340400000000007
0.09748800000000006
0.10100400000000002
0.10236799999999993
0.10284800000000005
0.10516400000000004
0.10351200000000006
0.11197200000000007
0.11336400000000006
0.11456399999999994
0.11586799999999994
0.11924000000000008
0.1223879999999998
0.1282719999999999
0.11211600000000001
0.12149600000000002
0.129624
0.13284399999999996
0.131764
0.12268399999999995
0.13426
0.13381599999999985
0.13641199999999992
0.13874000000000006
0.138988
0.14155599999999988
0.13941999999999996
0.14384799999999992
0.1469559999999998
0.14264399999999994
0.1416999999999999
0.14724799999999985
0.15092799999999984
0.1486519999999998
0.15466799999999978
0.15258399999999997
0.15311999999999978
0.15765199999999988
0.156188
0.16169999999999984
0.15759999999999996
0.16253199999999987
0.16228799999999996
0.1671719999999999
0.17207199999999995
0.1760799999999999
0.16854000000000008
0.1709999999999998
0.1726919999999999
0.1758679999999999
0.16983599999999993
0.17244399999999985
0.17824399999999993
0.17008799999999993
0.17344399999999996
0.17614799999999997
0.18322000000000002
0.18192399999999986
0.17873200000000003
0.18251599999999998
0.186652
0.1788639999999999
0.18470399999999987
0.18339600000000011
0.18414400000000003
0.18843199999999988
0.18264400000000006
0.1861959999999999
0.18749199999999988
0.18877600000000005
0.17984
0.19060800000000003
0.18587599999999999
0.18537599999999993
0.19055199999999997
0.19138799999999997
0.17867999999999995
0.18451199999999995
0.17669600000000008
0.19095999999999994
0.19213600000000003
0.18939599999999993
0.18401999999999993
0.19029999999999989
0.19031599999999996
0.18750000000000003
0.18857199999999993
0.18822399999999992
0.18345999999999993
0.18252399999999996
0.193464
0.19247200000000006
0.19362000000000001
0.18871999999999994
0.19583199999999992
0.18921600000000013
0.19573599999999983
0.19580799999999998
0.18928399999999998
0.1921639999999999
0.1973559999999999
0.1948279999999998
0.19599999999999992
0.19654400000000005
0.197148
0.19838799999999995
0.19606
0.19332799999999992
0.19183200000000003
0.20266000000000017
0.195116
0.19637599999999997
0.19691199999999995
0.18635999999999997
0.2028079999999999
0.199092
0.2031
0.19912799999999992
0.19834799999999994
0.19633599999999987
0.1994599999999998
0.19798799999999991
0.199052
0.2065999999999998
0.19985999999999995
0.20321600000000004
0.19821199999999986
0.20046800000000004
0.19830399999999987
0.20161599999999996
0.19614799999999982
0.20386800000000002
0.1998479999999999
0.19906799999999997
0.2019319999999998
0.20639999999999992
0.19928799999999997
0.20057999999999987
0.20374799999999998
0.20073599999999991
0.20205999999999993
0.19487599999999988
0.20106
0.20345599999999983
0.20747199999999988
0.206364
0.206948
0.20288399999999998
0.19688799999999998
0.2056440000000001
0.20127200000000006
0.19931999999999994
0.2036399999999998
0.19729599999999997
0.20493199999999992
0.19205599999999998
0.1988599999999999
0.20069199999999987
0.19697200000000015
0.1984719999999999
0.2035519999999999
0.20350800000000008
0.1980519999999999
0.20113199999999995
0.20696400000000006
0.203488
0.20221199999999975
0.20472399999999993
0.20072799999999996
0.20060799999999995
0.20745199999999991
0.19746799999999995
0.20902799999999974
0.20108800000000002
0.20563599999999987
0.20037999999999995
0.20497999999999994
0.2068919999999999
0.20806
0.20147999999999985
0.20335199999999987
0.20052799999999996
0.20810799999999985
0.20125200000000001
0.2035759999999999
0.20840399999999987
0.21068799999999982
0.2107879999999997
0.21452800000000002
0.21277599999999974
0.21496399999999985
0.21549199999999996
0.21207599999999985
0.20807199999999984
0.2089639999999999
0.21490399999999976
0.213312
0.21629599999999988
0.2157599999999998
0.2146159999999999
0.213908
0.20863199999999998
0.22004799999999985
0.20956799999999984
0.20859999999999995
0.21177999999999994
0.209936
0.21024000000000007
0.215604
0.210216
0.21384399999999978
0.20373999999999992
0.20477599999999999
0.21642399999999998
0.20604000000000006
0.20613199999999993
0.20648799999999992
0.20696799999999999
0.21055599999999985
0.2179559999999999
0.213848
0.21872799999999984
0.21518399999999982
0.20817600000000006
0.21485999999999994
0.21601599999999985
0.2195239999999996
0.20289999999999994
0.2180599999999998
0.21007200000000006
0.2100199999999999
0.20827599999999985
0.21831599999999976
0.21294799999999986
0.20411999999999994
0.2120199999999999
0.21971599999999974
0.2135239999999998
0.218948
0.222956
0.2184560000000001
0.21983199999999997
0.222404
0.22336799999999998
0.21867199999999992
0.21714799999999995
0.22168399999999994
0.21639199999999983
0.22391200000000003
0.2212559999999999
0.224604
0.21639999999999976
0.21704800000000005
0.2223319999999999
0.2176639999999998
0.22248399999999996
0.21959999999999996
0.22268799999999997
0.22207999999999983
0.2134639999999998
0.21939599999999992
0.2248479999999999
0.21572799999999984
0.21571999999999975
0.21282000000000012
0.22292799999999985
0.2162679999999998
0.22324800000000009
0.22230399999999995
0.21790399999999996
0.21729999999999983
0.2195799999999998
0.21629999999999977
0.223816
0.21627199999999994
0.22009199999999982
0.22541999999999968
0.22089199999999992
0.22020399999999976
0.21670799999999982
0.22437199999999988
0.204448
0.21938799999999983
0.2221799999999998
0.22128799999999965
0.2211199999999998
0.22076799999999963
0.2222759999999998
0.22329599999999972
0.22544799999999982
0.2262319999999998
0.22133599999999987
0.22197999999999984
0.2242559999999999
0.2249079999999998
0.2284480000000001
0.22141199999999986
0.22069199999999983
0.2250919999999998
0.2197399999999999
0.22848000000000007
0.22274399999999986
0.22063199999999994
0.2291639999999998
0.22225199999999987
0.228952
0.22740399999999986
0.22688799999999984
0.22076799999999977
0.22816399999999967
0.2295599999999999
0.22293599999999988
0.22785199999999986
0.22759599999999963
0.21849999999999986
0.2294279999999998
0.22269599999999995
0.22855999999999996
0.22249999999999992
0.2296600000000001
0.2257879999999998
0.22447199999999976
0.22743999999999992
0.23048000000000016
0.22644400000000015
0.22301199999999985
0.22501999999999986
0.22413999999999987
0.22411600000000018
0.22077199999999972
0.22526800000000016
0.2265759999999998
0.2285960000000001
0.226464
0.2202040000000001
0.22821999999999998
0.2263959999999999
0.22724399999999997
0.21943599999999996
0.22654000000000002
0.22739600000000018
0.2325039999999999
0.22408399999999992
0.23143599999999998
0.2291159999999998
0.22460399999999986
0.2272759999999999
0.2277359999999999
0.23254000000000025
0.23145600000000005
0.23153600000000002
0.22426399999999994
0.23073200000000005
0.22612799999999988
0.22403199999999987
0.230372
0.2301319999999999
0.22747600000000012
0.2309879999999999
0.22662400000000002
0.22764799999999996
0.2306439999999999
0.23277200000000006
0.22428799999999993
0.22812
0.23023199999999983
0.23293599999999987
0.22700399999999982
0.23302000000000006
0.2283159999999999
0.22759199999999996
0.2283039999999999
0.23171999999999998
0.224552
0.22867200000000001
0.22705199999999995
0.23095199999999996
0.23115199999999986
0.22362799999999983
0.22640400000000005
0.23249999999999987
0.23502000000000017
0.2247159999999999
0.2250639999999998
0.2326399999999998
0.23163599999999984
0.23123600000000014
0.23558799999999996
0.22956799999999994
0.23331200000000005
0.23353999999999983
0.22988000000000017
0.22748399999999983
0.22882799999999978
0.22682799999999992
0.22959599999999986
0.2351799999999999
0.23311999999999974
0.22912000000000016
0.235992
0.23258800000000024
0.23571999999999993
0.23139200000000015
0.2309840000000002
0.23525600000000008
0.2397080000000001
0.2384760000000001
0.23342000000000002
0.23224400000000023
0.23446800000000026
0.23480399999999998
0.23254800000000006
0.23021200000000014
0.2309520000000001
0.22769599999999993
0.23482399999999984
0.23584000000000005
0.24020000000000022
0.2365360000000002
0.23444000000000037
0.23445600000000008
0.2322080000000003
0.23704400000000045
0.23304800000000028
0.23722400000000002
0.23973599999999998
0.24297200000000035
0.23830400000000032
0.23217600000000016
0.2382160000000002
0.23811600000000038
0.23985200000000004
0.23946400000000012
0.23534000000000013
0.2431280000000003
0.23792800000000003
0.22977999999999993
0.23626399999999997
0.23599600000000018
0.2428720000000002
0.23949200000000023
0.23185999999999998
0.23610000000000017
0.24198000000000025
0.23857600000000015
0.23702000000000017
0.23688800000000018
0.23899200000000018
0.24372400000000016
0.24420399999999995
0.23933600000000016
0.239812
0.23834000000000014
0.24262800000000034
0.23888800000000018
0.22919999999999996
0.23346400000000012
0.23612799999999992
0.24150000000000021
0.24292800000000012
0.2413280000000001
0.24414400000000033
0.2447320000000005
0.23255199999999987
0.23907600000000007
0.24348400000000028
0.23772800000000016
0.24020400000000008
0.23295600000000014
0.24170400000000009
0.23784400000000008
0.2346039999999999
0.24239999999999995
0.24570799999999984
0.24571200000000032
0.24208400000000002
0.2461120000000003
0.23780400000000013
0.24500800000000017
0.2438880000000001
0.2465320000000004
0.24434000000000006
0.24704800000000005
0.248464
0.24003600000000005
0.24936400000000017
0.24804800000000013
0.24821600000000016
0.24371999999999988
0.2444560000000003
0.24775200000000017
0.24555200000000008
0.24462800000000012
0.2438880000000001
0.24224800000000005
0.24412800000000023
0.24508400000000005
0.241916
0.2491200000000002
0.24444000000000024
0.2457600000000003
0.24659200000000023
0.25122400000000017
0.24569200000000038
0.2517000000000004
0.24354000000000028
0.25380400000000003
0.2556320000000002
0.24168800000000007
0.2574360000000002
0.24880800000000017
0.252896
0.2553840000000002
0.24523200000000006
0.25758800000000015
0.2537
0.25389600000000034
0.24671600000000007
0.25401200000000035
0.25955600000000006
0.24854400000000024
0.24934400000000015
0.25335200000000024
0.25586400000000015
0.2501560000000003
0.25100000000000044
0.2595120000000001
0.2464960000000002
0.26149600000000006
0.2559200000000001
0.24756800000000012
0.25691600000000026
0.2562960000000002
0.2559480000000003
0.2593160000000001
0.2560240000000002
0.2587640000000001
0.25692000000000026
0.257504
0.252896
0.25849600000000017
0.26129200000000014
0.2575160000000002
0.2624840000000001
0.2591120000000001
0.2597280000000002
0.2529280000000002
0.259008
0.2635080000000003
0.2587160000000002
0.259592
0.26293200000000033
0.25473999999999997
0.2624480000000003
0.2563040000000004
0.2583480000000002
0.2555960000000002
0.25899600000000006
0.2519800000000003
0.25984000000000024
0.2638240000000003
0.2533360000000004
0.25778400000000024
0.26472400000000035
0.26065600000000005
0.2621880000000002
0.2604320000000002
0.2593320000000003
0.26085200000000014
0.2604080000000002
0.25894000000000017
0.26326000000000005
0.25885200000000014
0.26666800000000035
0.26263600000000026
0.2617040000000001
0.2611000000000001
0.262536
0.2512360000000001
0.26096800000000003
0.26088000000000017
0.2563440000000003
0.26041200000000025
0.2614640000000003
0.26308400000000015
0.2588200000000001
0.2520080000000001
0.2609040000000002
0.26102000000000014
0.2652520000000001
0.26164400000000004
0.26040400000000025
0.25036400000000014
0.26404400000000017
0.2635160000000002
0.2610920000000002
0.2662360000000003
0.2649880000000002
0.2651640000000001
0.2590880000000002
0.263196
0.26635200000000014
0.2604320000000004
0.2630240000000002
0.2625040000000002
0.25789200000000007
0.2684080000000002
0.26526000000000005
0.2619920000000002
0.26080400000000015
0.2660120000000002
0.25784400000000013
0.2631120000000003
0.2635280000000001
0.26060400000000045
0.26101999999999986
0.26281600000000016
0.26130400000000015
0.26368800000000003
0.26186000000000015
0.2567200000000003
0.25992800000000016
0.26062000000000024
0.26720800000000006
0.26607200000000014
0.2617120000000001
0.2690439999999999
0.2576480000000004
0.2699800000000004
0.2643520000000002
0.26376400000000033
0.2665319999999998
0.2611080000000001
0.26457200000000014
0.2685160000000003
0.26488400000000023
0.26481200000000016
0.26800800000000036
0.26435200000000003
0.2615640000000002
0.2674160000000004
0.25806400000000024
0.268348
0.26186000000000004
0.26976800000000034
0.2678120000000002
0.2560000000000002
0.2705840000000002
0.2581519999999999
0.2673240000000003
0.2718760000000003
0.27150800000000014
0.26652400000000037
0.2709000000000003
0.26872400000000013
0.2707480000000001
0.27068800000000004
0.2731360000000005
0.2652360000000002
0.26214
0.27129600000000004
0.26494
0.2700880000000002
0.2728600000000001
0.27030000000000015
0.26518400000000014
0.2705920000000001
0.27258800000000005
0.27473600000000015
0.2745240000000003
0.27282000000000006
0.2694040000000004
0.26984800000000025
0.2724120000000003
0.27064800000000006
0.27145199999999997
0.27193200000000034
0.2687080000000004
0.2707640000000003
0.2679120000000001
0.26988000000000006
0.26756000000000024
0.2681320000000001
0.2663120000000003
0.27185600000000004
0.2659680000000004
0.2692880000000002
0.2733640000000002
0.2695840000000002
0.2709040000000002
0.2695680000000004
0.26972800000000025
0.27023200000000014
0.2677360000000002
0.268344
0.27282400000000023
0.26992800000000006
0.2620640000000002
0.2672480000000002
0.25974800000000026
0.2703880000000002
0.2647560000000004
0.2753440000000002
0.2685840000000004
0.26752800000000027
0.2698720000000001
0.27034000000000014
0.26770000000000027
0.27194000000000024
0.27131200000000044
0.27019600000000016
0.26912400000000014
0.26912800000000014
0.2725720000000002
0.25784400000000035
0.260748
0.2725640000000004
0.2698760000000003
0.26692000000000016
0.26899600000000035
0.2743240000000004
0.2735760000000002
0.27496800000000016
0.26941200000000026
0.26261600000000024
0.2756600000000002
0.2730560000000003
0.2722040000000001
0.26947600000000016
0.27281200000000005
0.2572200000000003
0.2692360000000005
0.27206000000000036
0.2625120000000002
0.2715640000000002
0.2646960000000003
0.26887200000000006
0.27164800000000033
0.27046000000000037
0.2671040000000002
0.26728800000000014
0.2711360000000002
0.2683280000000002
0.2721120000000003
0.2693040000000001
0.2619840000000002
0.2659400000000004
0.2686080000000003
0.27106400000000025
0.26702400000000026
0.2621600000000001
0.26943200000000017
0.27062
0.26350000000000035
0.2641160000000003
0.25787200000000027
0.2700920000000004
0.2606120000000003
0.27042400000000005
0.26646000000000003
0.26632400000000045
0.25799600000000017
0.2649200000000003
0.27048400000000017
0.2691080000000001
0.2649599999999999
0.25723200000000046
0.2636200000000004
0.26588400000000056
0.2641600000000003
0.2599520000000004
0.2588160000000003
0.2657680000000004
0.26183600000000024
0.2638880000000002
0.2673920000000001
0.27072400000000024
0.2684080000000003
0.2706720000000003
0.2614080000000004
0.26920800000000017
0.26958000000000004
0.26292800000000016
0.25860400000000033
0.26146800000000037
0.2661640000000001
0.26917599999999997
0.2665560000000005
0.268988
0.2636880000000003
0.26008800000000015
0.26426000000000033
0.2640920000000002
0.2686440000000004
0.27017200000000025
0.26233200000000034
0.25732400000000044
0.2693320000000001
0.27280000000000015
0.2642760000000004
0.26938
0.2714120000000003
0.25725600000000026
0.26293600000000045
0.2711720000000006
0.2698840000000001
0.26365600000000056
0.26510400000000034
0.2674880000000002
0.2716840000000002
0.2643200000000003
0.25803600000000027
0.26858000000000054
0.2715720000000003
0.2693120000000002
0.2592080000000005
0.2590160000000003
0.26728000000000024
0.2510600000000004
0.2708760000000002
0.27111600000000013
0.24725600000000045
0.26745200000000025
0.2616720000000005
0.26831600000000044
0.2724720000000003
0.26129600000000014
0.2621720000000002
0.27262400000000037
0.25600400000000023
0.26304800000000017
0.25711200000000056
0.2598000000000003
0.2627080000000002
0.27305600000000047
0.26895600000000025
0.26796400000000026
0.2649160000000003
0.26078400000000007
0.26507200000000036
0.265976
0.2580240000000003
0.27162800000000015
0.26454000000000033
0.26036800000000043
0.2640920000000002
0.2542240000000004
0.2605080000000004
0.26944000000000035
0.2686640000000003
0.2718480000000002
0.2706480000000001
0.27400800000000014
0.2716800000000001
0.26674400000000026
0.26534000000000035
0.27018000000000014
0.27427600000000013
0.27304400000000023
0.27123200000000014
0.2693040000000003
0.26997200000000016
0.2701400000000002
0.262624
0.26792800000000017
0.2700600000000001
0.27319200000000016
0.2741760000000002
0.27453600000000006
0.2755120000000002
0.2737040000000004
0.2688480000000002
0.2691680000000002
0.2722880000000002
0.2786760000000002
0.2730720000000003
0.2708600000000001
0.27439200000000025
0.27579200000000026
0.27292000000000005
0.27477600000000024
0.27690000000000015
0.27250400000000014
0.27095200000000014
0.2710600000000001
0.2716600000000001
0.27855200000000024
0.2646320000000002
0.2664960000000001
0.2722360000000003
0.27115200000000034
0.27171200000000023
0.27699200000000035
0.27208000000000027
0.2705040000000002
0.27324000000000004
0.2753600000000003
0.2759000000000002
0.2724560000000002
0.274812
0.2701280000000002
0.27079600000000026
0.27222800000000014
0.2757840000000003
0.2698800000000002
0.2648160000000002
0.2740600000000002
0.2660960000000002
0.27306000000000025
0.27505600000000013
0.2714400000000002
0.273228
0.27259200000000033
0.2722880000000005
0.2753480000000003
0.2778440000000002
0.2728000000000002
0.2752200000000002
0.2761280000000002
0.2661160000000002
0.2729360000000001
0.278408
0.26873600000000014
0.27601600000000015
0.2765800000000001
0.2744960000000002
0.2703040000000002
0.2757240000000002
0.27467200000000025
0.27494400000000013
0.26716000000000023
0.27008400000000005
0.2758920000000001
0.26860000000000006
0.27507200000000015
0.2739000000000002
0.27480400000000016
0.2732680000000001
0.2762560000000003
0.2735480000000003
0.273768
0.2753040000000002
0.2787480000000002
0.2786600000000002
0.27708000000000005
0.27795600000000004
0.27317600000000014
0.28327600000000025
0.27340400000000015
0.27420400000000017
0.2817800000000002
0.2727320000000001
0.2717920000000002
0.2735760000000002
0.2747800000000003
0.2736520000000003
0.2719520000000001
0.27057600000000004
0.2776920000000002
0.2781200000000001
0.269588
0.265692
0.2686160000000001
0.26781600000000017
0.27593999999999996
0.2583560000000002
0.2692160000000001
0.2781080000000002
0.2794600000000001
0.2716000000000001
0.28290400000000016
0.2783560000000001
0.27845600000000026
0.27828800000000026
0.27112400000000025
0.2790880000000001
0.27469600000000016
0.27160000000000023
0.2802999999999999
0.2772880000000002
0.277888
0.2741000000000003
0.2780560000000001
0.28329199999999993
0.2775480000000001
0.27707600000000016
0.27694
0.2771240000000001
0.2726840000000003
0.2801080000000001
0.27923200000000004
0.279468
0.27606800000000015
0.2718920000000001
0.2821800000000001
0.2766600000000002
0.28062000000000015
0.27725600000000006
0.278952
0.28136400000000017
0.2825200000000003
0.2803920000000002
0.28058800000000006
0.2798040000000001
0.27652399999999994
0.275064
0.28033199999999997
0.2741680000000002
0.2774240000000001
0.278576
0.27234000000000025
0.282092
0.283212
0.2841320000000001
0.2706440000000001
0.2786520000000001
0.27340800000000026
0.27934400000000004
0.27768000000000004
0.2783000000000002
0.2773960000000001
0.27867999999999993
0.27876000000000006
0.2762920000000003
0.27669199999999994
0.2756960000000002
0.2799559999999999
0.27953199999999995
0.2754800000000002
0.2742240000000002
0.27102400000000043
0.2778080000000001
0.2819640000000004
0.27835200000000015
0.2829720000000001
0.28300000000000014
0.27857200000000015
0.28324400000000005
0.27858800000000034
0.2794200000000001
0.27856000000000003
0.27895200000000037
0.2832120000000001
0.2793160000000002
0.27656800000000004
0.27879599999999993
0.27908800000000017
0.27998000000000006
0.2782360000000003
0.279444
0.2753240000000002
0.276252
0.2814559999999998
0.27922400000000014
0.27923200000000015
0.27648000000000017
0.28020800000000007
0.27700800000000003
0.2767600000000001
0.27603200000000017
0.2788160000000001
0.2774320000000001
0.27933200000000036
0.27987200000000007
0.27914
0.2775360000000003
0.27929200000000015
0.2793600000000003
0.28118800000000044
0.27206000000000036
0.28126
0.27736800000000006
0.2778440000000002
0.2676760000000004
0.27868
0.27167600000000025
0.2819320000000002
0.27946000000000015
0.27863200000000027
0.2744440000000001
0.2784840000000003
0.27626400000000034
0.27265200000000006
0.281496
0.27657199999999993
0.2804000000000003
0.2826240000000001
0.2787840000000001
0.2747120000000004
0.2820800000000002
0.2737040000000001
0.2793240000000002
0.27864400000000006
0.28044800000000014
0.27421600000000024
0.27735600000000016
0.2791000000000001
0.27834800000000015
0.27356
0.27484000000000003
0.27452400000000005
0.27862000000000003
0.2734280000000002
0.2730639999999999
0.2796040000000003
0.2707040000000001
0.277968
0.2725760000000002
0.2787200000000001
0.2709959999999999
0.27856000000000003
0.2756560000000003
0.27846000000000026
0.2769000000000002
0.2731920000000002
0.27839600000000037
0.27780800000000017
0.27568000000000015
0.27576400000000023
0.2776960000000002
0.278736
0.2785480000000003
0.27479200000000015
0.2777080000000002
0.27679599999999993
0.27606400000000014
0.277172
0.2801840000000001
0.2751040000000001
0.27373600000000026
0.2781120000000001
0.2800720000000001
0.2807480000000001
0.27824400000000044
0.278444
0.27842000000000017
0.27797200000000005
0.27525600000000006
0.2801640000000001
0.27878400000000003
0.2766480000000001
0.2731760000000002
0.2798480000000002
0.27972400000000014
0.273556
0.27870400000000006
0.27784000000000003
0.27994800000000003
0.27671599999999996
0.27851599999999993
0.2778040000000001
0.2717440000000003
0.28231199999999995
0.2784400000000002
0.2818600000000003
0.2766360000000001
0.27720799999999995
0.28002400000000005
0.27292400000000006
0.2723120000000002
0.26986
0.2748920000000003
0.27633599999999997
0.2791480000000001
0.2743280000000001
0.2762480000000001
0.2761119999999999
0.27508800000000017
0.2704440000000003
0.2793559999999999
0.2775200000000002
0.27506800000000015
0.2830680000000001
0.2789720000000002
0.2795480000000001
0.2767560000000002
0.28384800000000016
0.26744000000000023
0.27988000000000013
0.2806720000000002
0.27963600000000016
0.2790320000000001
0.271596
0.26939199999999996
0.2801640000000001
0.2809040000000001
0.27805600000000014
0.2776240000000001
0.2749800000000002
0.2704400000000001
0.2796000000000002
0.2789480000000001
0.28101600000000004
0.27557200000000015
0.27702400000000027
0.2798040000000002
0.277264
0.26999199999999984
0.279272
0.2739760000000003
0.27706400000000025
0.2799080000000002
0.2700079999999999
0.27853199999999995
0.27972800000000025
0.276208
0.2773720000000001
0.2806880000000001
0.26250399999999996
0.2736880000000002
0.2780920000000002
0.2725640000000003
0.2761280000000002
0.2716359999999998
0.2746640000000001
0.27576399999999995
0.27523600000000015
0.2781800000000003
0.2783200000000002
0.2745840000000002
0.2731920000000002
0.27782400000000007
0.2699240000000003
0.2812439999999999
0.2803280000000002
0.2806920000000002
0.28164000000000017
0.2821080000000002
0.2801880000000002
0.2783760000000001
0.28331600000000023
0.27988
0.27952400000000005
0.27885200000000016
0.2709280000000002
0.27998800000000007
0.2780840000000001
0.2780320000000003
0.27961600000000014
0.2801360000000002
0.2811920000000002
0.27714
0.2790360000000001
0.27079200000000014
0.27894000000000013
0.27450800000000025
0.2768040000000001
0.28008800000000017
0.2765880000000002
0.2751360000000001
0.28175200000000017
0.2756120000000002
0.28028400000000003
0.27936800000000034
0.2805800000000002
0.27997600000000017
0.27842800000000023
0.2766880000000002
0.2798000000000002
0.27966000000000024
0.2805800000000002
0.2796160000000003
0.2742160000000001
0.2739360000000002
0.2743600000000003
0.28136800000000006
0.27582800000000013
0.27982000000000024
0.280436
0.2763000000000002
0.28188800000000025
0.27818
0.2803360000000001
0.27967200000000014
0.2765160000000003
0.27789200000000003
0.2821680000000002
0.27464800000000006
0.28272400000000014
0.27128000000000013
0.2794880000000001
0.28059600000000023
0.2828120000000003
0.2777120000000001
0.2754760000000002
0.2775560000000004
0.27167200000000014
0.2787800000000002
0.28196000000000015
0.2795600000000001
0.2849760000000001
0.2762840000000001
0.27203200000000016
0.28206000000000014
0.2774880000000001
0.28161200000000003
0.2788480000000004
0.2795280000000002
0.28044800000000036
0.2708040000000002
0.28065600000000035
0.2848680000000001
0.28068000000000004
0.27508800000000017
0.2817520000000002
0.2748800000000001
0.27553999999999995
0.2782440000000001
0.2776520000000001
0.278428
0.27855200000000024
0.2761800000000001
0.27996400000000016
0.28056400000000004
0.2825000000000001
0.28050000000000014
0.2837200000000004
0.282088
0.2730480000000001
0.28187200000000007
0.28347600000000023
0.27700000000000025
0.2814240000000003
0.27491600000000027
0.283144
0.27872000000000036
0.28517200000000015
0.2814040000000001
0.2789720000000002
0.28102000000000027
0.28386800000000006
0.2812920000000001
0.2835080000000003
0.2776400000000002
0.27759600000000034
0.2786800000000005
0.28266800000000025
0.283184
0.2822040000000002
0.2808720000000001
0.28224800000000017
0.28430000000000033
0.2853640000000001
0.282436
0.2850920000000003
0.2804000000000002
0.28279599999999994
0.27632800000000024
0.28256400000000037
0.27805600000000025
0.2766720000000002
0.28354000000000007
0.279408
0.28062000000000026
0.2859240000000002
0.28201600000000016
0.28183200000000014
0.2782760000000003
0.2793080000000002
0.2832000000000004
0.2857640000000001
0.28338000000000013
0.2853120000000001
0.28165200000000007
0.2760680000000003
0.27649200000000007
0.27824800000000016
0.27973200000000004
0.2774360000000003
0.2820360000000002
0.28135999999999994
0.2753080000000001
0.28768000000000005
0.2858320000000003
0.277632
0.28024800000000016
0.2779039999999998
0.2874160000000003
0.27022000000000024
0.2784120000000003
0.28456
0.2866520000000003
0.28669200000000017
0.280584
0.2803280000000001
0.2739800000000002
0.280004
0.27976
0.2815400000000003
0.2773960000000002
0.2844720000000003
0.2739080000000004
0.2825320000000001
0.2762160000000002
0.2820960000000003
0.28412400000000027
0.28578000000000015
0.2813120000000001
0.27951600000000015
0.27660000000000035
0.27738800000000013
0.2813120000000002
0.28296800000000005
0.2783920000000001
0.28384800000000016
0.2757720000000002
0.28712
0.27827600000000013
0.2855760000000003
0.2770000000000002
0.27615200000000006
0.2820160000000001
0.285052
0.2829120000000001
0.28584000000000026
0.2785680000000003
0.2776920000000002
0.2830880000000003
0.2845600000000001
0.284552
0.28426
0.2788360000000001
0.2762440000000001
0.28055200000000013
0.28556399999999993
0.275692
0.28473200000000026
0.27693600000000024
0.2777160000000001
0.2811480000000001
0.27972800000000025
0.2827600000000001
0.2808440000000002
0.2812080000000003
0.2764960000000003
0.28068000000000026
0.2815120000000001
0.28006400000000015
0.2790280000000004
0.2758080000000001
0.27553600000000034
0.2760960000000001
0.28446800000000017
0.2813400000000002
0.2833080000000001
0.27676400000000023
0.2802960000000003
0.27864400000000017
0.281592
0.27938800000000014
0.27750400000000003
0.28200000000000025
0.28278400000000004
0.2774840000000001
0.27844
0.27615200000000023
0.2831600000000003
0.27927200000000013
0.27996400000000027
0.2800160000000004
0.2855600000000004
0.27755199999999997
0.2787160000000004
0.28525600000000007
0.2770200000000001
0.27226000000000006
0.2843640000000004
0.2770360000000002
0.28389600000000026
0.2798040000000004
0.28253600000000006
0.2791520000000002
0.2815320000000004
0.2831360000000001
0.2776120000000004
0.2835080000000003
0.28032400000000035
0.27593600000000007
0.2746080000000001
0.28083600000000003
0.27262000000000014
0.2777160000000001
0.2813720000000002
0.2731200000000002
0.28683200000000025
0.2735800000000003
0.27952800000000017
0.27854000000000023
0.2696000000000001
0.2803680000000002
0.2791440000000001
0.2839520000000002
0.27972800000000014
0.2817480000000002
0.26751999999999987
0.2775400000000001
0.2808880000000003
0.280272
0.28440800000000027
0.28210000000000035
0.28480000000000016
0.2794720000000003
0.2794280000000002
0.2817040000000002
0.2807560000000002
0.27906400000000015
0.2787400000000002
0.2808760000000003
0.28432800000000025
0.27657200000000043
0.27852400000000005
0.28233600000000014
0.28060000000000007
0.2729080000000003
0.27206800000000014
0.2805360000000003
0.2731480000000002
0.28237599999999996
0.2797560000000001
0.2804720000000002
0.28176000000000023
0.28508399999999995
0.27584400000000003
0.27649600000000024
0.28370000000000034
0.2803440000000002
0.2770920000000001
0.2844840000000004
0.2858320000000002
0.2828120000000003
0.2808640000000003
0.27922800000000003
0.28493200000000013
0.2817600000000004
0.28721600000000025
0.27372400000000013
0.2838480000000002
0.271608
0.2825240000000003
0.2768000000000001
0.28458000000000033
0.2845320000000002
0.28323600000000027
0.2842760000000002
0.2767440000000002
0.2835640000000002
0.28179200000000026
0.2845000000000001
0.28085600000000027
0.28624400000000016
0.2839800000000002
0.28606000000000015
0.278252
0.2815280000000001
0.28320000000000045
0.2725360000000001
0.27841600000000005
0.28108
0.2853320000000002
0.2771040000000003
0.28445600000000026
0.2793040000000002
0.2807920000000003
0.2839600000000001
0.2803000000000003
0.2789960000000002
0.27357600000000015
0.2728520000000002
0.2821280000000002
0.2750840000000002
0.2791240000000002
0.27966400000000013
0.28102000000000016
0.28306400000000004
0.28131600000000034
0.27912800000000043
0.28684400000000043
0.28150800000000026
0.2821520000000003
0.28193600000000035
0.28572400000000014
0.2770760000000004
0.28300000000000025
0.2792000000000002
0.2803720000000001
0.28238400000000036
0.2841120000000002
0.2793160000000002
0.2782080000000001
0.2747040000000001
0.27372800000000014
0.2861040000000003
0.28205200000000025
0.2864280000000001
0.2807480000000002
0.28180800000000034
0.28664800000000007
0.27655600000000025
0.2852440000000002
0.28737200000000035
0.27920800000000034
0.28399600000000036
0.2819120000000005
0.2833960000000003
0.28464400000000045
0.28514000000000034
0.2826240000000003
0.28445200000000015
0.2831000000000003
0.28427600000000025
0.2784640000000002
0.2871600000000002
0.28364000000000017
0.2836720000000002
0.28385200000000027
0.2777360000000003
0.28386800000000023
0.28014800000000034
0.2766640000000002
0.28498000000000046
0.2809000000000003
0.2768880000000003
0.2842280000000003
0.2832680000000003
0.28594
0.2871200000000002
0.27633600000000025
0.27947200000000033
0.2851120000000004
0.2782520000000003
0.276268
0.28134800000000015
0.2848440000000001
0.28588400000000025
0.27851600000000015
0.2783040000000001
0.2823680000000004
0.2763280000000003
0.2850800000000003
0.2843760000000002
0.28307200000000043
0.28414400000000006
0.280368
0.2773760000000002
0.27682399999999996
0.28434000000000015
0.27921200000000046
0.2799520000000005
0.28519600000000045
0.27915600000000035
0.28178400000000015
0.2766280000000002
0.2818360000000004
0.27866400000000024
0.2767440000000002
0.28598400000000035
0.2769120000000002
0.2782000000000002
0.28622000000000014
0.28764400000000007
0.28212000000000026
0.28455199999999997
0.27857200000000026
0.277296
0.28138400000000013
0.2848480000000002
0.2845440000000002
0.2798040000000003
0.28259200000000034
0.2837920000000001
0.2815400000000003
0.2769760000000003
0.28854800000000036
0.2832600000000003
0.28516800000000014
0.27643200000000007
0.2798040000000002
0.27959599999999984
0.2857920000000002
0.28048800000000035
0.27970400000000045
0.2809200000000003
0.28490000000000026
0.2835520000000002
0.28478800000000015
0.28060400000000024
0.28710800000000014
0.2728000000000002
0.28701200000000027
0.28103600000000034
0.2810760000000004
0.27700000000000014
0.26140800000000014
0.28554799999999997
0.2798880000000001
0.28714000000000034
0.2891640000000003
0.28750000000000037
0.2877200000000003
0.27872400000000014
0.28808400000000034
0.28209200000000023
0.28172800000000014
0.27767200000000014
0.27912400000000026
0.28568800000000016
0.2850200000000003
0.2781480000000003
0.2842680000000002
0.2839840000000004
0.28490800000000027
0.2868600000000002
0.2845720000000003
0.28762400000000016
0.2759520000000002
0.2856200000000004
0.2867800000000001
0.28827200000000025
0.2839480000000002
0.27966400000000036
0.28296000000000027
0.28871200000000025
0.28960800000000025
0.28113200000000005
0.2781920000000004
0.29059600000000035
0.2864840000000001
0.28714800000000024
0.2743200000000004
0.2903000000000003
0.29086
0.28625200000000034
0.2798240000000002
0.2856880000000003
0.2768280000000004
0.28913200000000006
0.2748400000000003
0.2904360000000001
0.2846440000000003
0.27868000000000015
0.28178000000000036
0.2838440000000005
0.28290400000000027
0.2848400000000005
0.2878960000000003
0.2812480000000001
0.2821280000000002
0.28562800000000016
0.285612
0.2858080000000003
0.29018400000000033
0.28299199999999997
0.2856200000000002
0.28275200000000017
0.2824160000000003
0.28977200000000014
0.2875960000000003
0.28458800000000034
0.29028400000000026
0.28816400000000036
0.2895640000000002
0.28318400000000027
0.2865120000000004
0.2828040000000004
0.2822680000000002
0.2855000000000005
0.2837040000000002
0.2881480000000003
0.2839000000000002
0.27310000000000023
0.2791240000000002
0.2877800000000003
0.2845240000000003
0.2858080000000003
0.2838360000000003
0.2940840000000004
0.29156800000000016
0.29499200000000014
0.29076400000000024
0.2916080000000002
0.29089200000000026
0.2913040000000001
0.2958360000000002
0.2932200000000004
0.29042800000000024
0.2924320000000002
0.29299600000000015
0.29101600000000005
0.29098800000000014
0.2899400000000003
0.2899720000000004
0.29543200000000036
0.2896400000000003
0.29053600000000024
0.29526400000000025
0.2939840000000002
0.2907360000000004
0.29541600000000023
0.29634400000000044
0.28774800000000034
0.29484000000000016
0.2966360000000004
0.2939800000000002
0.29353600000000024
0.2923520000000004
0.28752800000000034
0.2946880000000004
0.2848080000000001
0.29001600000000033
0.291544
0.2902080000000006
0.2945600000000004
0.28922400000000026
0.2867280000000002
0.29743200000000025
0.2922040000000003
0.2915680000000003
0.2928720000000004
0.29311600000000027
0.29376000000000047
0.2910120000000001
0.2874040000000004
0.2942680000000002
0.2885120000000004
0.2888480000000003
0.29537200000000063
0.2930600000000004
0.2950640000000005
0.28743600000000014
0.2880360000000004
0.29736000000000035
0.29495600000000044
0.2857440000000004
0.2902360000000002
0.29385600000000034
0.2922680000000004
0.2933480000000004
0.2914640000000003
0.29075600000000007
0.29491600000000023
0.29626000000000036
0.2939360000000004
0.2921240000000003
0.2912800000000005
0.2919840000000003
0.29280000000000045
0.2933960000000007
0.29614400000000046
0.29077200000000025
0.2953440000000002
0.29323200000000027
0.29411600000000016
0.29124800000000034
0.29072
0.2899520000000004
0.2926960000000004
0.2847480000000002
0.296784
0.29585200000000045
0.29062000000000027
0.28754000000000024
0.2909440000000001
0.2966040000000003
0.2961800000000004
0.2932280000000005
0.2910720000000002
0.2971920000000004
0.2907040000000004
0.29125999999999996
0.29599200000000037
0.291892
0.29448400000000036
0.2921880000000002
0.2930680000000004
0.2970360000000004
0.2949440000000002
0.2923280000000003
0.2964480000000001
0.29403200000000024
0.28724000000000066
0.2963920000000002
0.2991880000000003
0.29537200000000036
0.2940480000000004
0.2921040000000001
0.2948080000000004
0.292668
0.2835680000000003
0.29358000000000045
0.2973560000000004
0.2967560000000003
0.28569200000000033
0.29154400000000014
0.29365600000000036
0.2930440000000002
0.29757600000000034
0.2908200000000003
0.2935880000000003
0.2925800000000003
0.2944600000000004
0.29809200000000025
0.29573600000000044
0.2861880000000002
0.28980400000000045
0.29604000000000036
0.29551200000000044
0.29481600000000013
0.2896280000000003
0.2967200000000005
0.29885600000000034
0.29439600000000044
0.2918200000000004
0.30097200000000035
0.29212000000000016
0.2914560000000002
0.29248000000000024
0.2964480000000003
0.29704000000000025
0.2929800000000002
0.2944200000000004
0.29882800000000026
0.2883000000000005
0.2893840000000002
0.29273200000000027
0.2959120000000003
0.29356000000000015
0.28797200000000023
0.2930840000000004
0.2960680000000003
0.29619200000000057
0.2950080000000005
0.29162800000000033
0.30020000000000036
0.29167600000000043
0.2930400000000004
0.28760400000000047
0.30084400000000017
0.29199200000000025
0.29911200000000066
0.29348800000000036
0.2960080000000004
0.2945080000000004
0.29697600000000035
0.2927960000000002
0.30151200000000034
0.2970560000000003
0.29609600000000036
0.2965160000000003
0.2971720000000001
0.2977880000000002
0.29708800000000035
0.30003600000000036
0.29940400000000034
0.2918320000000002
0.29648000000000035
0.29569600000000035
0.29766800000000043
0.29710400000000037
0.2987640000000004
0.2975120000000005
0.2911600000000002
0.3017760000000004
0.2970200000000001
0.2980400000000004
0.2977720000000003
0.30014800000000025
0.2989200000000003
0.29636400000000024
0.30102000000000023
0.29589600000000016
0.2927960000000004
0.2950080000000001
0.2942080000000004
0.2993280000000003
0.2945160000000005
0.2975760000000001
0.3005320000000004
0.29486400000000024
0.29335600000000045
0.2915080000000003
0.30011200000000043
0.29402000000000034
0.29720800000000047
0.29722000000000015
0.29161200000000037
