0.010842879999999994
0.030443279999999993
0.043171759999999997
0.0518712
0.053844239999999995
0.055234240000000004
0.060222880000000006
0.07025296
0.07266776
0.07917952
0.08617375999999999
0.09212192
0.09650095999999998
0.09771872000000002
0.100198
0.10214512
0.10551776000000002
0.10676368000000001
0.10857152000000003
0.1101936
0.11217400000000004
0.11475840000000001
0.11494344000000004
0.11840536000000002
0.12397896000000001
0.12342687999999997
0.12586208000000002
0.1264832
0.12529840000000003
0.12622952
0.12957368000000005
0.1289755200000001
0.13013400000000008
0.1316036000000001
0.1325648800000001
0.13332088000000009
0.1334524000000001
0.1349273600000001
0.13633480000000012
0.13628568000000013
0.13676080000000015
0.13576976000000016
0.13794224000000013
0.13825624000000014
0.13548848000000013
0.13716304000000012
0.13867264000000018
0.13990368000000014
0.14025080000000018
0.14030744000000014
0.14134200000000013
0.14429488000000013
0.14923672000000007
0.14920272000000007
0.14882560000000006
0.15038232000000007
0.15248528000000006
0.15245584000000004
0.15452296000000004
0.15415992000000003
0.15452032000000002
0.15307272000000002
0.15412776
0.15189536000000003
0.15248272000000002
0.15402648000000005
0.15598248000000003
0.15383616000000006
0.15278432
0.15375304
0.154486
0.15487280000000003
0.154312
0.15784152000000004
0.15436728000000002
0.15560792000000004
0.15778240000000002
0.15841808000000002
0.15776215999999998
0.15933752
0.16111592000000002
0.16241871999999996
0.16221624
0.16404759999999996
0.16211863999999998
0.16155071999999998
0.16472688
0.16613816
0.16585831999999998
0.16572128000000003
0.16712176
0.16513824
0.167436
0.16666952
0.16711784000000002
0.16725943999999998
0.16876455999999995
0.16665615999999997
0.16752559999999994
0.16899311999999994
0.1712188799999999
0.17493327999999994
0.1723300799999999
0.1747413599999999
0.1762831199999999
0.1782057599999999
0.18224863999999993
0.1835454399999999
0.18415143999999986
0.18460399999999985
0.18564367999999984
0.1869567999999999
0.1855505599999999
0.18646823999999987
0.18739479999999986
0.18839007999999982
0.18932087999999989
0.19109927999999987
0.19087343999999992
0.1918918399999999
0.19613951999999987
0.19778255999999989
0.19904391999999985
0.20190839999999988
0.20018255999999987
0.20099975999999986
0.20203431999999985
0.20225967999999983
0.20252655999999983
0.20531287999999992
0.20683143999999992
0.2086549599999999
0.20707135999999987
0.20764759999999985
0.20852263999999984
0.21082631999999987
0.20947871999999987
0.21004327999999986
0.20970823999999982
0.21103239999999984
0.21077167999999993
0.21099727999999987
0.2113052799999999
0.21009911999999986
0.2103756799999999
0.21026719999999982
0.20822327999999987
0.21120671999999988
0.21210183999999985
0.21042903999999985
0.2113898399999999
0.2111961599999999
0.21101527999999992
0.2104488799999999
0.21048103999999987
0.21166335999999986
0.21051239999999985
0.2121310399999999
0.21156679999999983
0.21195799999999987
0.2122712799999999
0.2128875999999999
0.21379775999999986
0.21476055999999988
0.21451583999999987
0.2137571999999999
0.2149435999999999
0.21334175999999988
0.21420775999999989
0.2141209599999999
0.2128231999999999
0.21497039999999987
0.21328527999999988
0.2135527999999999
0.21552807999999987
0.21360719999999989
0.21432015999999987
0.21388119999999983
0.21388743999999982
0.21499639999999987
0.2160823999999998
0.2182133599999998
0.21635615999999988
0.21645887999999988
0.21651879999999982
0.21748463999999987
0.21652223999999978
0.21703743999999983
0.21667215999999986
0.21783551999999984
0.21664071999999984
0.2194410399999998
0.21789775999999986
0.21829007999999983
0.21731207999999985
0.21664519999999982
0.21731119999999987
0.21644143999999987
0.21760135999999985
0.21320631999999987
0.21431623999999985
0.21580903999999987
0.21525031999999986
0.21660655999999986
0.2167407199999999
0.21809815999999987
0.21871807999999984
0.21614943999999983
0.21597423999999987
0.21800191999999985
0.2183452799999998
0.21914015999999986
0.21751559999999986
0.21780463999999986
0.21677951999999986
0.21768599999999982
0.21787551999999988
0.2178883199999998
0.21603887999999982
0.21750399999999984
0.21661591999999988
0.2200871999999999
0.21946927999999985
0.21971991999999985
0.21954695999999985
0.22175871999999988
0.22303879999999984
0.22297047999999986
0.22168959999999988
0.22233855999999982
0.22381303999999982
0.22398671999999983
0.22285199999999983
0.22498759999999984
0.22710999999999984
0.22442671999999989
0.2270928799999998
0.22654775999999985
0.22486607999999988
0.22484679999999982
0.22448463999999987
0.22619935999999985
0.2248805599999999
0.2250485599999998
0.22491007999999982
0.22604839999999984
0.22580095999999983
0.2230477599999999
0.22487119999999985
0.2247102399999999
0.22239407999999983
0.2244681599999999
0.22493287999999986
0.22562495999999985
0.22490823999999981
0.2258960799999999
0.22440607999999984
0.22217271999999988
0.22314439999999988
0.22602871999999985
0.2273297599999998
0.22585447999999983
0.2248763199999999
0.22684927999999985
0.22573159999999984
0.22672431999999984
0.22625495999999984
0.2255778399999998
0.2243296799999999
0.22569839999999985
0.2275565599999998
0.22773327999999982
0.2262943999999998
0.22729519999999984
0.2276062399999998
0.22700447999999984
0.22514639999999986
0.2250629599999998
0.22653647999999982
0.22595431999999982
0.22685343999999982
0.22512983999999986
0.22748271999999983
0.2258064799999998
0.22710079999999983
0.22474999999999984
0.22687575999999987
0.22765303999999983
0.22590511999999982
0.2274643199999998
0.2262685599999998
0.22558415999999987
0.2272091999999998
0.22673679999999988
0.22803351999999982
0.22665895999999985
0.2257223199999998
0.22544039999999985
0.2266383199999998
0.22554263999999985
0.22645311999999984
0.2268451199999998
0.22697055999999985
0.22664927999999984
0.22519623999999983
0.2251505599999998
0.2276477599999998
0.22653343999999978
0.22645863999999982
0.22725159999999986
0.22578711999999984
0.22699359999999985
0.22561927999999984
0.22768647999999986
0.22663343999999985
0.22478919999999986
0.22661335999999982
0.22626375999999981
0.22617159999999983
0.22588575999999985
0.22542103999999988
0.22583151999999984
0.2269284799999998
0.2271826399999998
0.22675455999999986
0.22657559999999985
0.2275951999999998
0.2258122399999999
0.22700151999999982
0.2252169599999998
0.2272111999999998
0.22712303999999983
0.2272800799999998
0.22525223999999988
0.22562007999999983
0.22473471999999983
0.22670287999999986
0.2248448799999998
0.2261252799999998
0.22676687999999984
0.2255961599999998
0.22583063999999986
0.22645831999999985
0.22579727999999985
0.22653567999999985
0.2271031999999998
0.22623767999999989
0.2274043999999998
0.22806023999999986
0.22683599999999984
0.22729359999999985
0.2263028799999999
0.22498527999999987
0.22531007999999986
0.22619999999999987
0.22621655999999987
0.22590015999999988
0.22684463999999982
0.22513087999999987
0.22586711999999987
0.22690143999999987
0.22590263999999982
0.2267375999999999
0.22580335999999984
0.22800231999999984
0.22598903999999986
0.22705991999999983
0.22642863999999982
0.22640095999999982
0.22541287999999984
0.22649999999999984
0.22683559999999983
0.22694863999999984
0.22595999999999988
0.22570943999999987
0.22661679999999987
0.22660183999999983
0.22736951999999985
0.22671887999999984
0.22608575999999986
0.22614503999999985
0.22597719999999985
0.22627695999999986
0.22498999999999986
0.22621247999999988
0.22646719999999984
0.22539799999999988
0.22629775999999985
0.22631759999999987
0.22622471999999988
0.22614527999999987
0.22632255999999987
0.22667519999999985
0.22666927999999983
0.2259883999999999
0.22527895999999983
0.22828247999999987
0.22604023999999984
0.2265170399999999
0.22588655999999982
0.22479647999999985
0.22542959999999987
0.2258295199999999
0.22571071999999986
0.22539719999999985
0.22704215999999985
0.22692655999999986
0.22681407999999983
0.22689287999999988
0.2254683999999999
0.22609991999999984
0.22560911999999989
0.22575591999999986
0.22715975999999982
0.22807375999999985
0.22596471999999987
0.22693959999999985
0.22704407999999984
0.22490847999999988
0.22821599999999984
0.22771055999999984
0.2255267999999999
0.22795863999999985
0.22785991999999983
0.22597039999999982
0.22765359999999984
0.22796887999999993
0.22655199999999986
0.22631823999999992
0.22785983999999984
0.22625527999999984
0.22638431999999986
0.22871839999999988
0.22735335999999992
0.22761919999999985
0.22688903999999988
0.22731687999999983
0.22645271999999989
0.22607287999999987
0.22583791999999991
0.22792407999999983
0.22688479999999983
0.22641407999999988
0.2263490399999999
0.22687567999999986
0.22859079999999987
0.22632503999999978
0.22689895999999987
0.22643311999999988
0.22614223999999994
0.2274067199999999
0.22769223999999982
0.22772399999999984
0.22769975999999986
0.2293097599999998
0.2277659199999999
0.22812631999999985
0.22861415999999984
0.22811287999999982
0.22777679999999986
0.22898119999999986
0.2285972799999999
0.22736239999999988
0.22831023999999986
0.22814183999999987
0.22807087999999986
0.22808215999999987
0.22993111999999982
0.23119039999999985
0.22836055999999988
0.22948959999999985
0.22969423999999986
0.2289945599999999
0.2301013599999999
0.2275199999999999
0.22901879999999988
0.22893623999999987
0.22889447999999987
0.2297930399999999
0.22937407999999987
0.2291591999999998
0.22947127999999986
0.22942063999999987
0.22840975999999993
0.22952015999999983
0.22977247999999986
0.2289127199999999
0.22959023999999986
0.23006047999999985
0.23041135999999987
0.22874263999999986
0.22948983999999986
0.23080015999999978
0.2307248799999998
0.23005143999999983
0.22892031999999987
0.23059279999999982
0.23023463999999982
0.22794647999999987
0.22902479999999986
0.23131999999999983
0.22920367999999985
0.22966663999999987
0.23072591999999986
0.23058775999999984
0.22933487999999982
0.22969247999999987
0.23020007999999983
0.22995311999999982
0.22996911999999983
0.22933071999999985
0.2307271199999998
0.22992151999999982
0.23012191999999984
0.22989351999999985
0.22908383999999984
0.2296225599999998
0.22984495999999985
0.2297886399999998
0.22967823999999987
0.2286671199999998
0.22966095999999983
0.23017711999999985
0.23047463999999987
0.23113479999999978
0.22985959999999983
0.23051135999999986
0.22992479999999987
0.2297802399999998
0.22830207999999985
0.22966775999999986
0.23052039999999985
0.23026903999999984
0.22922415999999987
0.2282200799999999
0.23099687999999982
0.2306437599999998
0.22854151999999986
0.22861223999999986
0.2292811199999999
0.22990167999999986
0.2299260799999999
0.22958847999999982
0.2292763199999998
0.22942871999999984
0.2314196799999998
0.23043583999999984
0.23073119999999978
0.23258159999999983
0.23060055999999982
0.23171103999999987
0.2305699999999998
0.23024287999999987
0.23140119999999978
0.2301694399999998
0.2317081599999998
0.23217895999999985
0.23107943999999983
0.23062423999999987
0.23010367999999987
0.23155823999999986
0.23185431999999984
0.22909311999999984
0.2318951999999998
0.2320363999999998
0.2307443199999998
0.23105719999999985
0.23048639999999984
0.23031407999999984
0.23129599999999986
0.2318647199999998
0.23293719999999987
0.23053447999999982
0.2303175199999998
0.23035007999999985
0.22931967999999986
0.23216239999999982
0.2305271199999998
0.2307342399999998
0.2311751199999998
0.23008967999999985
0.23001183999999986
0.22948967999999986
0.23190407999999985
0.23032287999999987
0.2316319199999998
0.2317087199999998
0.2303125599999998
0.23083647999999982
0.23090175999999982
0.23023855999999984
0.23058359999999983
0.23250503999999983
0.23121639999999988
0.23232215999999983
0.23093375999999982
0.23224423999999985
0.23067319999999986
0.22913399999999984
0.23070591999999984
0.23002311999999983
0.23190255999999984
0.23004263999999988
0.23034751999999983
0.22984911999999988
0.23115735999999984
0.23146239999999985
0.23071271999999982
0.2297743199999999
0.23023463999999985
0.23139487999999986
0.2308897599999998
0.23062887999999987
0.23070591999999987
0.22936503999999983
0.23172143999999986
0.23002311999999983
0.23059935999999984
0.23125463999999984
0.22827351999999987
0.22988639999999982
0.23173495999999982
0.23016559999999983
0.23126095999999982
0.23107015999999983
0.23048191999999987
0.23265599999999986
0.2328724799999998
0.23045607999999987
0.23127527999999983
0.2313755199999998
0.23119287999999988
0.23096663999999986
0.23238191999999983
0.23204471999999984
0.23340463999999983
0.23236623999999984
0.2317416799999998
0.23115743999999983
0.2334548799999998
0.23333815999999985
0.23143055999999984
0.22968607999999985
0.23077511999999983
0.2312233599999998
0.23221055999999984
0.2323852799999998
0.23348247999999983
0.23137263999999985
0.23115639999999985
0.23151527999999982
0.23171671999999988
0.23166591999999983
0.23136287999999983
0.23187431999999983
0.23294399999999982
0.23394535999999985
0.23156583999999986
0.23379119999999978
0.23096127999999985
0.23137695999999985
0.2329471999999998
0.23293151999999984
0.2328753599999998
0.2322824799999998
0.2312139199999998
0.23109167999999983
0.23200119999999985
0.2334622399999998
0.23174263999999983
0.23244407999999983
0.23239543999999981
0.23185183999999986
0.23196111999999977
0.23330743999999978
0.2331119199999998
0.2324009599999998
0.2321512799999998
0.2318084799999998
0.2318619199999998
0.2322188799999998
0.23181607999999979
0.2319523999999998
0.23147007999999983
0.23309559999999985
0.2319708799999998
0.2314103999999998
0.2322473599999998
0.2323168799999998
0.23106463999999982
0.2342965599999998
0.2318765599999998
0.23205143999999983
0.23047279999999984
0.2328959999999998
0.23255535999999982
0.2311718399999998
0.2312348799999998
0.23167143999999978
0.2322587999999998
0.23341479999999984
0.2322587999999998
0.23329895999999978
0.23337367999999978
0.2315927199999998
0.23275143999999975
0.2338568799999998
0.2317930399999998
0.2324584799999998
0.23308503999999983
0.2328344799999998
0.23250647999999977
0.23353191999999975
0.23211447999999982
0.23460127999999977
0.2316930399999998
0.2327811999999998
0.23366967999999985
0.23354703999999976
0.23442583999999977
0.23399671999999982
0.23322695999999976
0.2321944799999998
0.2337700799999998
0.23218135999999984
0.23343567999999976
0.23119199999999981
0.23326503999999978
0.2334919199999998
0.23251751999999978
0.2332737599999998
0.23325623999999984
0.2329713599999998
0.2320367199999998
0.23452919999999977
0.2326856799999998
0.23456911999999983
0.2317980799999998
0.2329564799999998
0.2334567999999998
0.2324529599999998
0.23527255999999977
0.23348047999999985
0.23360527999999983
0.2321250399999998
0.2330752799999998
0.2319918399999998
0.2330155999999998
0.23374159999999983
0.23398479999999977
0.23293799999999984
0.2345922399999998
0.23466759999999984
0.23441623999999983
0.23277823999999986
0.2335637599999998
0.23461863999999977
0.23291543999999983
0.23245927999999985
0.23227047999999978
0.2328625599999998
0.2328811199999998
0.23214599999999985
0.23419927999999982
0.23352023999999982
0.2341881599999998
0.23381351999999977
0.23330447999999981
0.23369479999999984
0.2331567199999998
0.2329034399999998
0.23438759999999978
0.23244071999999985
0.23472463999999982
0.2324823199999998
0.23349431999999978
0.2334026399999998
0.23442639999999976
0.23238551999999982
0.23328535999999978
0.2330376799999998
0.23426223999999976
0.23459047999999982
0.23404799999999973
0.23365079999999983
0.2334628799999998
0.23476543999999977
0.23297671999999978
0.2333968799999998
0.23370975999999977
0.23350575999999978
0.23309495999999982
0.23276351999999978
0.2343427199999998
0.23338135999999976
0.23281999999999978
0.23594399999999977
0.23294735999999983
0.2343985599999998
0.2344823999999998
0.2361021599999998
0.23453359999999976
0.23351623999999982
0.23484983999999975
0.23413727999999978
0.2343646399999998
0.23448767999999973
0.23560135999999982
0.23413231999999976
0.23614207999999973
0.23519823999999975
0.2336663199999998
0.23610559999999978
0.23634335999999972
0.23648967999999976
0.23754831999999967
0.23594127999999975
0.23908823999999973
0.23791799999999974
0.23781135999999975
0.23616687999999975
0.23879103999999973
0.23728655999999973
0.2374497599999998
0.2380337599999997
0.23793279999999975
0.23760391999999977
0.23743527999999978
0.23667583999999978
0.23925631999999974
0.23808103999999972
0.23824943999999978
0.23751183999999972
0.23643879999999978
0.23820519999999978
0.2385952799999998
0.23818471999999974
0.23885887999999977
0.23899823999999978
0.23945543999999974
0.23892007999999976
0.2401018399999998
0.2398124799999998
0.23943023999999977
0.2416371199999998
0.24251719999999977
0.24030439999999978
0.24172855999999981
0.24240831999999984
0.24346079999999984
0.24464871999999985
0.24371599999999982
0.24435423999999983
0.24560759999999987
0.24579295999999992
0.24741415999999986
0.24835391999999992
0.2501091199999999
0.24860351999999997
0.24944679999999994
0.25011855999999993
0.24925567999999995
0.24920687999999994
0.24940111999999995
0.24898063999999995
0.25043303999999994
0.24984543999999997
0.25078343999999997
0.25276431999999993
0.25337399999999993
0.2547717599999999
0.2548280799999999
0.25511839999999997
0.25477831999999995
0.25481463999999987
0.2552951199999999
0.25385439999999987
0.2555211999999999
0.25508519999999996
0.2552795999999999
0.255532
0.25654791999999993
0.25443911999999996
0.2579406399999999
0.2567146399999999
0.25586519999999985
0.25759471999999994
0.25625487999999996
0.25567511999999987
0.25560583999999986
0.25662735999999986
0.2574659999999999
0.25692591999999986
0.25691663999999986
0.2566309599999999
0.2564447999999999
0.2578277599999999
0.2570480799999999
0.2561899999999999
0.2568752799999999
0.2566675999999999
0.25838823999999994
0.2572684799999999
0.25890575999999993
0.2565455199999999
0.25768943999999994
0.25849743999999997
0.2580859199999999
0.25830823999999997
0.2582547199999999
0.2589247999999999
0.25818191999999995
0.2570536799999999
0.25988031999999994
0.25834672
0.25699695999999994
0.2599556799999999
0.25853544
0.25881232
0.25924072
0.25925279999999995
0.26047232
0.2608428
0.2580636
0.25898688
0.2590253599999999
0.2587363999999999
0.25952983999999996
0.25799032
0.25920184
0.25941304
0.25925919999999997
0.25851192
0.25941632
0.25878655999999994
0.25988856
0.2624188799999999
0.26099512
0.26018944
0.25754144
0.25932736
0.26198624
0.26073472
0.26067383999999993
0.26140911999999994
0.25959119999999997
0.25921431999999994
0.25951816
0.2609328799999999
0.26088775999999997
0.2632771199999999
0.2616335199999999
0.26204888
0.26076271999999995
0.26086863999999993
0.26093679999999997
0.26110527999999994
0.26165039999999995
0.26158239999999994
0.2609766399999999
0.26087863999999994
0.25985544
0.25913967999999993
0.26117215999999993
0.25996352
0.26020743999999996
0.26012567999999997
0.26008887999999997
0.25999543999999997
0.26238439999999996
0.26049111999999996
0.26086335999999993
0.26138175999999996
0.2617464
0.26076376
0.2608091999999999
0.26037927999999994
0.26042039999999994
0.26152615999999995
0.25985095999999996
0.26046648
0.26068991999999996
0.26122791999999995
0.26141295999999997
0.26106159999999995
0.2620984799999999
0.26045488
0.262252
0.26215352
0.26315327999999993
0.26324712
0.26275039999999994
0.26137344
0.2621004
0.26212688
0.26246544
0.26221567999999995
0.26310064
0.26295711999999993
0.26338456
0.26438432
0.26224951999999996
0.26298911999999997
0.26199816000000004
0.26242864
0.26271416
0.26368472
0.26287312
0.26346968
0.26339472
0.26293712
0.26299328000000005
0.262518
0.26337583999999997
0.26208223999999997
0.26393303999999995
0.2632112
0.26232703999999996
0.26296655999999996
0.26298984
0.26350096
0.26381560000000004
0.2631176
0.2637436799999999
0.2644048
0.2626768
0.26428512
0.26246608
0.26345847999999994
0.2616939999999999
0.26363671999999994
0.2633456
0.262426
0.2618404
0.26390744
0.26489496
0.26355063999999995
0.26213295999999997
0.26314376
0.26374856
0.26396783999999995
0.26407455999999996
0.26250239999999997
0.26460136
0.26236975999999995
0.26454959999999994
0.26324616
0.2632252
0.26267760000000007
0.26313152
0.26354904
0.26518808
0.26361664
0.26337232
0.26319503999999994
0.26529695999999997
0.26223392000000006
0.26237279999999996
0.2632744
0.26265288000000003
0.26458504
0.26307344
0.26186912
0.26196976
0.2627952
0.26400695999999996
0.26304848
0.26297064
0.26145288
0.2624776
0.26203344
0.26157951999999995
0.26116208
0.26271760000000005
0.26208111999999995
0.26302391999999997
0.26337335999999995
0.26302496000000003
0.26174768
0.26101536
0.2621638399999999
0.26261
0.26403071999999994
0.26347992
0.26144959999999995
0.26230136
0.26176968
0.2612352
0.26083727999999995
0.26193543999999996
0.2629123199999999
0.26246608
0.26247639999999994
0.26198160000000004
0.2619552
0.26142775999999995
0.26239344
0.26353368
0.2622956799999999
0.26291864
0.263384
0.26190559999999996
0.26168663999999997
0.2626971199999999
0.26235304
0.26196432
0.26146088
0.26125415999999996
0.26250912
0.26243135999999995
0.26294199999999995
0.26157871999999993
0.26017416
0.26117384
0.26048471999999995
0.26168151999999995
0.2617092
0.26234831999999997
0.26343823999999993
0.26319
0.26265775999999996
0.26243543999999996
0.26143328000000005
0.26251464
0.26275472
0.26226271999999995
0.26386111999999995
0.2609816
0.26315447999999997
0.26145952
0.26272671999999997
0.26202127999999997
0.26267376
0.2640812
0.26114951999999997
0.26342008
0.26282192000000004
0.26317256
0.26237448
0.26255256000000005
0.26365424
0.26255024000000005
0.26242751999999997
0.26333096
0.26241335999999993
0.2611670400000001
0.26312863999999997
0.26437047999999996
0.26195440000000003
0.26183136000000007
0.26257728
0.26293288
0.26393528
0.26178208000000003
0.26162847999999994
0.2606008
0.26234184000000005
0.26292072000000005
0.26346832000000003
0.26356712000000004
0.26247528
0.26380528
0.26322919999999994
0.2623208
0.26393416
0.26221743999999997
0.26290912
0.26253216
0.264566
0.26545616
0.26345544
0.26456816000000005
0.2620348
0.26242456000000003
0.26390832
0.26231311999999996
0.26276552000000003
0.26335023999999996
0.26302912
0.26288696
0.2638116
0.26320343999999996
0.26231007999999995
0.26520832
0.26326768
0.2624364
0.26354088
0.2622292
0.26346632
0.26300184
0.26321391999999993
0.26268016
0.26388407999999997
0.26253232
0.26293352000000003
0.26523112
0.26278192000000006
0.26373976
0.26488248
0.26327216
0.26388096
0.26306856
0.26254504
0.26280296
0.26249751999999993
0.261666
0.26190959999999996
0.26290975999999994
0.26399088
0.26119904
0.26308
0.26173704
0.26250663999999996
0.26438872
0.26434464
0.26554071999999995
0.26439672000000003
0.26488912000000003
0.26610352000000004
0.26530728
0.26610216
0.26681031999999993
0.26526263999999994
0.26533655999999994
0.2671252
0.26898775999999996
0.26546775999999994
0.2667889599999999
0.26572712
0.26511976
0.2672036
0.26529095999999996
0.26658951999999997
0.2664308799999999
0.26637575999999996
0.26812576
0.2656552
0.26844999999999997
0.26741592
0.26630584
0.26665288
0.26718583999999995
0.26669631999999993
0.26736248
0.26859567999999995
0.26709168
0.26784375999999993
0.26679728
0.26757744
0.26740295999999997
0.26797856
0.26807952
0.26704096
0.26800832
0.26717448
0.26686328
0.26638408
0.26645599999999997
0.26508936
0.26833792
0.26947496
0.26856463999999997
0.26860303999999996
0.26866296
0.26823952
0.26790384
0.26993607999999997
0.26951168
0.26808944
0.26967464
0.26735152
0.2707724
0.2678984
0.26791872000000005
0.2681143200000001
0.26962744000000005
0.26992256000000003
0.26935896000000004
0.26871656
0.2684648000000001
0.26846368000000004
0.26878184
0.26770184
0.26872888000000006
0.26933936
0.26929904000000005
0.26733104
0.2689413600000001
0.26832624000000005
0.26942672000000006
0.26788056000000005
0.2695975200000001
0.2681381600000001
0.26998008000000007
0.26860576
0.26907800000000004
0.27012528
0.26814096000000004
0.26821856000000005
0.2691425600000001
0.26949816000000004
0.2692315200000001
0.2681084800000001
0.2667972
0.26819112000000006
0.26860048000000003
0.26780560000000003
0.26851728
0.26773088000000006
0.2655929600000001
0.267288
0.27095408000000004
0.2673850400000001
0.26909840000000007
0.26862040000000004
0.26948752
0.2686004800000001
0.26907944
0.2681587200000001
0.26911848000000005
0.26810696000000006
0.26844032000000007
0.26963664000000004
0.26930216000000007
0.26686184
0.26821888000000005
0.26844320000000005
0.26640632000000003
0.26932512000000003
0.26786984
0.26858208000000006
0.2702357600000001
0.26807640000000005
0.26978608000000004
0.26873096
0.27045792
0.26900784
0.26974232
0.26996664000000004
0.26929848
0.26970536
0.26822007999999997
0.26890656
0.27010312000000003
0.2694387200000001
0.27111112000000004
0.27070000000000005
0.26899664000000006
0.26933872000000003
0.26927288
0.27127
0.2692024
0.27059344
0.26855368
0.2697064
0.2701812
0.26982592000000005
0.27008216
0.26961720000000006
0.26863384
0.27057376
0.26971792
0.2692276
0.27041176000000006
0.27067984
0.27035504
0.2698908000000001
0.26944464000000007
0.2686382400000001
0.27051432000000003
0.2701375200000001
0.27056984000000006
0.27021224000000005
0.2714315200000001
0.26831328000000004
0.26862496
0.2695212800000001
0.26888752000000005
0.26836312
0.26901480000000005
0.27193848000000004
0.2689808800000001
0.26991216000000007
0.2705374400000001
0.2694476000000001
0.26905304
0.26946552000000007
0.26975104000000005
0.26928592000000007
0.27025736
0.26978216000000005
0.27033208000000003
0.27102840000000006
0.2695813600000001
0.27010656000000005
0.26999016000000003
0.26941240000000005
0.2699072
0.26967184000000005
0.27083240000000003
0.2692752800000001
0.26967408000000004
0.27064808000000007
0.27016144000000003
0.27002040000000005
0.2703696000000001
0.2696879200000001
0.27043800000000007
0.26955832
0.26989792000000007
0.26999920000000005
0.27001192
0.27088200000000007
0.26976912000000003
0.2704058400000001
0.2696178400000001
0.2697320000000001
0.26857200000000003
0.27115760000000005
0.26994768
0.2695679200000001
0.2706360000000001
0.2702944800000001
0.26830128000000003
0.2701488000000001
0.2692791200000001
0.27022696
0.2706384
0.27037936000000007
0.27065224000000004
0.27005616000000005
0.26942928
0.2703871200000001
0.2692952000000001
0.2701130400000001
0.26904688000000004
0.26978912000000005
0.2680361600000001
0.2693300800000001
0.27020352000000003
0.2695220000000001
0.2707349600000001
0.27226839999999997
0.2693208000000001
0.27081608
0.27011376000000004
0.26919056
0.27102376000000006
0.26888752000000005
0.2697403200000001
0.27023624000000007
0.27011912000000005
0.26927560000000006
0.26976232000000006
0.26948520000000004
0.2718364800000001
0.27196376
0.2700852000000001
0.26867984000000006
0.26915704000000007
0.26803520000000003
0.26944792
0.26869816
0.26971360000000005
0.2695536800000001
0.2696836
0.2716353600000001
0.2689728800000001
0.2693597600000001
0.26962040000000004
0.27164792000000004
0.2701336000000001
0.26994280000000004
0.2690658400000001
0.27048224000000004
0.26989744000000004
0.27071744000000003
0.2676160000000001
0.26903696000000005
0.270792
0.2685756000000001
0.26905224000000005
0.2700192800000001
0.2694255200000001
0.2715792000000001
0.2691640000000001
0.2706084000000001
0.2693828800000001
0.2709940000000001
0.27077384000000004
0.2697882400000001
0.2673138400000001
0.27151504000000004
0.27076256000000004
0.26981816000000003
0.2708441600000001
0.2703946400000001
0.26997408000000006
0.27204464000000006
0.2692836800000001
0.27086800000000005
0.27050528
0.26947576000000006
0.26975600000000005
0.2716315200000001
0.27113864000000004
0.27023488000000007
0.2709360800000001
0.27253424000000004
0.26955616000000004
0.27080176
0.2703844800000001
0.2697857600000001
0.27114488000000003
0.2710724800000001
0.27041976000000006
0.27142992000000005
0.27043368000000007
0.2707490400000001
0.27010288000000005
0.27179576000000005
0.27011664
0.27192960000000005
0.27059584000000003
0.26941096000000003
0.2691932800000001
0.27147304000000005
0.26939008000000003
0.27049728
0.2681778400000001
0.2702128000000001
0.27106752000000006
0.26972696000000007
0.2703702400000001
0.26908648000000013
0.26997856000000003
0.26915568000000006
0.26940648000000006
0.2704510400000001
0.2704712000000001
0.2706207200000001
0.27182496000000006
0.271224
0.27054384000000004
0.26880776000000006
0.2700885600000001
0.27064136000000005
0.27232296
0.27214304000000006
0.27246464
0.27061712000000004
0.26933744000000004
0.2700522400000001
0.2692248000000001
0.27036656000000003
0.27172640000000003
0.27099368000000007
0.26982040000000007
0.27057864000000004
0.2690600800000001
0.2685672800000001
0.27139704000000003
0.27026528000000005
0.2709344800000001
0.27194152000000005
0.27152752
0.270062
0.27238768
0.27091168000000004
0.26945464
0.26948904000000007
0.2702120800000001
0.2707452800000001
0.27036664
0.27097712000000007
0.2709628000000001
0.2701240000000001
0.27067664
0.27039080000000004
0.2693286400000001
0.27213640000000006
0.2700428000000001
0.27058496000000004
0.26977280000000003
0.27126720000000004
0.27048392000000004
0.26896416000000006
0.27168512000000006
0.26966032000000006
0.27077496
0.27155968
0.2709948000000001
0.2688537600000001
0.26954736000000007
0.26969736000000005
0.2686537600000001
0.27113064000000003
0.2694804000000001
0.27042824000000004
0.2693662400000001
0.2699640000000001
0.27111032000000007
0.27066584000000005
0.27012136000000003
0.2701240800000001
0.2713520000000001
0.26961064
0.27123952
0.2697402400000001
0.2703852000000001
0.27022936000000003
0.2708512
0.27240848
0.27098856000000004
0.27029840000000005
0.26893096000000005
0.2710364
0.26962264
0.27118536000000004
0.27032504
0.2696508800000001
0.27055104
0.2692923200000001
0.27028840000000004
0.2689288000000001
0.26974272000000005
0.27074168000000004
0.2702552800000001
0.27023568000000003
0.27170768
0.2703864800000001
0.2699973600000001
0.26975176000000006
0.27165520000000004
0.27113856000000003
0.2700348000000001
0.27164632000000005
0.2710009600000001
0.26907552000000007
0.26980840000000006
0.27067160000000007
0.2699398400000001
0.26879088
0.27263072000000005
0.26984664
0.27061496000000007
0.26887088000000003
0.2710103200000001
0.27119072000000005
0.2708953600000001
0.2706326400000001
0.27017088000000006
0.2680229600000001
0.27081720000000004
0.27250096000000007
0.2713406400000001
0.26996784000000007
0.27066864000000007
0.2685166400000001
0.27089728
0.2722678400000001
0.26897440000000006
0.26939984000000006
0.2710959200000001
0.2712897600000001
0.27328512000000005
0.27014504000000006
0.2720707200000001
0.2718174400000001
0.2695199200000001
0.2707536000000001
0.27107296000000003
0.2742405600000001
0.2716403200000001
0.27125944000000013
0.27127664000000007
0.26941904000000005
0.26975400000000005
0.2722176000000001
0.27099600000000007
0.27180576
0.27087376
0.27284392000000013
0.27153656000000015
0.2728118400000001
0.2727028800000001
0.2722171200000001
0.27085856000000014
0.2727248000000001
0.27365760000000017
0.27057336000000015
0.2718602400000002
0.27304384000000015
0.2724340800000002
0.2739176000000002
0.27203960000000016
0.2726787200000002
0.2726599200000002
0.2739980000000002
0.2701412800000002
0.27394536000000014
0.2759470400000002
0.27404224000000016
0.27475912000000025
0.2741755200000002
0.2733173600000002
0.27495680000000017
0.2742044000000002
0.2744324800000002
0.2736733600000002
0.27357656000000025
0.2731213600000002
0.2734768800000002
0.27394000000000013
0.2731424800000002
0.27452312000000023
0.2730698400000002
0.27360792000000017
0.2724701600000002
0.27408360000000015
0.27491824000000015
0.27456040000000015
0.2739044000000001
0.27486184000000013
0.2744924000000002
0.2738240000000002
0.27470792000000016
0.27278560000000013
0.27332472000000013
0.2733249600000002
0.2745370400000002
0.2746099200000002
0.2731591200000002
0.27524152000000013
0.27395912000000017
0.27423368000000015
0.2725436800000002
0.27522464000000013
0.27499848000000016
0.2737622400000002
0.27434104000000015
0.27410336000000024
0.27408008000000017
0.27475360000000015
0.2746106400000002
0.2742275200000002
0.2769795200000002
0.27602520000000014
0.2751456800000003
0.2744718400000002
0.2742427200000002
0.27451648000000023
0.2738822400000002
0.2734057600000002
0.2754439200000002
0.2745614400000002
0.2734418400000002
0.2747992800000002
0.2746278400000002
0.27325784000000025
0.27400248000000016
0.2737304000000002
0.2748111200000002
0.2746272800000002
0.27593480000000015
0.27475864000000016
0.2739258400000002
0.27699536000000013
0.2745491200000002
0.2748610400000002
0.27483864000000024
0.2734724800000003
0.2729604000000002
0.2739100000000002
0.2749657600000002
0.27457808000000017
0.27406008000000026
0.2731254400000002
0.2739074400000002
0.27522112000000015
0.2737489600000002
0.27587568000000023
0.2736614400000002
0.2747195200000002
0.2753225600000002
0.27418864000000026
0.27458840000000023
0.27392384000000025
0.2731524800000002
0.2739366400000002
0.27368872000000016
0.2730022400000002
0.27341680000000024
0.2747877600000002
0.27237744000000025
0.27331648000000014
0.27443312000000014
0.27380416000000024
0.2725716000000002
0.2751137600000002
0.2753696000000002
0.2740508000000002
0.2752009600000002
0.27508432000000016
0.2741064800000002
0.27314408000000023
0.2752645600000002
0.2742613600000002
0.27441840000000023
0.2757996800000002
0.2748112800000002
0.2740852800000002
0.2741142400000001
0.27542960000000016
0.2732221600000002
0.27303712000000024
0.27438800000000024
0.2731929600000002
0.27397672000000023
0.27452320000000024
0.2746129600000002
0.2749982400000002
0.27243080000000025
0.2743292000000002
0.27486720000000014
0.2744087200000002
0.2742476000000002
0.2743288000000002
0.27214320000000025
0.27352480000000023
0.2732439200000002
0.27528632000000014
0.2753728000000002
0.2738818400000002
0.27424216000000023
0.2746176800000002
0.2736216000000002
0.2737015200000002
0.2731496800000002
0.27530800000000016
0.2726265600000002
0.27513552000000024
0.27413152000000024
0.2740869600000002
0.2745396800000002
0.2743849600000001
0.27363520000000024
0.27247856000000015
0.2752664800000002
0.2760936800000001
0.27313320000000024
0.27388264000000023
0.2750775200000002
0.2746210400000002
0.27328608000000015
0.2731525600000002
0.27462352000000023
0.2715843200000002
0.2747916800000002
0.2727737600000002
0.2721553600000001
0.27441800000000016
0.27394176000000015
0.2737241600000002
0.27182728000000017
0.2735573600000002
0.27351360000000013
0.2742473600000002
0.2744157600000002
0.27206144000000027
0.2746004000000002
0.2735047200000002
0.2735332000000002
0.2725511200000002
0.2734719200000002
0.2746790400000002
0.27003720000000014
0.27385744000000023
0.2734709600000002
0.2723026400000002
0.2709960000000002
0.2716422400000002
0.2732661600000002
0.27249160000000017
0.2727595200000002
0.2735354400000002
0.2745273600000002
0.2724794400000002
0.27298584000000015
0.27247440000000017
0.2733022400000002
0.2747204800000002
0.27283760000000024
0.2731057600000002
0.2727144000000002
0.2719863200000002
0.2737573600000001
0.27399904000000014
0.2733500800000002
0.2747140800000002
0.2734603200000002
0.2725619200000002
0.2734912000000002
0.27429704000000016
0.27419456000000014
0.2736982400000002
0.27343960000000017
0.2729124800000002
0.27209664000000017
0.2732244000000002
0.27380528000000015
0.2735326400000002
0.2729102400000002
0.2742825600000002
0.27259632000000017
0.2740042400000002
0.27463360000000014
0.2735116800000002
0.27414136000000017
0.27343920000000016
0.27341880000000013
0.2734700800000002
0.2711663200000002
0.27233312000000015
0.2710883200000002
0.2726208800000002
0.2724181600000002
0.27399776000000015
0.2741362400000002
0.2732852000000002
0.27212264000000014
0.2722090400000002
0.2727761600000002
0.2719061600000002
0.2726740000000002
0.27154880000000026
0.27417744000000016
0.2727840000000002
0.27142960000000016
0.27216320000000016
0.27151968000000015
0.27278536000000014
0.2733845600000002
0.2721520800000002
0.2724890400000002
0.2722288000000002
0.2733137600000002
0.2732845600000002
0.2725129600000002
0.2723446400000002
0.2728028800000002
0.2722114400000002
0.2721448000000002
0.2736371200000002
0.2743906400000002
0.2742612000000002
0.27428144000000015
0.2713463200000002
0.2745241600000002
0.2732262400000002
0.27265992000000017
0.27115920000000016
0.2751646400000002
0.2744140800000002
0.27215600000000023
0.2726226400000002
0.2746374400000002
0.2714957600000002
0.2718660000000002
0.2726895200000002
0.27281160000000015
0.27305488000000017
0.2739797600000001
0.2729328800000001
0.2731010400000002
0.27283104000000014
0.27357672000000016
0.2718476800000002
0.27345600000000014
0.27163440000000016
0.27413232000000015
0.2739856000000002
0.2723723200000002
0.27286368000000016
0.27346456000000013
0.27240472000000016
0.2740504800000002
0.27439536000000014
0.2735797600000002
0.2744989600000002
0.2721179200000002
0.27335368000000015
0.2724296800000002
0.2725303200000002
0.27240968000000015
0.2739668000000001
0.2725906400000002
0.27337392000000016
0.27247896000000016
0.2731719200000002
0.2729696800000002
