0.04864400000000001
0.06028800000000002
0.06206800000000002
0.06206800000000002
0.062232000000000016
0.08026000000000001
0.08275600000000001
0.08275600000000001
0.09508000000000003
0.10307999999999999
0.10312800000000004
0.10897200000000005
0.10897200000000005
0.10897200000000005
0.11165200000000002
0.11479599999999998
0.12218400000000001
0.12218400000000001
0.12218400000000001
0.12218400000000001
0.124168
0.13022800000000012
0.13276800000000005
0.1333000000000001
0.13353599999999985
0.13538800000000012
0.13767200000000002
0.13767200000000002
0.13774400000000012
0.14177600000000018
0.1445760000000002
0.1445760000000002
0.14577200000000007
0.14577200000000007
0.14624000000000018
0.14924000000000015
0.14924000000000015
0.14924000000000015
0.14924000000000015
0.14924000000000015
0.14924000000000015
0.14953200000000016
0.14953200000000016
0.14953200000000016
0.14953200000000016
0.1497520000000002
0.1509800000000002
0.1509800000000002
0.15643200000000013
0.15643200000000013
0.15821200000000005
0.165016
0.165016
0.165016
0.165016
0.165016
0.165016
0.165016
0.166
0.16828399999999996
0.16828399999999996
0.16828399999999996
0.16828399999999996
0.16828399999999996
0.16828399999999996
0.16828399999999996
0.16828399999999996
0.16878799999999997
0.16878799999999997
0.16878799999999997
0.16878799999999997
0.17051200000000002
0.17051200000000002
0.17051200000000002
0.17051200000000002
0.17051200000000002
0.17051200000000002
0.17054800000000003
0.17054800000000003
0.1790639999999999
0.1790639999999999
0.1790639999999999
0.1790639999999999
0.1790639999999999
0.17965999999999996
0.17965999999999996
0.17965999999999996
0.17965999999999996
0.17965999999999996
0.17965999999999996
0.17965999999999996
0.17965999999999996
0.17965999999999996
0.17985599999999996
0.1807599999999999
0.1807599999999999
0.18085199999999987
0.18085199999999987
0.18085199999999987
0.18677999999999995
0.18677999999999995
0.18677999999999995
0.18677999999999995
0.19260399999999991
0.19260399999999991
0.1959319999999999
0.19804799999999995
0.19891199999999984
0.19891199999999984
0.19891199999999984
0.19891199999999984
0.19891199999999984
0.20671199999999984
0.20671199999999984
0.20671199999999984
0.20671199999999984
0.20671199999999984
0.20671199999999984
0.20671199999999984
0.21032399999999984
0.21179999999999988
0.2118719999999998
0.2143679999999999
0.2143679999999999
0.2143679999999999
0.21640399999999985
0.21640399999999985
0.21640399999999985
0.21945199999999976
0.23239599999999977
0.23239599999999977
0.23239599999999977
0.23239599999999977
0.23239599999999977
0.23239599999999977
0.23239599999999977
0.23239599999999977
0.23239599999999977
0.23239599999999977
0.23239599999999977
0.23239599999999977
0.23239599999999977
0.23239599999999977
0.23239599999999977
0.23239599999999977
0.23239599999999977
0.23239599999999977
0.23239599999999977
0.23239599999999977
0.23239599999999977
0.23239599999999977
0.23239599999999977
0.23239599999999977
0.23239599999999977
0.23239599999999977
0.23239599999999977
0.23239599999999977
0.23239599999999977
0.23239599999999977
0.23239599999999977
0.23239599999999977
0.23239599999999977
0.23239599999999977
0.23239599999999977
0.23239599999999977
0.23239599999999977
0.23239599999999977
0.23239599999999977
0.23239599999999977
0.23239599999999977
0.23239599999999977
0.23239599999999977
0.23239599999999977
0.23239599999999977
0.23239599999999977
0.23239599999999977
0.23239599999999977
0.23239599999999977
0.23239599999999977
0.23239599999999977
0.2355279999999996
0.2355279999999996
0.2355279999999996
0.2355279999999996
0.2355279999999996
0.2355279999999996
0.2355279999999996
0.2355279999999996
0.2355279999999996
0.2355279999999996
0.2355279999999996
0.2355279999999996
0.23698799999999964
0.23698799999999964
0.23698799999999964
0.23698799999999964
0.23698799999999964
0.23698799999999964
0.23698799999999964
0.23698799999999964
0.23698799999999964
0.23698799999999964
0.23698799999999964
0.23698799999999964
0.23698799999999964
0.23698799999999964
0.23698799999999964
0.23698799999999964
0.23698799999999964
0.23698799999999964
0.23698799999999964
0.23698799999999964
0.23698799999999964
0.23698799999999964
0.23698799999999964
0.23698799999999964
0.23698799999999964
0.23698799999999964
0.23698799999999964
0.23698799999999964
0.23698799999999964
0.23698799999999964
0.23698799999999964
0.23698799999999964
0.2401639999999997
0.24049599999999968
0.24049599999999968
0.24049599999999968
0.24049599999999968
0.24049599999999968
0.24049599999999968
0.24049599999999968
0.24049599999999968
0.24049599999999968
0.24063999999999974
0.24063999999999974
0.24063999999999974
0.24063999999999974
0.24063999999999974
0.24063999999999974
0.24063999999999974
0.24078399999999975
0.24078399999999975
0.24078399999999975
0.24078399999999975
0.24201999999999965
0.24201999999999965
0.24201999999999965
0.24201999999999965
0.24201999999999965
0.24201999999999965
0.24201999999999965
0.24201999999999965
0.24201999999999965
0.24201999999999965
0.24201999999999965
0.24201999999999965
0.24201999999999965
0.24201999999999965
0.2441839999999996
0.2441839999999996
0.2441839999999996
0.2441839999999996
0.2441839999999996
0.2441839999999996
0.2441839999999996
0.2441839999999996
0.2441839999999996
0.2441839999999996
0.2441839999999996
0.2441839999999996
0.2441839999999996
0.2441839999999996
0.2441839999999996
0.2441839999999996
0.2441839999999996
0.2441839999999996
0.2441839999999996
0.2441839999999996
0.2441839999999996
0.2441839999999996
0.2441839999999996
0.2441839999999996
0.2441839999999996
0.2441839999999996
0.2441839999999996
0.2441839999999996
0.2441839999999996
0.2441839999999996
0.2441839999999996
0.2441839999999996
0.2441839999999996
0.2441839999999996
0.2441839999999996
0.2441839999999996
0.2441839999999996
0.2441839999999996
0.2441839999999996
0.2441839999999996
0.2441839999999996
0.2441839999999996
0.2441839999999996
0.2441839999999996
0.2441839999999996
0.2441839999999996
0.2441839999999996
0.2441839999999996
0.2441839999999996
0.2441839999999996
0.2441839999999996
0.2441839999999996
0.2441839999999996
0.2441839999999996
0.2441839999999996
0.2441839999999996
0.2441839999999996
0.2441839999999996
0.2441839999999996
0.2441839999999996
0.2441839999999996
0.2441839999999996
0.2441839999999996
0.2441839999999996
0.2441839999999996
0.2441839999999996
0.2441839999999996
0.2441839999999996
0.2441839999999996
0.2441839999999996
0.2441839999999996
0.2441839999999996
0.2441839999999996
0.24423599999999973
0.24423599999999973
0.24423599999999973
0.24423599999999973
0.24423599999999973
0.24423599999999973
0.24423599999999973
0.24423599999999973
0.24423599999999973
0.24423599999999973
0.24423599999999973
0.24423599999999973
0.24423599999999973
0.24423599999999973
0.24423599999999973
0.24423599999999973
0.24423599999999973
0.24423599999999973
0.24423599999999973
0.24423599999999973
0.24423599999999973
0.24423599999999973
0.24423599999999973
0.24423599999999973
0.24423599999999973
0.24423599999999973
0.24423599999999973
0.24423599999999973
0.24423599999999973
0.24423599999999973
0.24423599999999973
0.24423599999999973
0.24423599999999973
0.24423599999999973
0.24423599999999973
0.24423599999999973
0.24423599999999973
0.24423599999999973
0.24423599999999973
0.24423599999999973
0.24423599999999973
0.24423599999999973
0.24423599999999973
0.24423599999999973
0.24423599999999973
0.24423599999999973
0.24423599999999973
0.24423599999999973
0.24423599999999973
0.24423599999999973
0.24423599999999973
0.24423599999999973
0.24423599999999973
0.24423599999999973
0.24423599999999973
0.24423599999999973
0.24423599999999973
0.24423599999999973
0.24423599999999973
0.24423599999999973
0.24423599999999973
0.24423599999999973
0.24423599999999973
0.24423599999999973
0.24423599999999973
0.24423599999999973
0.24423599999999973
0.24423599999999973
0.24423599999999973
0.24423599999999973
0.24423599999999973
0.24423599999999973
0.24423599999999973
0.24423599999999973
0.24423599999999973
0.24423599999999973
0.24423599999999973
0.24423599999999973
0.24423599999999973
0.24423599999999973
0.24423599999999973
0.24423599999999973
0.24423599999999973
0.24423599999999973
0.24423599999999973
0.24423599999999973
0.24423599999999973
0.24646399999999977
0.24646399999999977
0.24646399999999977
0.24646399999999977
0.24646399999999977
0.24646399999999977
0.24646399999999977
0.24646399999999977
0.24646399999999977
0.24646399999999977
0.24646399999999977
0.24646399999999977
0.24646399999999977
0.24646399999999977
0.24646399999999977
0.24646399999999977
0.24646399999999977
0.24646399999999977
0.24646399999999977
0.24646399999999977
0.24646399999999977
0.24646399999999977
0.24646399999999977
0.24646399999999977
0.24646399999999977
0.24646399999999977
0.24646399999999977
0.24646399999999977
0.24646399999999977
0.24646399999999977
0.24646399999999977
0.24646399999999977
0.24646399999999977
0.24646399999999977
0.24646399999999977
0.24646399999999977
0.24646399999999977
0.24646399999999977
0.24646399999999977
0.24646399999999977
0.24646399999999977
0.24646399999999977
0.24646399999999977
0.24646399999999977
0.24646399999999977
0.24646399999999977
0.24646399999999977
0.24670799999999982
0.24670799999999982
0.24670799999999982
0.24670799999999982
0.24670799999999982
0.24670799999999982
0.24670799999999982
0.24670799999999982
0.24670799999999982
0.24670799999999982
0.24670799999999982
0.24670799999999982
0.24670799999999982
0.24670799999999982
0.24670799999999982
0.24670799999999982
0.24670799999999982
0.24670799999999982
0.24670799999999982
0.24670799999999982
0.24670799999999982
0.24670799999999982
0.24670799999999982
0.24670799999999982
0.24670799999999982
0.24670799999999982
0.24670799999999982
0.24670799999999982
0.24670799999999982
0.24670799999999982
0.24670799999999982
0.24670799999999982
0.24670799999999982
0.24670799999999982
0.24670799999999982
0.24670799999999982
0.24670799999999982
0.24670799999999982
0.24670799999999982
0.24670799999999982
0.24725199999999956
0.24725199999999956
0.2475479999999996
0.2475479999999996
0.2475479999999996
0.2475479999999996
0.2475479999999996
0.2475479999999996
0.2475479999999996
0.2475479999999996
0.2475479999999996
0.2475479999999996
0.2475479999999996
0.2475479999999996
0.2475479999999996
0.2475479999999996
0.2475479999999996
0.2475479999999996
0.2475479999999996
0.2475479999999996
0.2475479999999996
0.2475479999999996
0.2475479999999996
0.2475479999999996
0.2475479999999996
0.2475479999999996
0.2475479999999996
0.2475479999999996
0.2475479999999996
0.2475479999999996
0.2475479999999996
0.2475479999999996
0.2475479999999996
0.2475479999999996
0.2475479999999996
0.2475479999999996
0.2475479999999996
0.2475479999999996
0.2475479999999996
0.2475479999999996
0.2475479999999996
0.2475479999999996
0.2475479999999996
0.2475479999999996
0.2475479999999996
0.2475479999999996
0.2475479999999996
0.2475479999999996
0.2475479999999996
0.2475479999999996
0.2475479999999996
0.2475479999999996
0.2475479999999996
0.2475479999999996
0.2475479999999996
0.2475479999999996
0.2475479999999996
0.2475479999999996
0.2475479999999996
0.2475479999999996
0.2475479999999996
0.2475479999999996
0.2475479999999996
0.2475479999999996
0.2475479999999996
0.2475479999999996
0.2475479999999996
0.2475479999999996
0.2475479999999996
0.2475479999999996
0.2475479999999996
0.2475479999999996
0.2475479999999996
0.2475479999999996
0.2475479999999996
0.2475479999999996
0.2475479999999996
0.2475479999999996
0.2475479999999996
0.2475479999999996
0.2475479999999996
0.2475479999999996
0.2475479999999996
0.2475479999999996
0.2475479999999996
0.2475479999999996
0.24779599999999974
0.24779599999999974
0.24779599999999974
0.24779599999999974
0.24779599999999974
0.24779599999999974
0.24779599999999974
0.24779599999999974
0.24779599999999974
0.24779599999999974
0.24779599999999974
0.24779599999999974
0.24779599999999974
0.24779599999999974
0.24779599999999974
0.24779599999999974
0.24779599999999974
0.24779599999999974
0.24779599999999974
0.24779599999999974
0.24779599999999974
0.24779599999999974
0.24779599999999974
0.24779599999999974
0.24779599999999974
0.24779599999999974
0.24779599999999974
0.24779599999999974
0.24779599999999974
0.24779599999999974
0.24779599999999974
0.24779599999999974
0.24779599999999974
0.24779599999999974
0.24779599999999974
0.24779599999999974
0.24779599999999974
0.24779599999999974
0.24779599999999974
0.24779599999999974
0.24779599999999974
0.24779599999999974
0.24779599999999974
0.24779599999999974
0.24779599999999974
0.24779599999999974
0.24779599999999974
0.2494679999999998
0.2494679999999998
0.2494679999999998
0.2494679999999998
0.2494679999999998
0.2494679999999998
0.2494679999999998
0.2494679999999998
0.2494679999999998
0.2494679999999998
0.2494679999999998
0.2494679999999998
0.2494679999999998
0.2494679999999998
0.2494679999999998
0.2494679999999998
0.2494679999999998
0.2494679999999998
0.2494679999999998
0.2494679999999998
0.2494679999999998
0.2494679999999998
0.2494679999999998
0.2494679999999998
0.2494679999999998
0.2494679999999998
0.2494679999999998
0.2494679999999998
0.2494679999999998
0.2494679999999998
0.2494679999999998
0.2494679999999998
0.2494679999999998
0.2494679999999998
0.2494679999999998
0.2494679999999998
0.2494679999999998
0.2494679999999998
0.2494679999999998
0.2494679999999998
0.2494679999999998
0.2494679999999998
0.2494679999999998
0.2494679999999998
0.2494679999999998
0.2494679999999998
0.2494679999999998
0.2494679999999998
0.2494679999999998
0.2494679999999998
0.2494679999999998
0.2494679999999998
0.2494679999999998
0.2494679999999998
0.2494679999999998
0.2494679999999998
0.2494679999999998
0.2494679999999998
0.2494679999999998
0.2494679999999998
0.2494679999999998
0.2494679999999998
0.2494679999999998
0.2494679999999998
0.2494679999999998
0.2494679999999998
0.2494679999999998
0.24961999999999976
0.24961999999999976
0.24961999999999976
0.24961999999999976
0.24961999999999976
0.24961999999999976
0.24961999999999976
0.24961999999999976
0.24961999999999976
0.24961999999999976
0.24961999999999976
0.24961999999999976
0.24961999999999976
0.24961999999999976
0.24961999999999976
0.24961999999999976
0.24961999999999976
0.24961999999999976
0.24961999999999976
0.24961999999999976
0.24961999999999976
0.24961999999999976
0.24961999999999976
0.24961999999999976
0.2503519999999997
0.2503519999999997
0.2503519999999997
0.2503519999999997
0.2503519999999997
0.2503519999999997
0.2503519999999997
0.2503519999999997
0.2503519999999997
0.2503519999999997
0.2503519999999997
0.2503519999999997
0.2503519999999997
0.2503519999999997
0.2503519999999997
0.2503519999999997
0.2503519999999997
0.2503519999999997
0.2503519999999997
0.2503519999999997
0.2503519999999997
0.2503519999999997
0.2503519999999997
0.2503519999999997
0.2503519999999997
0.2503519999999997
0.2503519999999997
0.2503519999999997
0.2503519999999997
0.2503519999999997
0.2503519999999997
0.2503519999999997
0.2503519999999997
0.2503519999999997
0.2503519999999997
0.2503519999999997
0.2503519999999997
0.2503519999999997
0.2503519999999997
0.2503519999999997
0.2503519999999997
0.2503519999999997
0.2503519999999997
0.2503519999999997
0.2503519999999997
0.2503519999999997
0.2503519999999997
0.2503519999999997
0.2503519999999997
0.2503519999999997
0.2503519999999997
0.2503519999999997
0.2503519999999997
0.2503519999999997
0.2503519999999997
0.2503519999999997
0.2503519999999997
0.2503519999999997
0.2503519999999997
0.2503519999999997
0.2503519999999997
0.2503519999999997
0.2503519999999997
0.2503519999999997
0.2503519999999997
0.2503519999999997
0.2503519999999997
0.2503519999999997
0.2503519999999997
0.2503519999999997
0.25103999999999976
0.25103999999999976
0.25103999999999976
0.25103999999999976
0.25103999999999976
0.25103999999999976
0.25103999999999976
0.25103999999999976
0.25103999999999976
0.25103999999999976
0.25103999999999976
0.25103999999999976
0.25103999999999976
0.25103999999999976
0.2528559999999997
0.2528559999999997
0.2528559999999997
0.25474399999999964
0.25474399999999964
0.25474399999999964
0.25474399999999964
0.25474399999999964
0.25474399999999964
0.25474399999999964
0.25474399999999964
0.25474399999999964
0.25474399999999964
0.25474399999999964
0.25474399999999964
0.25474399999999964
0.25474399999999964
0.25474399999999964
0.25474399999999964
0.25474399999999964
0.25474399999999964
0.25474399999999964
0.25474399999999964
0.25474399999999964
0.25474399999999964
0.25474399999999964
0.25474399999999964
0.25474399999999964
0.25474399999999964
0.25823599999999985
0.25823599999999985
0.25823599999999985
0.25823599999999985
0.25823599999999985
0.25823599999999985
0.2635959999999999
0.2635959999999999
0.2635959999999999
0.2635959999999999
0.2635959999999999
0.2635959999999999
0.2635959999999999
0.2635959999999999
0.2635959999999999
0.2635959999999999
0.2635959999999999
0.2635959999999999
0.2635959999999999
0.2635959999999999
0.2635959999999999
0.2635959999999999
0.2635959999999999
0.2635959999999999
0.26650399999999985
0.26650399999999985
0.2688959999999997
0.2688959999999997
0.2688959999999997
0.2688959999999997
0.2688959999999997
0.2688959999999997
0.2688959999999997
0.2695399999999999
0.2695399999999999
0.2695399999999999
0.2717359999999998
0.2717359999999998
0.2717359999999998
0.2717359999999998
0.27709599999999973
0.27709599999999973
0.27709599999999973
0.27709599999999973
0.27709599999999973
0.27709599999999973
0.27709599999999973
0.27709599999999973
0.27709599999999973
0.27709599999999973
0.27709599999999973
0.27709599999999973
0.27709599999999973
0.27709599999999973
0.27709599999999973
0.27709599999999973
0.27709599999999973
0.27709599999999973
0.27709599999999973
0.27709599999999973
0.27709599999999973
0.27709599999999973
0.27709599999999973
0.27709599999999973
0.27709599999999973
0.27709599999999973
0.27709599999999973
0.27709599999999973
0.27709599999999973
0.27709599999999973
0.27709599999999973
0.27709599999999973
0.27709599999999973
0.27709599999999973
0.27709599999999973
0.27709599999999973
0.27709599999999973
0.27709599999999973
0.27709599999999973
0.27709599999999973
0.27709599999999973
0.27709599999999973
0.27709599999999973
0.27709599999999973
0.27709599999999973
0.2782199999999999
0.2782199999999999
0.2782199999999999
0.2782199999999999
0.2782199999999999
0.2782199999999999
0.2782199999999999
0.2782199999999999
0.2782199999999999
0.2782199999999999
0.2782199999999999
0.2782199999999999
0.2782199999999999
0.2782199999999999
0.2782199999999999
0.2782199999999999
0.2782199999999999
0.2782199999999999
0.2782199999999999
0.2782199999999999
0.2782199999999999
0.2782199999999999
0.2782199999999999
0.2782199999999999
0.2782199999999999
0.2782199999999999
0.2782199999999999
0.2782199999999999
0.2782199999999999
0.2782199999999999
0.2782199999999999
0.2782199999999999
0.2782199999999999
0.2782199999999999
0.2782199999999999
0.2782199999999999
0.2782199999999999
0.2782199999999999
0.2782199999999999
0.2782199999999999
0.2782199999999999
0.2782199999999999
0.2782199999999999
0.2782199999999999
0.2782199999999999
0.2782199999999999
0.2782199999999999
0.2782199999999999
0.2782199999999999
0.2782199999999999
0.2782199999999999
0.2782199999999999
0.2782199999999999
0.2782199999999999
0.2782199999999999
0.2782199999999999
0.2782199999999999
0.2782199999999999
0.2782199999999999
0.2782199999999999
0.2782199999999999
0.2782199999999999
0.2782199999999999
0.2782199999999999
0.2782199999999999
0.2782199999999999
0.2782199999999999
0.2782199999999999
0.2782199999999999
0.2782199999999999
0.2782199999999999
0.2782199999999999
0.2782199999999999
0.2782199999999999
0.2782199999999999
0.2782199999999999
0.2782199999999999
0.2782199999999999
0.2782199999999999
0.2782199999999999
0.2782199999999999
0.2782199999999999
0.2782199999999999
0.2782199999999999
0.2782199999999999
0.2782199999999999
0.2782199999999999
0.2782199999999999
0.2782199999999999
0.2782199999999999
0.2782199999999999
0.2782199999999999
0.2782199999999999
0.2782199999999999
0.2782199999999999
0.2782199999999999
0.2782199999999999
0.27839599999999975
0.27839599999999975
0.27839599999999975
0.27839599999999975
0.27839599999999975
0.27839599999999975
0.27839599999999975
0.27839599999999975
0.27839599999999975
0.28030399999999994
0.28030399999999994
0.28030399999999994
0.28030399999999994
0.28030399999999994
0.28030399999999994
0.28030399999999994
0.28030399999999994
0.28030399999999994
0.2808919999999999
0.2808919999999999
0.2808919999999999
0.2808919999999999
0.2808919999999999
0.2808919999999999
0.2808919999999999
0.2808919999999999
0.2808919999999999
0.2808919999999999
0.2808919999999999
0.2808919999999999
0.2808919999999999
0.2808919999999999
0.2808919999999999
0.2808919999999999
0.2808919999999999
0.2808919999999999
0.2808919999999999
0.2808919999999999
0.2808919999999999
0.2808919999999999
0.2808919999999999
0.2808919999999999
0.2808919999999999
0.2808919999999999
0.2808919999999999
0.2808919999999999
0.2808919999999999
0.2808919999999999
0.2808919999999999
0.2808919999999999
0.2808919999999999
0.2808919999999999
0.2808919999999999
0.2808919999999999
0.2808919999999999
0.2808919999999999
0.2808919999999999
0.2808919999999999
0.2808919999999999
0.2808919999999999
0.2808919999999999
0.2808919999999999
0.2808919999999999
0.2808919999999999
0.2808919999999999
0.2808919999999999
0.2808919999999999
0.2808919999999999
0.2808919999999999
0.2808919999999999
0.2808919999999999
0.2808919999999999
0.2808919999999999
0.2808919999999999
0.2808919999999999
0.2808919999999999
0.2808919999999999
0.2808919999999999
0.2808919999999999
0.2808919999999999
0.2808919999999999
0.2808919999999999
0.2808919999999999
0.2808919999999999
0.2808919999999999
0.2808919999999999
0.2808919999999999
0.2808919999999999
0.2808919999999999
0.2808919999999999
0.2808919999999999
0.2808919999999999
0.2808919999999999
0.2808919999999999
0.2808919999999999
0.2808919999999999
0.2808919999999999
0.2808919999999999
0.2808919999999999
0.2808919999999999
0.2808919999999999
0.2808919999999999
0.2808919999999999
0.2808919999999999
0.2808919999999999
0.2808919999999999
0.2808919999999999
0.2808919999999999
0.2808919999999999
0.2808919999999999
0.2808919999999999
0.2808919999999999
0.2808919999999999
0.2808919999999999
0.2808919999999999
0.2808919999999999
0.2808919999999999
0.2808919999999999
0.2808919999999999
0.2808919999999999
0.2808919999999999
0.2808919999999999
0.2808919999999999
0.2808919999999999
0.2808919999999999
0.2808919999999999
0.2808919999999999
0.2808919999999999
0.2808919999999999
0.2808919999999999
0.2808919999999999
0.2808919999999999
0.2808919999999999
0.2808919999999999
0.2808919999999999
0.2808919999999999
0.2808919999999999
0.2808919999999999
0.2808919999999999
0.2808919999999999
0.2808919999999999
0.2808919999999999
0.2808919999999999
0.2815679999999999
0.2815679999999999
0.2815679999999999
0.2815679999999999
0.2815679999999999
0.2815679999999999
0.2815679999999999
0.2815679999999999
0.2815679999999999
0.2815679999999999
0.2815679999999999
0.2815679999999999
0.2815679999999999
0.2815679999999999
0.2815679999999999
0.2815679999999999
0.2815679999999999
0.2815679999999999
0.2815679999999999
0.2815679999999999
0.2815679999999999
0.2815679999999999
0.2815679999999999
0.2815679999999999
0.2815679999999999
0.2815679999999999
0.2815679999999999
0.2815679999999999
0.2815679999999999
0.2815679999999999
0.2815679999999999
0.2815679999999999
0.2815679999999999
0.2815679999999999
0.2815679999999999
0.2815679999999999
0.2815679999999999
0.2815679999999999
0.2815679999999999
0.2815679999999999
0.2815679999999999
0.2815679999999999
0.2815679999999999
0.2815679999999999
0.2815679999999999
0.2886519999999998
0.2886519999999998
0.2886519999999998
0.2886519999999998
0.2886519999999998
0.2886519999999998
0.2886519999999998
0.2886519999999998
0.2886519999999998
0.2886519999999998
0.2886519999999998
0.2886519999999998
0.2886519999999998
0.2886519999999998
0.2886519999999998
0.2886519999999998
0.2886519999999998
0.2886519999999998
0.2886519999999998
0.2886519999999998
0.2886519999999998
0.2886519999999998
0.2886519999999998
0.2886519999999998
0.2886519999999998
0.2886519999999998
0.2886519999999998
0.2886519999999998
0.2886519999999998
0.2886519999999998
0.2886519999999998
0.2886519999999998
0.2886519999999998
0.2886519999999998
0.2886519999999998
0.2886519999999998
0.2886519999999998
0.2886519999999998
0.2886519999999998
0.2886519999999998
0.2886519999999998
0.2886519999999998
0.2886519999999998
0.2886519999999998
0.2886519999999998
0.2886519999999998
0.2886519999999998
0.2886519999999998
0.2886519999999998
0.2886519999999998
0.2886519999999998
0.2886519999999998
0.2886519999999998
0.2886519999999998
0.2886519999999998
0.2886519999999998
0.2886519999999998
0.2886519999999998
0.2886519999999998
0.2886519999999998
0.2886519999999998
0.2886519999999998
0.2886519999999998
0.2886519999999998
0.2886519999999998
0.2886519999999998
0.2886519999999998
0.2886519999999998
0.2886519999999998
0.2886519999999998
0.2886519999999998
0.2886519999999998
0.2886519999999998
0.2886519999999998
0.2886519999999998
0.2886519999999998
0.2886519999999998
0.2886519999999998
0.2886519999999998
0.2886519999999998
0.2886519999999998
0.2886519999999998
0.2886519999999998
0.2886519999999998
0.2886519999999998
0.2886519999999998
0.2886519999999998
0.2886519999999998
0.2886519999999998
0.2886519999999998
0.2886519999999998
0.2886519999999998
0.2886519999999998
0.2886519999999998
0.2886519999999998
0.2886519999999998
0.2886519999999998
0.2886519999999998
0.2886519999999998
0.2886519999999998
0.2886519999999998
0.2886519999999998
0.2886519999999998
0.2886519999999998
0.2886519999999998
0.2886519999999998
0.2886519999999998
0.2886519999999998
0.2886519999999998
0.2886519999999998
0.2886519999999998
0.2886519999999998
0.2886519999999998
0.2886519999999998
0.2886519999999998
0.2886519999999998
0.2886519999999998
0.2886519999999998
0.2886519999999998
0.2886519999999998
0.2886519999999998
0.2886519999999998
0.2886519999999998
0.2886519999999998
0.2886519999999998
0.2886519999999998
0.2886519999999998
0.2886519999999998
0.2886519999999998
0.2886519999999998
0.2886519999999998
0.2886519999999998
0.2886519999999998
0.2886519999999998
0.2886519999999998
0.2886519999999998
0.2886519999999998
0.2886519999999998
0.2886519999999998
0.2886519999999998
0.2886519999999998
0.2886519999999998
0.2886519999999998
0.2886519999999998
0.2886519999999998
0.2886519999999998
0.2886519999999998
0.2886519999999998
0.2886519999999998
0.2886519999999998
0.2886519999999998
0.2886519999999998
0.2886519999999998
0.2886519999999998
0.2886519999999998
0.2886519999999998
0.2886519999999998
0.2886519999999998
0.2886519999999998
0.2886519999999998
0.2886519999999998
0.2886519999999998
0.2886519999999998
0.2886519999999998
0.2886519999999998
0.2886519999999998
0.2886519999999998
0.2886519999999998
0.2886519999999998
0.2886519999999998
0.2886519999999998
0.2886519999999998
0.2886519999999998
0.2886519999999998
0.2886519999999998
0.2886519999999998
0.2886519999999998
0.2886519999999998
0.2886519999999998
0.2886519999999998
0.2886519999999998
0.2886519999999998
0.2886519999999998
0.2886519999999998
0.2886519999999998
0.2886519999999998
0.2886519999999998
0.2886519999999998
0.2886519999999998
0.2886519999999998
0.2886519999999998
0.2886519999999998
0.2886519999999998
0.2886519999999998
0.2886519999999998
0.2886519999999998
0.2886519999999998
0.2886519999999998
0.2886519999999998
0.2886519999999998
0.2886519999999998
0.2886519999999998
0.2886519999999998
0.2886519999999998
0.2886519999999998
0.2886519999999998
0.2886519999999998
0.2886519999999998
0.2886519999999998
0.2886519999999998
0.2886519999999998
0.2886519999999998
0.2886519999999998
0.2886519999999998
0.2886519999999998
0.2886519999999998
0.2886519999999998
0.2886519999999998
0.2886519999999998
0.2886519999999998
0.2886519999999998
0.2886519999999998
0.2886519999999998
0.2886519999999998
0.2886519999999998
0.2886519999999998
0.2886519999999998
0.2886519999999998
0.2886519999999998
0.2886519999999998
0.2886519999999998
0.2886519999999998
0.2886519999999998
0.2886519999999998
0.2886519999999998
0.2886519999999998
0.2886519999999998
0.2886519999999998
0.2886519999999998
0.2886519999999998
0.2886519999999998
0.2886519999999998
0.2886519999999998
0.2886519999999998
0.2886519999999998
0.2886519999999998
0.2886519999999998
0.2886519999999998
0.2886519999999998
0.2886519999999998
0.2886519999999998
0.2886519999999998
0.2886519999999998
0.2886519999999998
0.2886519999999998
0.2886519999999998
0.2886519999999998
0.2886519999999998
0.2886519999999998
0.2886519999999998
0.2886519999999998
0.2886519999999998
0.2886519999999998
0.2886519999999998
0.2886519999999998
0.2886519999999998
0.2886519999999998
0.2886519999999998
0.2886519999999998
0.2886519999999998
0.2886519999999998
0.2886519999999998
0.2886519999999998
0.2886519999999998
0.2886519999999998
0.2886519999999998
0.2886519999999998
0.2886519999999998
0.2886519999999998
0.2886519999999998
0.2886519999999998
0.2886519999999998
0.2886519999999998
0.2886519999999998
0.2886519999999998
0.2886519999999998
0.2886519999999998
0.2886519999999998
0.2886519999999998
0.2886519999999998
0.2886519999999998
0.2886519999999998
0.2886519999999998
0.2886519999999998
0.2886519999999998
0.2886519999999998
0.2886519999999998
0.2886519999999998
0.2886519999999998
0.2886519999999998
0.2886519999999998
0.2886519999999998
0.2886519999999998
0.2886519999999998
0.2886519999999998
0.2886519999999998
0.2886519999999998
0.2886519999999998
0.2886519999999998
0.2886519999999998
0.2886519999999998
0.2886519999999998
0.2886519999999998
0.2886519999999998
0.2886519999999998
0.2886519999999998
0.2886519999999998
0.2886519999999998
0.2886519999999998
0.2886519999999998
0.2886519999999998
0.2886519999999998
0.2886519999999998
0.2886519999999998
0.2886519999999998
0.2886519999999998
0.2886519999999998
0.2886519999999998
0.2886519999999998
0.2886519999999998
0.2886519999999998
0.2886519999999998
0.2886519999999998
0.2886519999999998
0.2886519999999998
0.2886519999999998
0.2886519999999998
0.2886519999999998
0.2886519999999998
0.2886519999999998
0.2886519999999998
0.2886519999999998
0.2886519999999998
0.2886519999999998
0.2886519999999998
0.2886519999999998
0.2886519999999998
0.2886519999999998
0.2886519999999998
0.2886519999999998
0.2886519999999998
0.2886519999999998
0.2886519999999998
0.2886519999999998
0.2886519999999998
0.2886519999999998
0.2886519999999998
0.2886519999999998
0.2886519999999998
0.2886519999999998
0.2886519999999998
0.2886519999999998
0.2886519999999998
0.2886519999999998
0.2886519999999998
0.2886519999999998
0.2886519999999998
0.2886519999999998
0.2886519999999998
0.2886519999999998
0.2886519999999998
0.2886519999999998
0.2886519999999998
0.2886519999999998
0.2886519999999998
0.2886519999999998
0.2886519999999998
0.2886519999999998
0.2886519999999998
0.2886519999999998
0.2886519999999998
0.2886519999999998
0.2886519999999998
0.2886519999999998
0.2886519999999998
0.2886519999999998
0.2886519999999998
0.2886519999999998
0.2886519999999998
0.2886519999999998
0.2886519999999998
0.2886519999999998
0.2886519999999998
0.2886519999999998
0.2886519999999998
0.2886519999999998
0.2886519999999998
0.2886519999999998
0.2886519999999998
0.2886519999999998
0.2886519999999998
0.2886519999999998
0.2886519999999998
0.2886519999999998
0.2886519999999998
0.2886519999999998
0.2886519999999998
0.2886519999999998
0.2886519999999998
0.2886519999999998
0.2886519999999998
0.2886519999999998
0.2886519999999998
0.2886519999999998
0.2886519999999998
0.2886519999999998
0.2886519999999998
0.2886519999999998
0.2886519999999998
0.2886519999999998
0.2886519999999998
0.2886519999999998
0.2886519999999998
0.2886519999999998
0.2886519999999998
0.2886519999999998
0.2886519999999998
0.2886519999999998
0.2886519999999998
0.2886519999999998
0.2886519999999998
0.2886519999999998
0.2886519999999998
0.2886519999999998
0.2886519999999998
0.2886519999999998
0.2886519999999998
0.2886519999999998
0.2886519999999998
0.2886519999999998
0.2886519999999998
0.2886519999999998
0.2886519999999998
0.2886519999999998
0.2886519999999998
0.2886519999999998
0.2886519999999998
0.2886519999999998
0.2886519999999998
0.2886519999999998
0.2886519999999998
0.2886519999999998
0.2886519999999998
0.2886519999999998
0.2886519999999998
0.2886519999999998
0.2886519999999998
0.2886519999999998
0.2886519999999998
0.2886519999999998
0.2886519999999998
0.2886519999999998
0.2886519999999998
0.2886519999999998
0.2886519999999998
0.2886519999999998
0.2886519999999998
0.2886519999999998
0.29111200000000037
0.29111200000000037
0.29111200000000037
0.29179200000000016
0.29179200000000016
0.29179200000000016
0.29179200000000016
0.29179200000000016
0.29280400000000023
0.29280400000000023
0.2930200000000003
0.2930200000000003
0.2930200000000003
0.2930200000000003
0.2930200000000003
0.2930200000000003
0.2930200000000003
0.2930200000000003
0.2930200000000003
0.2930200000000003
0.2930200000000003
0.2930200000000003
0.2930200000000003
0.2930200000000003
0.2930200000000003
0.2930200000000003
0.2930200000000003
0.2930200000000003
0.2930200000000003
0.2930200000000003
0.2930200000000003
0.2930200000000003
0.2930200000000003
0.2930200000000003
0.2930200000000003
0.2930200000000003
0.2930200000000003
0.2930200000000003
0.2930200000000003
0.2930200000000003
0.2930200000000003
0.2930200000000003
0.2930200000000003
0.2930200000000003
0.2930200000000003
0.2930200000000003
0.2930200000000003
0.2930200000000003
0.2930200000000003
0.2930200000000003
0.2930200000000003
0.2930200000000003
0.2930200000000003
0.2930200000000003
0.2930200000000003
0.2930200000000003
0.2930200000000003
0.2930200000000003
0.2930200000000003
0.2930200000000003
0.2930200000000003
0.2930200000000003
0.2930200000000003
0.2930200000000003
0.2930200000000003
0.2930200000000003
0.2930200000000003
0.2930200000000003
0.2930200000000003
0.2930200000000003
0.2930200000000003
0.2930200000000003
0.2930200000000003
0.2930200000000003
0.2930200000000003
0.2930200000000003
0.2930200000000003
0.2930200000000003
0.2930200000000003
0.2930200000000003
0.2930200000000003
0.2930200000000003
0.2930200000000003
0.2930200000000003
0.2930200000000003
0.2930200000000003
0.2930200000000003
0.2930200000000003
0.2930200000000003
0.2930200000000003
0.2930200000000003
0.2930200000000003
0.2930200000000003
0.2930200000000003
0.2930200000000003
0.2930200000000003
0.2930200000000003
0.2930200000000003
0.2930200000000003
0.2930200000000003
0.2930200000000003
0.2930200000000003
0.2930200000000003
0.2930200000000003
0.2930200000000003
0.2930200000000003
0.2930200000000003
0.2930200000000003
0.2930200000000003
0.2930200000000003
0.2930200000000003
0.2930200000000003
0.2930200000000003
0.2930200000000003
0.2930200000000003
0.2930200000000003
0.2930200000000003
0.2930200000000003
0.2930200000000003
0.2930200000000003
0.2930200000000003
0.2930200000000003
0.2930200000000003
0.2930200000000003
0.2930200000000003
0.2930200000000003
0.2930200000000003
0.2930200000000003
0.2930200000000003
0.2930200000000003
0.2930200000000003
0.2930200000000003
0.2930200000000003
0.2930200000000003
0.2930200000000003
0.2930200000000003
0.2930200000000003
0.2930200000000003
0.2930200000000003
0.2930200000000003
0.2930200000000003
0.2930200000000003
0.2930200000000003
0.2930200000000003
0.2930200000000003
0.2930200000000003
0.2930200000000003
0.2930200000000003
0.2930200000000003
0.2930200000000003
0.2930200000000003
0.2930200000000003
0.2930200000000003
0.2930200000000003
0.2930200000000003
0.2930200000000003
0.2930200000000003
0.2930200000000003
0.2930200000000003
0.2930200000000003
0.2930200000000003
0.2930200000000003
0.2930200000000003
0.2930200000000003
0.2930200000000003
0.2930200000000003
0.2930200000000003
0.2930200000000003
0.2930200000000003
0.2930200000000003
0.2930200000000003
0.2930200000000003
0.2930200000000003
0.2974200000000002
0.2974200000000002
0.2974200000000002
0.2974200000000002
0.2974200000000002
0.2974200000000002
0.2974200000000002
0.2974200000000002
0.2974200000000002
0.2974200000000002
0.2974200000000002
0.2974200000000002
0.2974200000000002
0.2974200000000002
0.2974200000000002
0.2974200000000002
0.2974200000000002
0.2974200000000002
0.2974200000000002
0.2974200000000002
0.2974200000000002
0.2974200000000002
0.2974200000000002
0.2974200000000002
0.2974200000000002
0.2974200000000002
0.2974200000000002
0.2974200000000002
0.2974200000000002
0.2974200000000002
0.2974200000000002
0.2974200000000002
0.2974200000000002
0.2974200000000002
0.2974200000000002
0.2974200000000002
0.2974200000000002
0.2974200000000002
0.2974200000000002
0.2974200000000002
0.2974200000000002
0.2974200000000002
0.2974200000000002
0.2974200000000002
0.2974200000000002
0.2974200000000002
0.2974200000000002
0.2974200000000002
0.2974200000000002
0.2974200000000002
0.2974200000000002
0.2974200000000002
0.2974200000000002
0.2974200000000002
0.2974200000000002
0.2974200000000002
0.2974200000000002
0.2974200000000002
0.2974200000000002
0.2974200000000002
0.2974200000000002
0.2974200000000002
0.2974200000000002
0.2974200000000002
0.2974200000000002
0.2974200000000002
0.2974200000000002
0.2974200000000002
0.2974200000000002
0.2974200000000002
0.2974200000000002
0.2974200000000002
0.2974200000000002
0.2974200000000002
0.2974200000000002
0.2974200000000002
0.2974200000000002
0.2974200000000002
0.2974200000000002
0.2974200000000002
0.2974200000000002
0.2974200000000002
0.2974200000000002
0.2974200000000002
0.2974200000000002
0.2974200000000002
0.2974200000000002
0.2974200000000002
0.2974200000000002
0.2974200000000002
0.2974200000000002
0.2974200000000002
0.2974200000000002
0.2974200000000002
0.2974200000000002
0.2974200000000002
0.2974200000000002
0.2974200000000002
0.2974200000000002
0.2974200000000002
0.2974200000000002
0.2974200000000002
0.2974200000000002
0.2974200000000002
0.2974200000000002
0.2974200000000002
0.2974200000000002
0.2974200000000002
0.2974200000000002
0.2974200000000002
0.2974200000000002
0.2974200000000002
0.2974200000000002
0.2974200000000002
0.2974200000000002
0.2974200000000002
0.2974200000000002
0.2974200000000002
0.2974200000000002
0.2974200000000002
0.2974200000000002
0.2974200000000002
0.2974200000000002
0.2974200000000002
0.2974200000000002
0.2974200000000002
0.2974200000000002
0.2974200000000002
0.2974200000000002
0.2974200000000002
0.2974200000000002
0.2974200000000002
0.2974200000000002
0.2974200000000002
0.2974200000000002
0.2974200000000002
0.2974200000000002
0.2974200000000002
0.2974200000000002
0.2974200000000002
0.2974200000000002
0.2974200000000002
0.2974200000000002
0.2974200000000002
0.2974200000000002
0.2974200000000002
0.2974200000000002
