-0.023704000000000027
0.00438800000000002
0.014348000000000005
0.041772
0.03893200000000003
0.03712000000000002
0.04308800000000001
0.04479600000000003
0.058104000000000045
0.05769200000000004
0.066524
0.071552
0.07522399999999997
0.08618799999999996
0.08208399999999993
0.08443999999999993
0.08288399999999997
0.08487199999999996
0.09263600000000001
0.08899199999999997
0.09735999999999999
0.09748800000000005
0.09894800000000002
0.09871599999999996
0.10921199999999999
0.10908399999999999
0.10579200000000002
0.11173999999999994
0.10674799999999998
0.10427600000000002
0.112568
0.10009599999999992
0.11178400000000001
0.11782799999999995
0.11155600000000002
0.11044399999999999
0.11195999999999992
0.11908000000000006
0.12108800000000003
0.11764000000000012
0.12041200000000007
0.11843600000000004
0.12223200000000013
0.12308400000000015
0.11867600000000013
0.11813200000000006
0.12404400000000007
0.11537599999999998
0.12355600000000012
0.1138920000000001
0.12636800000000017
0.125192
0.12942400000000015
0.12754400000000002
0.13125599999999996
0.134568
0.13273199999999996
0.13395600000000008
0.13468000000000008
0.13146399999999991
0.13457599999999995
0.13115599999999997
0.13293599999999997
0.13402399999999998
0.134736
0.134304
0.14012000000000013
0.13546800000000006
0.12993999999999997
0.13723200000000008
0.14022000000000004
0.13795599999999997
0.13160399999999992
0.14357600000000012
0.1382
0.13503199999999993
0.1387799999999999
0.13368
0.13997999999999985
0.130868
0.140172
0.14668
0.14296000000000003
0.14416399999999985
0.144824
0.1449920000000001
0.1428960000000001
0.15283200000000005
0.1457880000000001
0.14812
0.144932
0.14597200000000013
0.150536
0.1490600000000001
0.146772
0.144516
0.15220000000000006
0.152428
0.1471440000000001
0.15138
0.1427760000000001
0.15742400000000004
0.15067999999999998
0.1581800000000001
0.15875199999999998
0.16155199999999992
0.1622679999999999
0.1708359999999999
0.16754799999999986
0.1720759999999998
0.17126399999999986
0.17597999999999994
0.16815999999999975
0.16653199999999996
0.1691159999999999
0.17509199999999978
0.17669599999999988
0.173748
0.1719559999999999
0.16421999999999995
0.17231999999999997
0.18201999999999996
0.17918799999999993
0.1842279999999999
0.17838799999999996
0.1845679999999999
0.1792519999999999
0.18725599999999998
0.18001599999999976
0.18647999999999995
0.18729199999999988
0.1915239999999999
0.1870199999999999
0.19099999999999992
0.18536799999999987
0.19142799999999988
0.18576399999999985
0.1853039999999999
0.18949999999999986
0.19443600000000003
0.18655199999999986
0.18182799999999988
0.19091600000000009
0.19133599999999987
0.19037599999999985
0.18583999999999984
0.19339999999999985
0.1904999999999999
0.19203999999999988
0.19173199999999982
0.19247599999999992
0.19266399999999986
0.1917959999999999
0.19775199999999987
0.18936799999999984
0.19627199999999986
0.19717199999999988
0.19676399999999988
0.19679599999999983
0.19684799999999994
0.19902399999999992
0.1993759999999999
0.1960119999999999
0.1984159999999999
0.19628799999999993
0.19889999999999988
0.1972639999999999
0.1935039999999999
0.19707999999999998
0.1942479999999999
0.1920799999999999
0.19799999999999998
0.18870799999999982
0.19423999999999994
0.1996359999999999
0.184784
0.19092799999999982
0.18869199999999992
0.19820799999999986
0.19070799999999982
0.1931799999999999
0.1963239999999998
0.19316399999999986
0.19676799999999986
0.19018399999999988
0.19026399999999982
0.19703599999999977
0.2001159999999999
0.1982559999999999
0.20135999999999987
0.19587999999999983
0.20418399999999978
0.20081199999999988
0.19659199999999988
0.19619199999999987
0.19787599999999986
0.19134399999999988
0.19407599999999986
0.18704799999999985
0.19044799999999995
0.19924000000000003
0.19803199999999987
0.19341199999999983
0.19629599999999983
0.1987079999999998
0.19521199999999989
0.198008
0.18946399999999983
0.20044799999999996
0.19166799999999978
0.19419999999999976
0.1924559999999998
0.19317199999999984
0.1942479999999998
0.19736399999999985
0.19343199999999983
0.1947759999999998
0.19211599999999981
0.1925519999999998
0.19735200000000003
0.19021200000000005
0.19706399999999993
0.19499999999999995
0.19623200000000005
0.19143999999999983
0.19567999999999983
0.203104
0.2059159999999999
0.20011999999999985
0.19529600000000005
0.20301599999999986
0.19784399999999996
0.201752
0.20009599999999994
0.20638799999999993
0.19933600000000004
0.21296399999999985
0.21374799999999997
0.20417199999999996
0.198156
0.20174400000000006
0.20582799999999998
0.20700399999999994
0.2061799999999999
0.20598799999999998
0.20348399999999991
0.20241600000000004
0.203216
0.20700399999999994
0.19950799999999996
0.204396
0.20843199999999998
0.203028
0.204496
0.201908
0.201808
0.2041959999999998
0.201284
0.20324799999999993
0.204724
0.20570399999999986
0.2094039999999999
0.20920000000000005
0.206252
0.20712799999999992
0.21292799999999992
0.20247199999999999
0.2005639999999999
0.19896
0.209804
0.21182799999999996
0.20863599999999993
0.20742400000000003
0.21156799999999995
0.2101399999999999
0.21101200000000003
0.20222799999999996
0.2023799999999999
0.20392000000000005
0.208772
0.20605599999999996
0.20903599999999992
0.21193199999999998
0.20543199999999998
0.20587200000000003
0.20559999999999995
0.20804800000000015
0.20796800000000004
0.19899600000000006
0.207892
0.20692799999999992
0.20840399999999987
0.20944799999999997
0.20951199999999995
0.2116159999999998
0.207112
0.20777600000000002
0.21135200000000004
0.20592800000000006
0.20747999999999997
0.20690399999999995
0.20588399999999996
0.21224400000000004
0.203336
0.20632400000000004
0.20437199999999991
0.20873599999999992
0.21010800000000004
0.20655599999999985
0.20618399999999987
0.20714000000000002
0.208936
0.20761599999999994
0.21522799999999992
0.21143599999999987
0.2069479999999999
0.2040519999999999
0.2047879999999999
0.2043880000000001
0.20299199999999998
0.2011439999999999
0.20366799999999993
0.21408799999999992
0.20687999999999998
0.20574799999999996
0.20888800000000005
0.21005599999999983
0.21008399999999988
0.20467599999999997
0.20077599999999998
0.2074559999999999
0.21214799999999995
0.21193200000000006
0.20369999999999994
0.20965599999999998
0.2050119999999999
0.20996400000000004
0.20744399999999996
0.200788
0.20812399999999998
0.20391600000000001
0.21204399999999987
0.20454399999999992
0.20781199999999994
0.20942399999999997
0.20474399999999993
0.20551599999999998
0.20878800000000006
0.20883199999999996
0.20890799999999995
0.20775999999999986
0.21020399999999995
0.2064959999999999
0.21135599999999996
0.197816
0.2048119999999999
0.20849600000000004
0.20376399999999986
0.20657599999999998
0.21079999999999988
0.21026400000000012
0.209756
0.20937999999999998
0.20563199999999998
0.20623599999999997
0.2094039999999998
0.20851599999999998
0.21372799999999992
0.21060399999999999
0.20674
0.20119999999999996
0.20714399999999986
0.21192800000000003
0.2080160000000001
0.20692799999999997
0.21278799999999998
0.21016000000000004
0.2117479999999999
0.20447599999999996
0.20821599999999993
0.207272
0.20666799999999988
0.2081039999999999
0.2024439999999999
0.20354799999999995
0.20474799999999996
0.20872799999999994
0.20955999999999994
0.208972
0.20564399999999983
0.2073919999999999
0.20829599999999993
0.20768799999999993
0.209404
0.20978799999999986
0.20758800000000002
0.21246800000000002
0.20590399999999995
0.20807999999999993
0.20835199999999987
0.2079999999999999
0.20591199999999998
0.20486799999999994
0.20994799999999997
0.20282399999999992
0.20939599999999986
0.2090519999999999
0.20698799999999992
0.21253599999999992
0.205796
0.20891999999999994
0.21113599999999993
0.20184799999999997
0.21262399999999992
0.20638799999999996
0.20237199999999994
0.20305199999999993
0.210048
0.20648799999999998
0.21041999999999988
0.21194399999999983
0.207752
0.20874
0.21294000000000002
0.20902799999999996
0.20634399999999986
0.21036400000000002
0.210392
0.21072400000000002
0.20887999999999993
0.2087959999999998
0.2036960000000001
0.2083679999999999
0.2124
0.21147200000000002
0.20591600000000004
0.20572
0.21115999999999985
0.2082480000000001
0.20552800000000002
0.2123000000000001
0.21001600000000006
0.20802800000000007
0.20782399999999993
0.21149999999999997
0.2124599999999999
0.21012799999999993
0.2117840000000001
0.20882000000000012
0.2061159999999998
0.21299599999999996
0.20629599999999992
0.21155600000000013
0.20841999999999994
0.21214799999999995
0.209044
0.20787199999999997
0.2054599999999999
0.20030799999999996
0.20488799999999996
0.21401599999999998
0.20863600000000007
0.207548
0.21686399999999997
0.211404
0.20492
0.2076999999999999
0.21324
0.21213199999999993
0.20690000000000006
0.21222799999999992
0.21043599999999996
0.21326399999999995
0.212848
0.20911600000000008
0.21019200000000016
0.21018000000000006
0.2136959999999999
0.2061
0.20953600000000006
0.20982000000000006
0.21206400000000003
0.21363200000000002
0.212948
0.21256000000000008
0.21321999999999994
0.21201199999999995
0.21507199999999999
0.21437599999999998
0.213684
0.20634
0.2139119999999999
0.21318800000000004
0.21421199999999993
0.20518400000000006
0.212756
0.208236
0.2144440000000001
0.20658399999999993
0.21323599999999987
0.21803199999999998
0.21374
0.212108
0.20847600000000002
0.210616
0.21084
0.2166119999999999
0.21344400000000005
0.21006
0.20984000000000005
0.21008400000000002
0.214408
0.2110640000000001
0.21009600000000006
0.21266799999999986
0.20407200000000006
0.21060800000000013
0.21255999999999994
0.20950000000000013
0.20756
0.212588
0.2045119999999999
0.213364
0.21326000000000003
0.21001200000000003
0.21069199999999996
0.21020400000000009
0.21495999999999985
0.21251599999999998
0.20759999999999995
0.21200399999999994
0.21342799999999998
0.20525200000000005
0.20488
0.21261599999999997
0.20334000000000013
0.2097
0.200992
0.20835600000000004
0.21425999999999998
0.21485199999999977
0.2142079999999999
0.20758800000000002
0.20780399999999996
0.21490399999999998
0.20787600000000006
0.21607999999999997
0.21177600000000002
0.2180159999999998
0.21049199999999993
0.21308800000000006
0.21667599999999992
0.2131639999999999
0.20994000000000004
0.2154439999999999
0.21322399999999989
0.21559599999999982
0.21507600000000002
0.2136319999999998
0.2105120000000001
0.21365999999999985
0.2126320000000001
0.20584800000000006
0.212932
0.21689199999999983
0.21516399999999994
0.205812
0.20928000000000002
0.21372400000000003
0.21090800000000004
0.21202000000000007
0.21814799999999981
0.2135799999999998
0.21184799999999987
0.21705600000000003
0.21156400000000003
0.21468799999999982
0.21796400000000007
0.21392000000000008
0.20926800000000012
0.21666400000000002
0.21331600000000003
0.21001599999999995
0.2154599999999999
0.21048000000000003
0.21611599999999984
0.21568800000000005
0.2059959999999999
0.21075999999999986
0.21598799999999993
0.21086400000000013
0.2127440000000001
0.21318399999999993
0.21411199999999989
0.214144
0.21194799999999991
0.2162999999999999
0.2084080000000001
0.21403999999999992
0.21323599999999987
0.21575599999999986
0.2139999999999999
0.21137599999999998
0.2090599999999999
0.21435199999999985
0.20832799999999999
0.21017199999999994
0.21613199999999994
0.2131040000000001
0.212044
0.20593199999999998
0.21135599999999985
0.21181199999999986
0.21400400000000006
0.20736799999999989
0.2155639999999999
0.209304
0.2153319999999999
0.20430399999999999
0.20790399999999995
0.20817999999999998
0.2131399999999999
0.21192800000000006
0.21511200000000003
0.21607999999999997
0.21610799999999986
0.2169919999999999
0.21506
0.21349200000000002
0.21379999999999985
0.21095200000000008
0.21746399999999994
0.21150399999999991
0.21401199999999998
0.21062800000000007
0.2147079999999999
0.21790400000000013
0.21348400000000006
0.20998400000000006
0.2136759999999999
0.21990399999999985
0.20775600000000005
0.20936399999999988
0.2123079999999998
0.21599199999999988
0.2166599999999999
0.21608799999999997
0.2135199999999998
0.21180799999999994
0.21419999999999978
0.21284399999999995
0.21685199999999985
0.2112679999999998
0.21774000000000002
0.21609599999999995
0.21804799999999983
0.2124119999999997
0.21176799999999993
0.21811599999999984
0.2138159999999999
0.211936
0.21030399999999977
0.21522799999999992
0.20921999999999985
0.2182119999999999
0.2158879999999999
0.2160279999999998
0.21067200000000008
0.21279199999999995
0.21035200000000012
0.21099200000000004
0.21245600000000003
0.21751599999999993
0.217948
0.21494799999999992
0.22013600000000005
0.21205199999999996
0.21232400000000007
0.21287199999999998
0.21757600000000002
0.2169239999999999
0.21453199999999975
0.21534400000000006
0.21613599999999977
0.2171239999999999
0.21357999999999994
0.2127920000000001
0.20479199999999997
0.21659599999999973
0.2110199999999998
0.221676
0.21593199999999985
0.219664
0.21153199999999978
0.21482799999999982
0.21085199999999976
0.21827999999999975
0.20561999999999997
0.21393199999999998
0.21263199999999996
0.21817599999999998
0.21419199999999988
0.2133079999999998
0.21409199999999992
0.21712800000000002
0.21852400000000002
0.21794799999999995
0.21163199999999985
0.2166239999999998
0.2141079999999999
0.2142880000000001
0.216648
0.21938400000000005
0.21087599999999998
0.2164840000000001
0.2172599999999999
0.21779199999999987
0.21917999999999999
0.21235999999999985
0.2132800000000001
0.21795999999999982
0.21254399999999996
0.21196399999999999
0.21242799999999976
0.2117279999999999
0.21830799999999986
0.21373200000000014
0.2130479999999999
0.21353999999999992
0.21084399999999992
0.21187199999999992
0.21932399999999988
0.21344399999999977
0.21509199999999992
0.2178480000000001
0.2078639999999998
0.21707199999999985
0.21671999999999986
0.21008000000000002
0.21644000000000013
0.20961999999999995
0.21205599999999994
0.2083479999999998
0.21380799999999986
0.20643999999999996
0.21637599999999993
0.210248
0.20982399999999993
0.21352799999999988
0.21624399999999988
0.20653199999999997
0.2164000000000001
0.21167199999999994
0.21697999999999984
0.20840799999999995
0.2153119999999998
0.2152799999999999
0.2148319999999999
0.212404
0.21758799999999998
0.2129199999999999
0.20744400000000002
0.21428800000000006
0.21836399999999986
0.21130399999999996
0.215196
0.21643600000000005
0.2126519999999999
0.2068759999999999
0.21506799999999998
0.21806799999999993
0.21534
0.21073199999999997
0.21298399999999992
0.2149319999999998
0.21532800000000007
0.21631599999999995
0.2153119999999999
0.21592400000000003
0.21664799999999987
0.21193600000000007
0.21516799999999997
0.2187439999999999
0.21858399999999983
0.2095400000000001
0.2170039999999998
0.21420799999999995
0.21430799999999986
0.21258400000000002
0.2159679999999998
0.21448799999999987
0.21389600000000009
0.21415999999999993
0.211588
0.2136919999999999
0.21645999999999982
0.21621199999999985
0.211892
0.21144000000000004
0.21378399999999997
0.21446799999999988
0.2148039999999999
0.21544399999999997
0.21905999999999995
0.21380799999999986
0.21070000000000005
0.21266399999999994
0.21091600000000008
0.20990399999999995
0.21748
0.21441600000000002
0.21484399999999979
0.21022
0.21737999999999993
0.2193840000000001
0.21636400000000008
0.21554400000000004
0.22117199999999984
0.22063599999999983
0.22195199999999968
0.2183679999999998
0.21377599999999983
0.20902799999999983
0.220104
0.21505199999999985
0.21551999999999988
0.21573599999999984
0.21500799999999987
0.21725599999999987
0.21549599999999985
0.21858799999999984
0.21672399999999975
0.2174199999999999
0.21474799999999977
0.21299199999999988
0.22366399999999972
0.22332399999999994
0.2211839999999998
0.2223479999999999
0.21938399999999988
0.21978799999999982
0.2241519999999997
0.22384400000000015
0.22265999999999964
0.2264359999999999
0.2244119999999998
0.22199199999999983
0.22532399999999989
0.22482
0.2258559999999998
0.22445199999999998
0.223852
0.21745599999999976
0.2252719999999999
0.2290519999999998
0.2239479999999999
0.23129999999999987
0.23396399999999967
0.22967200000000007
0.231132
0.2320199999999998
0.23395599999999986
0.23040799999999995
0.23507999999999987
0.23481600000000002
0.2358119999999999
0.22995999999999994
0.23502399999999984
0.2376559999999998
0.2312639999999999
0.23845600000000003
0.23544799999999985
0.234948
0.23641999999999974
0.23872399999999994
0.2396879999999998
0.23178399999999982
0.2403159999999999
0.23621599999999976
0.2311519999999999
0.23950799999999978
0.23381199999999977
0.2349319999999999
0.24032799999999985
0.23556399999999988
0.22887599999999989
0.24498799999999982
0.24003999999999973
0.24308799999999992
0.23804399999999978
0.23692399999999983
0.2404679999999998
0.23959999999999979
0.24360399999999982
0.2386679999999998
0.23885599999999968
0.24029199999999978
0.24359599999999995
0.23747199999999966
0.23466799999999985
0.23448799999999984
0.23985199999999976
0.23691599999999985
0.2435759999999998
0.2394799999999999
0.23783599999999974
0.24154399999999981
0.23913599999999988
0.23944399999999977
0.2397759999999998
0.23985599999999985
0.24366
0.23929599999999993
0.23479599999999992
0.23208799999999988
0.24172399999999983
0.2445159999999999
0.23665999999999998
0.24112400000000006
0.2425880000000001
0.24333600000000002
0.24289199999999986
0.24519599999999997
0.24211200000000016
0.24645600000000004
0.24157200000000012
0.23803199999999994
0.23748799999999984
0.2402920000000001
0.23368399999999992
0.2415959999999998
0.23871999999999985
0.24018000000000012
0.2404039999999999
0.23488800000000007
0.24492399999999992
0.24429199999999987
0.24307999999999996
0.24408399999999983
0.24357600000000013
0.23985999999999968
0.2477959999999999
0.23948399999999978
0.24439199999999997
0.2453679999999999
0.2404039999999998
0.24292799999999998
0.24323599999999992
0.24647999999999992
0.24546400000000007
0.24906000000000003
0.24458000000000016
0.24271599999999993
0.24135199999999996
0.2415679999999997
0.2398599999999999
0.2428
0.2424560000000001
0.24228399999999992
0.24649199999999996
0.24229599999999996
0.23816800000000002
0.23958799999999988
0.24194400000000013
0.23478400000000002
0.24036800000000003
0.23777999999999996
0.23962400000000006
0.24302400000000002
0.2390000000000001
0.24207999999999993
0.24370000000000006
0.23692399999999966
0.24111599999999989
0.23811599999999986
0.24090399999999995
0.23774
0.24276
0.2449919999999999
0.23586800000000002
0.24023200000000025
0.23742799999999983
0.23979999999999996
0.2404240000000003
0.23884000000000014
0.23602000000000012
0.2342000000000001
0.24058400000000005
0.24922800000000012
0.24951600000000007
0.2479239999999999
0.2465839999999999
0.2408360000000001
0.24517999999999993
0.244096
0.24379199999999993
0.24776800000000007
0.24215199999999995
0.24667199999999997
0.2451160000000001
0.24880000000000005
0.2487920000000001
0.2448120000000001
0.2445159999999999
0.24213199999999985
0.24525199999999978
0.24758800000000006
0.2397640000000001
0.24491599999999994
0.24958800000000012
0.24510800000000008
0.24181199999999986
0.243784
0.24785600000000008
0.24725599999999995
0.2417959999999999
0.24991600000000003
0.24890800000000007
0.2406440000000001
0.246284
0.24425600000000008
0.2420959999999998
0.24450400000000008
0.24033199999999993
0.24552400000000008
0.24437599999999998
0.2521040000000001
0.24630800000000022
0.24728399999999992
0.24519599999999991
0.24231599999999984
0.23930399999999985
0.24937999999999988
0.23573999999999984
0.2493360000000001
0.2535720000000002
0.2478599999999999
0.24507200000000007
0.24847199999999994
0.2418599999999999
0.250092
0.24356400000000009
0.23967599999999983
0.24895199999999995
0.24324000000000018
0.24610000000000012
0.24676000000000017
0.24483200000000002
0.24667599999999992
0.24633600000000005
0.24209200000000022
0.24594799999999992
0.24614399999999992
0.24586000000000027
0.24395200000000003
0.24776399999999998
0.24352000000000026
0.24525999999999998
0.2501320000000003
0.24845999999999996
0.24319999999999964
0.245452
0.2409679999999999
0.24196399999999998
0.2475039999999998
0.249444
0.24777599999999994
0.24455199999999996
0.24337200000000003
0.24015199999999987
0.2477
0.24472399999999994
0.24164799999999995
0.24370000000000008
0.24273599999999992
0.24249600000000004
0.25054800000000005
0.247912
0.2451079999999999
0.24539999999999995
0.24458000000000008
0.24307199999999984
0.24552799999999997
0.2469360000000001
0.24559600000000015
0.24107599999999998
0.24744000000000002
0.24106800000000012
0.23900800000000003
0.24167600000000006
0.24277199999999993
0.24322800000000006
0.24068799999999996
0.2439439999999999
0.24415599999999982
0.24572799999999992
0.24552399999999994
0.24473200000000012
0.2463000000000001
0.244792
0.24753999999999993
0.23904400000000006
0.24631600000000017
0.24652800000000002
0.24553999999999992
0.23941200000000004
0.24190799999999996
0.24625999999999995
0.24251999999999993
0.23549599999999987
0.2424920000000001
0.24459600000000004
0.23989999999999978
0.24046399999999996
0.24526799999999999
0.243848
0.24462400000000012
0.24306799999999984
0.24360400000000013
0.241804
0.24340800000000004
0.24646400000000004
0.2443599999999999
0.23777199999999998
0.24504799999999996
0.24148800000000006
0.24494800000000008
0.241128
0.24486800000000009
0.24145199999999994
0.2386
0.24938000000000002
0.2424960000000001
0.24923200000000006
0.24736799999999998
0.24265199999999995
0.2468519999999999
0.24356000000000014
0.24926400000000018
0.2434720000000001
0.24370399999999995
0.2443920000000001
0.242652
0.24192400000000003
0.23935999999999993
0.24651600000000012
0.24564000000000005
0.24665600000000004
0.247968
0.24820400000000023
0.24841199999999994
0.242348
0.24293599999999996
0.24786400000000022
0.24614800000000003
0.24496000000000012
0.23801599999999995
0.24438800000000024
0.241812
0.24588000000000002
0.24075999999999995
0.24410400000000013
0.24826799999999993
0.24258800000000025
0.24604399999999996
0.24664400000000022
0.2434720000000001
0.2469920000000001
0.24902400000000002
0.24726400000000012
0.2389600000000001
0.24386800000000008
0.24249600000000018
0.24118000000000012
0.24775600000000017
0.2453880000000001
0.2460240000000003
0.24153200000000005
0.24193600000000007
0.2454240000000002
0.2455200000000002
0.24174400000000018
0.2363560000000001
0.2497920000000003
0.245908
0.234384
0.24359200000000028
0.2429880000000003
0.24915200000000018
0.2435480000000001
0.24090400000000003
0.24453600000000014
0.24562000000000003
0.24611600000000008
0.24098399999999998
0.24628400000000014
0.2390280000000001
0.2413560000000001
0.24158800000000005
0.24049600000000002
0.2459240000000003
0.24646800000000016
0.24193600000000015
0.24520400000000017
0.23722800000000002
0.24604800000000004
0.23863600000000007
0.2408320000000001
0.24428000000000002
0.24046399999999996
0.24559199999999987
0.24133199999999996
0.23968000000000012
0.24335999999999994
0.24474399999999996
0.2448879999999999
0.243988
0.24198000000000006
0.2438880000000002
0.24470399999999995
0.24988400000000002
0.248824
0.24702399999999994
0.2513800000000002
0.247756
0.25085999999999997
0.24628799999999998
0.248704
0.251108
0.2489040000000001
0.2504199999999999
0.23982799999999985
0.2434
0.24086
0.24700400000000008
0.252456
0.24702399999999994
0.24945999999999993
0.257748
0.2461079999999999
0.25133600000000006
0.25072000000000005
0.25148000000000004
0.24858399999999992
0.24949199999999996
0.25061199999999995
0.250352
0.246
0.24575600000000003
0.25166800000000017
0.25250800000000007
0.24554400000000004
0.24771200000000013
0.25492400000000004
0.25327599999999995
0.24786000000000008
0.24815200000000018
0.24638400000000002
0.24186
0.25210000000000016
0.24618
0.25468799999999997
0.25526000000000004
0.2501199999999999
0.24861200000000008
0.24340400000000004
0.25690400000000013
0.24800399999999995
0.25080000000000024
0.2521520000000002
0.24347600000000003
0.2508880000000003
0.25203200000000014
0.24765200000000012
0.2498800000000001
0.2494480000000002
0.24804000000000023
0.25794000000000006
0.2525840000000001
0.2525239999999999
0.24795600000000023
0.25204000000000026
0.2477880000000002
0.25157200000000024
0.25194800000000006
0.24922400000000025
0.24580000000000024
0.2548560000000001
0.24790400000000026
0.2517080000000003
0.2519480000000003
0.2503320000000002
0.2494200000000002
0.2537879999999999
0.2509840000000001
0.24470000000000022
0.2533480000000001
0.2494360000000001
0.2510640000000001
0.24641200000000016
0.25235600000000025
0.241616
0.24898800000000024
0.242732
0.24774800000000008
0.25284400000000024
0.24477599999999988
0.24730400000000008
0.2511879999999999
0.2486960000000002
0.24770800000000018
0.24228800000000006
0.238116
0.24914400000000014
0.24880400000000008
0.243
0.24893999999999988
0.2459440000000001
0.25045200000000034
0.2467360000000002
0.24582400000000007
0.24150400000000022
0.24829600000000004
0.24910800000000013
0.2462280000000002
0.253992
0.24866400000000008
0.24661999999999998
0.25245200000000007
0.24890800000000013
0.24936399999999997
0.24937600000000001
0.245952
0.24541600000000002
0.2493800000000001
0.24896800000000008
0.25092400000000004
0.25051999999999996
0.25033600000000017
0.24725600000000014
0.25070400000000015
0.24852399999999988
0.250548
0.24926800000000002
0.2478440000000001
0.25066400000000005
0.254204
0.24639200000000022
0.24641600000000008
0.25136800000000015
0.251976
0.2480960000000001
0.25026000000000015
0.250692
0.24744800000000006
0.251904
0.2509400000000001
0.25090399999999985
0.25406400000000007
0.24842800000000007
0.2439240000000002
0.24575600000000009
0.24730800000000014
0.2473240000000002
0.2548000000000002
0.252352
0.24568800000000018
0.2507120000000001
0.24161199999999994
0.2504680000000002
0.2512200000000002
0.24752400000000022
0.2543720000000001
0.2544240000000003
0.24762000000000006
0.2515240000000002
0.24385600000000013
0.2489920000000001
0.24635200000000018
0.24876000000000023
0.24954400000000015
0.25227200000000016
0.2512160000000002
0.24936000000000016
0.25424400000000014
0.25011600000000017
0.2458560000000002
0.24882800000000024
0.24883200000000016
0.24845200000000014
0.2547240000000001
0.2538240000000001
0.2512600000000002
0.2512360000000001
0.25238000000000016
0.2527800000000001
0.2504520000000001
0.24942400000000012
0.2552840000000002
0.25003600000000015
0.24832400000000016
0.25090400000000007
0.2541160000000001
0.24930000000000013
0.2482480000000002
0.24797600000000006
0.2521240000000002
0.254908
0.24872000000000022
0.2545080000000001
0.2535600000000003
0.2510280000000002
0.24954000000000023
0.24966400000000022
0.25286800000000015
0.24520800000000026
0.2521880000000001
0.2521200000000002
0.2530880000000002
0.25572800000000023
0.25054000000000026
0.25269600000000014
0.25680400000000014
0.24767200000000006
0.25258800000000015
0.2539880000000002
0.252472
0.24893200000000015
0.2519760000000002
0.2544520000000003
0.2546320000000001
0.2503400000000001
0.255408
0.25222400000000017
0.25654800000000005
0.24876400000000007
0.24591600000000013
0.24645200000000023
0.24845600000000032
0.25010000000000016
0.25426000000000015
0.2524680000000002
0.25638400000000017
0.25476400000000027
0.25145600000000023
0.2484960000000002
0.24553200000000025
0.25114800000000015
0.24992000000000017
0.24974000000000018
0.2522120000000001
0.25446000000000024
0.2523680000000001
0.2515280000000001
0.24874000000000024
0.25055600000000017
0.25774000000000025
0.25100000000000017
0.24424000000000015
0.24642000000000003
0.2476400000000002
0.2479080000000002
0.24641600000000016
0.25562000000000024
0.2473480000000001
0.2506040000000001
0.2573800000000001
0.24924000000000024
0.2528480000000002
0.2519440000000003
0.2508240000000001
0.25243200000000027
0.2474960000000002
0.24625600000000017
0.25403200000000026
0.2523240000000002
0.2511400000000001
0.2524360000000003
0.24133200000000007
0.2545440000000002
0.25386800000000037
0.25395600000000007
0.2534080000000001
0.25198000000000015
0.2570000000000001
0.2502240000000003
0.2524320000000002
0.2530720000000002
0.2473160000000002
0.2517360000000002
0.24921600000000022
0.24597600000000017
0.2549040000000002
0.2535440000000001
0.25104800000000016
0.2529400000000001
0.2545280000000002
0.252828
0.2520400000000001
0.25039600000000023
0.25402400000000014
0.25044000000000005
0.2500720000000002
0.2519280000000003
0.2508280000000002
0.24903200000000011
0.24756000000000017
0.2522240000000002
0.2527320000000001
0.25174000000000013
0.2548840000000002
0.24288400000000016
0.2457600000000001
0.2553519999999999
0.25152000000000013
0.2558640000000001
0.2574120000000002
0.25305600000000006
0.2463440000000001
0.2528240000000002
0.25093600000000005
0.24891200000000027
0.25291200000000014
0.25094400000000017
0.253124
0.24816000000000013
0.2516840000000002
0.24351600000000026
0.2532480000000002
0.24553600000000006
0.2521680000000002
0.24508000000000016
0.2507520000000002
0.24576800000000013
0.2470960000000001
0.24526800000000015
0.24842400000000003
0.2519640000000002
0.2546680000000002
0.24700800000000017
0.25287600000000016
0.2530080000000003
0.25251600000000013
0.2538080000000003
0.251596
0.2464440000000001
0.25252800000000025
0.2572520000000002
0.2481160000000001
0.25546800000000025
0.2493240000000002
0.2510800000000002
0.25310800000000017
0.2476160000000003
0.2518560000000002
0.25225200000000025
0.25216000000000033
0.2452840000000001
0.25341600000000014
0.25003600000000015
0.24712400000000007
0.2529040000000002
0.2511880000000002
0.25271600000000016
0.24909600000000015
0.24524
0.24652400000000016
0.2510240000000001
0.2563360000000002
0.25182400000000016
0.2496040000000002
0.24714400000000014
0.2525280000000001
0.2534040000000004
0.25193200000000004
0.2532160000000001
0.2531240000000004
0.24951600000000013
0.24936400000000017
0.2519880000000002
0.2536960000000002
0.24914400000000006
0.25524400000000025
0.2531680000000001
0.24848800000000015
0.2528600000000002
0.25357200000000024
0.25412000000000023
0.2537800000000002
0.24672000000000016
0.2496280000000001
0.2522040000000002
0.2452320000000002
0.24713600000000016
0.24653200000000014
0.25078400000000023
0.2528280000000001
0.2400400000000001
0.24787200000000026
0.24791600000000022
0.2530400000000002
0.2564520000000003
0.25417600000000046
0.25381200000000015
0.25341600000000014
0.25284400000000007
0.24744000000000002
0.24770800000000018
0.24448000000000014
0.25183200000000017
0.251968
0.24762400000000015
0.2580160000000002
0.24824800000000008
0.2541840000000002
0.25183200000000017
0.254384
0.24099200000000018
0.2549840000000002
0.2459760000000002
0.24876000000000012
0.2506520000000003
0.25049200000000005
0.25258800000000015
0.2510000000000002
0.24365599999999998
0.24983200000000005
0.25060400000000016
0.24863200000000024
0.25478000000000023
0.25130000000000013
0.24980000000000013
0.25341600000000003
0.25115200000000015
0.24658800000000014
0.2536640000000002
0.2508160000000002
0.24723200000000006
0.24876400000000026
0.2448160000000001
0.2547440000000002
0.24533200000000005
0.24826000000000004
0.25252400000000014
0.24557600000000002
0.25132800000000016
0.24498000000000006
0.2440720000000002
0.25392000000000015
0.2524360000000002
0.24836400000000008
0.24936000000000016
0.24850400000000036
0.23903999999999986
0.25057600000000013
0.25033200000000017
0.25165999999999994
0.24666400000000027
0.24148799999999995
0.25713600000000003
0.2528520000000003
0.24676400000000018
0.250336
0.25141600000000025
0.2456320000000001
0.24836
0.24692000000000022
0.2530640000000001
0.2476480000000001
0.24732000000000015
0.25257600000000013
0.2541680000000003
0.24533200000000016
0.25008
0.2507760000000002
0.2477240000000001
0.2485520000000002
0.25224400000000013
0.24824800000000008
0.2502080000000001
0.24852000000000013
0.24674399999999996
0.25062000000000023
0.25137600000000004
0.24584400000000037
0.25222000000000017
0.25219600000000014
0.2480080000000001
0.25271200000000016
0.2551600000000002
0.25000000000000006
0.24640000000000015
0.24946000000000004
0.2552920000000001
0.2527760000000003
0.2507200000000003
0.2529840000000004
0.2564920000000003
0.24613600000000024
0.2456360000000001
0.25635200000000025
0.2537840000000003
0.2556880000000003
0.2584560000000001
0.2504600000000002
0.2552080000000002
0.2574320000000002
0.2565760000000002
0.256648
0.2508520000000003
0.2551920000000001
0.24984000000000028
0.24688400000000046
0.2573480000000003
0.24540800000000013
0.2521640000000002
0.24728800000000023
0.254268
0.2501120000000002
0.2565560000000003
0.2501720000000001
0.2579000000000001
0.25161200000000017
0.25038000000000016
0.2567760000000002
0.2590840000000004
0.26004400000000033
0.24784000000000014
0.25508000000000025
0.25298400000000026
0.24893600000000024
0.25514400000000026
0.2522000000000002
0.2568720000000002
0.25951200000000024
0.25518800000000025
0.2547640000000003
0.2575120000000001
0.25348400000000026
0.2505000000000002
0.24772400000000017
0.25819200000000025
0.25458800000000026
0.25602000000000025
0.2561360000000002
0.2518640000000003
0.25717200000000046
0.24944000000000024
0.2567480000000002
0.2548200000000003
0.25708000000000036
0.2507680000000003
0.2557480000000002
0.2548960000000003
0.2573320000000003
0.25885200000000036
0.25862400000000035
0.2562760000000003
0.25718000000000035
0.2469760000000002
0.2535360000000002
0.25224400000000025
0.25971200000000016
0.2576920000000002
0.2601040000000002
0.24799200000000024
0.25128800000000023
0.25767200000000046
0.2549240000000003
0.25658800000000015
0.2587120000000003
0.2575040000000003
0.2503320000000002
0.2478320000000002
0.25148400000000004
0.25755600000000034
0.2518200000000002
0.24706400000000023
0.25704400000000016
0.25594400000000017
0.2580240000000002
0.2557880000000003
0.25697600000000026
0.2567880000000002
0.2599240000000004
0.25363200000000036
0.25378400000000023
0.25555200000000017
0.2545960000000002
0.2553480000000003
0.25478000000000034
0.24952000000000016
0.2503720000000002
0.25758000000000025
0.2542760000000004
0.25709200000000043
0.26125600000000004
0.2576640000000003
0.25153600000000026
0.25552400000000036
0.2531440000000004
0.25501200000000024
0.2560440000000002
0.25913200000000025
0.2580600000000001
0.2523200000000003
0.25799200000000017
0.25397200000000014
0.25951200000000013
0.2582120000000002
0.2558960000000002
0.25557600000000036
0.2577400000000001
0.2571560000000001
0.2524040000000001
0.253008
0.24251600000000012
0.25176000000000015
0.2518640000000003
0.2512440000000002
0.25914400000000026
0.25322800000000023
0.25575600000000026
0.25358000000000047
0.25064800000000026
0.25394400000000017
0.2541680000000002
0.2510560000000003
0.24873600000000023
0.25650800000000007
0.25548800000000044
0.25578800000000035
0.2580840000000003
0.25542800000000015
0.25495600000000024
0.24906800000000034
0.25309200000000026
0.2544880000000002
0.24720400000000026
0.26224000000000014
0.2472360000000002
0.25686400000000037
0.2548000000000002
0.2566640000000001
0.25466000000000033
0.25481200000000026
0.2541120000000003
0.2492640000000002
0.25607600000000036
0.2540600000000002
0.25857200000000025
0.2558840000000003
0.25748400000000027
0.2544400000000002
0.25336800000000026
0.25246000000000024
0.2560200000000003
0.25445200000000023
0.2508520000000003
0.24706800000000007
0.2485240000000001
0.25037200000000026
0.2553920000000002
0.24710800000000005
0.24998800000000038
0.2553600000000002
0.25364400000000015
0.25304400000000016
0.2549840000000001
0.2506360000000002
0.24995200000000017
0.25218000000000024
0.2548520000000002
0.2541720000000002
0.2539360000000002
0.25554000000000016
0.24125600000000014
0.2548240000000002
0.2523480000000001
0.2533200000000003
0.25149600000000016
0.25398400000000015
0.24775200000000017
0.25348000000000015
0.24435600000000007
0.24624000000000015
0.25507600000000014
0.24814000000000014
0.2541360000000001
0.2509640000000001
0.2532400000000001
0.2586480000000002
0.25522400000000006
0.25275600000000015
0.25334400000000046
0.24809200000000023
0.2521800000000002
0.2548520000000002
0.24984400000000018
0.25465200000000043
0.2501120000000003
0.24879600000000013
0.2561680000000003
0.2590320000000002
0.2525400000000002
0.24834000000000006
0.25170000000000003
0.24590000000000015
0.25295600000000024
0.24913600000000025
0.24961200000000025
0.25287200000000015
0.25228000000000017
0.25234000000000023
0.25124800000000025
0.2507680000000002
0.25508400000000025
0.2543600000000002
0.2561640000000004
0.24920000000000023
0.2548880000000001
0.24673600000000015
0.24698400000000006
0.2557400000000002
0.25356400000000023
0.2537080000000002
0.2500720000000002
0.25164400000000015
0.2529000000000004
0.2536480000000002
0.2508640000000002
0.2512280000000003
0.25758400000000004
0.25243200000000027
0.2559120000000002
0.24910800000000016
0.2539400000000003
0.248016
0.24256000000000003
0.2525560000000003
0.24712800000000015
0.25157600000000013
0.2491600000000004
0.24945600000000026
0.24801600000000013
0.25036800000000015
0.2493800000000002
0.24645600000000023
0.25298000000000026
0.25150000000000017
0.25118000000000024
0.24595200000000017
0.24253200000000003
0.2551600000000001
0.2524560000000002
0.2524360000000002
0.2525760000000002
0.25068000000000024
0.25361600000000006
0.2558920000000003
0.2545520000000004
0.251764
0.25879600000000025
0.25180400000000047
0.24740800000000018
0.24521600000000002
0.2580800000000003
0.2509080000000002
0.24798000000000026
0.25183200000000017
0.245572
0.2502120000000002
0.25394400000000017
0.2463360000000002
0.25288800000000017
0.25218400000000013
0.24475600000000014
0.2524400000000001
0.248676
0.2505240000000002
0.24925600000000023
0.2550600000000001
0.25452400000000003
0.2566560000000002
0.25158400000000025
0.2476920000000002
0.24948000000000026
0.25884400000000035
0.2498840000000003
0.24950800000000023
0.2532800000000002
0.24930000000000013
0.2545800000000003
0.25116400000000016
0.2524320000000001
0.2507720000000001
0.2549480000000001
0.2544880000000002
0.24467200000000008
0.25717600000000046
0.2518840000000001
