-0.007829086118304575
-0.0029174249025449715
-0.0014168462914235947
-0.0008142871989017212
-0.0004702171628292743
-0.000319838127950774
-0.0002545221071390274
-0.00016855927021797886
-0.00015250919885335295
-0.00012084682529682924
-7.618530810819793e-05
-3.5314044149087524e-05
-1.6381237628884277e-05
-2.5373210012438357e-05
-2.244757324615692e-05
-2.1776408787374576e-05
-7.417210071318663e-06
-1.1965770566731266e-05
-8.244249214544676e-06
5.437478431444094e-06
2.652047765242493e-05
4.3500077738578494e-05
4.2369116695159e-05
4.5825046821926886e-05
4.706564619438781e-05
5.323715257522766e-05
5.571283833300872e-05
6.015435369144379e-05
6.631401139985779e-05
7.947043559429595e-05
9.281519679874574e-05
0.00011273330156510102
0.0001786836154012628
0.000248382451756246
0.0003097750177854907
0.0003999859235137171
0.00043011630412126563
0.0004979888580151804
0.0006371300786850789
0.0007935567800902838
0.0007516137070046975
0.0007935752904496382
0.0009110617803039966
0.0009502505793421371
0.0011187045102888453
0.001270394061599567
0.0014080550738003895
0.0014712357371353291
0.0016442848083093437
0.0018447194024985333
0.0021385552191472805
0.002288347710708135
0.0024358043688906808
0.0024671136454542
0.0026328353176820556
0.002903348174188805
0.002754350303631135
0.002808247823316481
0.0028915358147009775
0.002846626551703507
0.002929869409441391
0.0029080134847648
0.0029120442516798396
0.003121205300755607
0.0031849409475644664
0.0031381758818985993
0.003607963471938673
0.0034202888058221127
0.003953972676870265
0.004168980904448591
0.004219848923158174
0.004391874826329933
0.004177219212000425
0.004223941885044082
0.00412199364283545
0.004341323643799783
0.004278333214841551
0.004401824915654405
0.004278218100939563
0.004469372160837702
0.004413606818310144
0.004379750534689305
0.004372192053678271
0.004382857527709355
0.00440215597379095
0.004706274703940038
0.004815329860458714
0.00504008273322639
0.005319969251549907
0.005216922759332479
0.00555140712810675
0.006030341295266464
0.005919676974127102
0.006371340380791679
0.006597285268003881
0.007112126136418656
0.006712891475393442
0.006770033702630672
0.007293741524826791
0.007130189972787828
0.007220070312727138
0.0076702708532009715
0.007783488983181474
0.00815821919454117
0.007785574506543401
0.008115819712959927
0.0077690500106791125
0.007992441873299028
0.008141794634720104
0.008769766434742761
0.008688747771747928
0.008650820958832697
0.00861030178416908
0.009127558891821272
0.009466395209023544
0.009483228445601585
0.009790647509965316
0.010245975899164528
0.010004464883183881
0.010157797331396379
0.010342382048080532
0.010720898179614526
0.010733103414653842
0.010788485670820174
0.010605651022478756
0.011242274051913217
0.0112601827576791
0.01129975204425865
0.011060459053764684
0.010961692696893226
0.011699097214526383
0.01132738334209523
0.011676437265286572
0.012092375935297758
0.011831173882097328
0.012157352305028657
0.012493405184156658
0.012268823632588863
0.012821203836518516
0.012557636255030863
0.013066747256368957
0.01301682069668691
0.01330272708107142
0.01313739927242387
0.01347303698803438
0.013332814585488002
0.01349095261720387
0.013723961555137354
0.013590260310920201
0.013931584290295477
0.014388019753717481
0.014045805493178425
0.014046774569705154
0.014273999198175348
0.013874415848215596
0.01462805545153161
0.014852016247800111
0.01478935848110215
0.014881135417364395
0.015348340967185473
0.014978003619889036
0.015130894400768974
0.014795186984666728
0.015509972484421233
0.015197710906620785
0.015904886860277256
0.015769930037641464
0.015190114979153664
0.015451902162806293
0.015838325362221375
0.016117251740765278
0.01547692056620789
0.015848444908757055
0.016048987104963518
0.016202039349724934
0.016201499180773633
0.015887481491333396
0.01640233986084121
0.01668690520735691
0.01675504558867531
0.016885569631821303
0.01715949123503006
0.01761617428543441
0.017870829153711285
0.017263052358099183
0.017729584622077865
0.01809563439126816
0.017949193244455836
0.01845209428363076
0.018163870667877016
0.018246967243520186
0.017943349966027658
0.018101772437690743
0.01806786208128771
0.018398151258651393
0.018867139924077438
0.018514292771805427
0.01809648241228306
0.01815173436387069
0.018718165808770847
0.018832201350482254
0.019676565995866115
0.018792330346428746
0.01891206467090286
0.018771466900136206
0.019059566250788265
0.01918038300327683
0.01905599893835287
0.019246618053128894
0.019373946020688055
0.01922090808231776
0.018676515145646437
0.019268823482078062
0.019136333850164628
0.018722390653535804
0.019129917547063866
0.01902588025870505
0.019209474433167856
0.018785648160126057
0.018711744603845084
0.018940826663173326
0.018758664491062834
0.019093412329748025
0.018863891826129506
0.019804914023655428
0.01922355793606846
0.019705689624453345
0.01949904478271838
0.01922818623197037
0.019411463843886482
0.01976099565228591
0.01966529470792168
0.01935056869685288
0.01930117296377264
0.01963403592512951
0.019773868662393376
0.019304067663061707
0.020083961822978426
0.019803135829530676
0.019352851685232174
0.01948333591264261
0.019666538774053655
0.01958235061746987
0.0191941046577867
0.019575102540948564
0.019175047898081273
0.019331960115454426
0.01990858148702425
0.01974548744208095
0.019719731843736578
0.020233476340076707
0.02011674670411931
0.0206456440981142
0.020414529338158845
0.019747356186732
0.020293218457653486
0.020226033577954525
0.020268814857298166
0.020449069389079498
0.020312485422445237
0.020080888303336035
0.020206466267021054
0.02007184628528488
0.020751338338963542
0.020205390342787333
0.020240473590873543
0.020988122048046315
0.020957896307436025
0.020727176645565858
0.020370495503602797
0.020952587413639437
0.021001091467344687
0.021039983653908426
0.020784850303222555
0.02036498015089445
0.02033567372873947
0.020868423507507776
0.02137590471780307
0.021366713023258717
0.020631262611218452
0.021181814714505528
0.022331655267224196
0.022057674676350194
0.021990030659723346
0.02123675452168792
0.02256636574488272
0.02302266099459096
0.02290953320834849
0.02274553277873199
0.02285101270742016
0.023022477353190247
0.023417231169354256
0.022656815586858736
0.024036902306498333
0.022745045099159422
0.024167335114145802
0.02408984607798366
0.023290448717763947
0.02397188492940999
0.024395118412439323
0.024023207168476005
0.024117169876954114
0.023442009468831203
0.024265497993512995
0.024709905878508458
0.024468778501908525
0.024133922545453323
0.023667561878779234
0.02430832401321587
0.024383637513446087
0.024712162817471624
0.02483681060665285
0.024683781201872933
0.024089528398122662
0.024528197562742764
0.02496997941813088
0.024458390596361356
0.025303213334834773
0.023763310881582032
0.023980832280230974
0.024569715566155156
0.02416625767477716
0.02416604187405673
0.024141620028169653
0.023752642524448545
0.02400128681989054
0.02469446948082437
0.02478979751612423
0.024880107613615487
0.025092289953372295
0.024851551335373742
0.02497601466045442
0.024158396420661966
0.02449640257114543
0.023377475000776898
0.024353220432328723
0.024357291805154953
0.024181489864815196
0.02345517843228377
0.02399953707006388
0.02390013346157828
0.023692234633857404
0.023325990040771447
0.023487305117850066
0.024049478928361734
0.024253760495154347
0.024793517043259453
0.024235443189442867
0.023725036248819924
0.02412204599444141
0.024763577178074238
0.023958155797554045
0.023929666941933304
0.0248441272748074
0.024690069406479408
0.02485626833395144
0.024177799115020108
0.02513005534892518
0.025166083268903107
0.024780563569006122
0.0249458065999129
0.02501607104650099
0.024674194957321798
0.024565477407864727
0.025132605627696168
0.024716219684212067
0.024988228226319634
0.024868870810411527
0.02506438807396425
0.02544465157946195
0.025352104562141348
0.02540001381942977
0.025157814717490328
0.02528989048933493
0.024753383764504856
0.02486788323471699
0.025021441003794796
0.025381380981306247
0.025093251500886152
0.025604116804136785
0.025159107010194394
0.025163073775438125
0.02529077221129385
0.02519764809503509
0.024915375436575914
0.024969216326062364
0.025573330655706567
0.024914283928102878
0.024919657671284453
0.025870981760562132
0.024957508357607888
0.02539896223160782
0.024760963779629375
0.025066620654010937
0.025186300461389227
0.02465732529433021
0.024147021341895135
0.025194009576196837
0.025579985922876046
0.025454443942725686
0.024995891141550475
0.025130882041384278
0.02503518094713255
0.02594289157469249
0.02625817930498532
0.02533137241902246
0.025237819458267488
0.024836927962572454
0.0249852120021488
0.02530301905416514
0.025262851366370628
0.025790078051460556
0.026103378779007303
0.025652993253273748
0.025291262478596806
0.025400729218090588
0.025903758335782102
0.025713092965143382
0.025758965205498318
0.025478169858629607
0.025941142649724868
0.02500930885375864
0.025066177385983556
0.024860951510731005
0.02578874790256118
0.02587558583556311
0.026138126793879887
0.025909246233038686
0.02498593924669587
0.026141630922967618
0.025725902904826934
0.02573600770102436
0.02546445027039829
0.025398540327695906
0.026095641999650133
0.025300096436416106
0.0254800175716283
0.025996521883977147
0.026138286248341788
0.025824845041450235
0.025906698259662547
0.026002273255452367
0.02565267139279587
0.02582456106281996
0.026032592053585685
0.025704233958313373
0.025463503536204142
0.0262816197576715
0.025453923434269048
0.025478993118714603
0.02604292650620694
0.026051540971102786
0.025809771143588133
0.026255532510784732
0.025918827364096328
0.026472291631215884
0.02557525162869034
0.025755141310115474
0.025754299957559602
0.026158000010984988
0.026306591480126755
0.025542525521411372
0.025922271347002285
0.026339475454032354
0.025478383431951874
0.025945706666472213
0.02610401388338806
0.025929682518621978
0.025759251155645924
0.025717369958776177
0.025895583246583854
0.02567641130535635
0.025709107154590165
0.026825679011338255
0.025579495955898854
0.02607361285209941
0.025552243926953724
0.0259194338565992
0.02635598286176602
0.026016792495181268
0.02593011660775352
0.025625993587043417
0.02612838125326351
0.02573211939578376
0.02594679274361695
0.025980246836367116
0.02587840672009304
0.025329104301955382
0.025849764950238475
0.025279892912401097
0.025365920078777443
0.02584592710605844
0.025739438420062145
0.026065391813945772
0.026022435525735216
0.025731534434351194
0.02518653700266125
0.025336676582333517
0.02526481613681334
0.025403237364984704
0.025230009517746996
0.025299774094707135
0.02534956947794628
0.025723009967404085
0.025193929328634804
0.025313034716146023
0.0267795304573654
0.025597925157469965
0.026288046438909408
0.027171668473656773
0.025443830174471674
0.025787554381496297
0.026268045514773443
0.025802591028078244
0.026186812248718962
0.026383502558360465
0.02600253704500357
0.026393070999061328
0.026069719760202253
0.02687028435147614
0.02665588134967675
0.026183811829496098
0.02718301953111534
0.025976150707003626
0.026867907615957014
0.027069490506891954
0.027424205494821295
0.027328598728490302
0.028502583908243492
0.027437442962731474
0.02772177914029134
0.02839672516672326
0.027550965895193028
0.02814381367309101
0.028270976635499382
0.028333215117642644
0.028416901677954104
0.028359572703713923
0.028990263063836442
0.028726096582009766
0.028725877859632435
0.028910983328751104
0.028402733691578752
0.029048780716205168
0.028558207706092388
0.029081457728384105
0.02881692954309226
0.028613987518233658
0.028314320059169028
0.028099040068606328
0.027812805077626596
0.028967165996201555
0.028267920372459048
0.02839646087162647
0.028121178945043308
0.02811794859928491
0.0285792367506496
0.028374446485021437
0.02866526371797924
0.029711947443317968
0.029063156597556067
0.029342585928660472
0.0285245968185642
0.02849564218754002
0.028999555182713944
0.029319723273379575
0.02855146707731142
0.029176608834135708
0.02908443890300957
0.028728585139019054
0.029039114414879087
0.02852723344915118
0.028751623061414006
0.02887176748520524
0.029320095023987122
0.029079107436533778
0.028986231098485627
0.029324559008577528
0.028131736938607856
0.0286048925840159
0.02923658121031945
0.028768764099734362
0.02899626895297185
0.0284695806647072
0.02891893540221307
0.02986924401254449
0.028949325048108706
0.0293720268365137
0.029086391099421766
0.029318296368664315
0.029688299936136423
0.028719824417090686
0.029916903998650244
0.029573220365368944
0.02908845779512682
0.028112135250787814
0.028786175245717166
0.02955465147395261
0.029225211054617
0.02993361931943996
0.029031487538864923
0.02896722268817119
0.02887241741306739
0.029792906793128137
0.029321307889354484
0.029251146757299434
0.029026639040592803
0.029385721276265927
0.029357515596394972
0.02895774603042743
0.03017661338788586
0.029202611282325704
0.028337789538618655
0.029657525693848344
0.029374592276751595
0.0296923874926197
0.029404290311577964
0.029262125103817524
0.02947453309754788
0.02982493967590873
0.0301296193133211
0.030193401374544564
0.02977009611069963
0.03078016445834781
0.030519587368124858
0.030028095305759624
0.03037761970512958
0.030495851342408075
0.0309657353031165
0.031078742870627615
0.03110529437274636
0.031422994910645444
0.031146671835420588
0.03105309276900029
0.0308339381859004
0.03141257747853486
0.030946944162325848
0.030832920545144374
0.0313990864780251
0.03135944092776126
0.030863643400653375
0.0313979708967663
0.031838520021943005
0.03077719644975375
0.03151927639586519
0.0316143847832481
0.03126930998186024
0.03130863855356392
0.03123025739602995
0.03104744712870271
0.03180238322944385
0.03220479539445269
0.03167256531189261
0.031892739015179854
0.032056129412256835
0.03163869783199218
0.03176797509598492
0.03235409885643827
0.03143180651288875
0.03240118307360639
0.03220714790399126
0.03219006046106387
0.031856097330737854
0.03190334767741487
0.0319115980149672
0.03257894529538561
0.0321704371015743
0.03288270031921098
0.032503360855244974
0.03226372113780224
0.03209476404515146
0.03276696186597681
0.03203462909292155
0.03276555015899383
0.0317372245842799
0.03355990647510688
0.03218662277024017
0.03308028648594454
0.032711079671160694
0.03225441002717636
0.03351842719897173
0.03317141978302121
0.03336164837095303
0.033202726089879495
0.03316281176912284
0.03244687181560689
0.03398013758468421
0.033592623393444404
0.03303324674655805
0.03331896312497027
0.032747360311522505
0.03285723573745997
0.03323312783064575
0.03307446056217961
0.03374297740319669
0.03351713831895193
0.03311068205996574
0.033550528744237515
0.0332296532331302
0.033593159637740705
0.03375074305210079
0.033892336431712626
0.03407727599868339
0.03358179596220016
0.033063908056478734
0.033671231122934894
0.03330188892774989
0.03330426414535531
0.03338163445424487
0.03327636253904287
0.03382655767780806
0.03328667284373126
0.033503303906510885
0.03305780755192108
0.0343072625421447
0.03384043622224248
0.0332723192778375
0.03299473500283354
0.03344921901715981
0.03420718641260366
0.034098665496425686
0.03278625206858499
0.033144473944097405
0.034028197296546166
0.03309005856947706
0.033587418249247006
0.03334709635585023
0.03331089745267886
0.03338365197339319
0.03295616826131151
0.032709599344179115
0.03280290308106961
0.03313869470512834
0.03332972880674006
0.033246341420539754
0.03362179690026228
0.03259775529283324
0.03327352072542044
0.03344749818369972
0.03305469476991043
0.03262124088379891
0.032988894148885624
0.033027302151780395
0.03309535862979097
0.03395773526558747
0.034305219195479526
0.03360314833485157
0.03361419136183077
0.0340646825974953
0.034592763526232244
0.03453587293176759
0.03415918861960333
0.033534611904617984
0.03395337376636242
0.034359956987131436
0.03449533838996247
0.033070903403148645
0.034349545028861256
0.03494692573895906
0.034586477864716365
0.033688896390476425
0.03424550112587491
0.0353240314525047
0.03395394194370351
0.035143988680952816
0.03439021193925861
0.03530199460348205
0.03472855600755925
0.03493640737963424
0.03441697626528282
0.035194076920493436
0.03559847977611604
0.03535469355703034
0.03632314036778725
0.035796348724146
0.035271021319681545
0.0363594460866328
0.03496456219376555
0.03609917797223137
0.036911013715191836
0.03731224171299507
0.036737503802416624
0.03660399415283303
0.03650059519823091
0.038034391671762674
0.036604520968552864
0.0370461223537932
0.03707140582871986
0.03694587786913714
0.03716745904754165
0.037486602290014874
0.03797047342843901
0.038243037623788174
0.03907426316283032
0.03838760685941122
0.03862644672060899
0.04038550630893311
0.041282314507498884
0.040437705995939224
0.04050204991468101
0.04211351297684108
0.04330212898311987
0.04453849047001727
0.04369778864047194
0.04333851247932834
0.04426457991304887
0.04412213237137345
0.044350449934573134
0.04416190413894129
0.04389363205701579
0.043308190958333055
0.04443404957222369
0.04402086094005368
0.044621565477454314
0.045037657175851516
0.04416503728090254
0.04464611153134482
0.044481754048611925
0.04404920212174442
0.0439154307953851
0.044439411774649266
0.0450435267155543
0.044189460932863536
0.04488121490201948
0.045271679283816375
0.04568587505061515
0.047102787455658254
0.04658018411551443
0.04711530942812032
0.04677051124392596
0.04527489927543056
0.04641456597044777
0.046303526750974384
0.04616948455850955
0.046019454941129245
0.04580112110935823
0.04615906698876235
0.046069819042466306
0.04620959244364381
0.045982689864913474
0.04643990717674222
0.045668450475327235
0.046106214347767994
0.046763596553904774
0.04701977947720559
0.046697459581798426
0.04669904798650523
0.045952921739828075
0.0472654872610815
0.047130559854277054
0.04692037992237073
0.04631098011250714
0.04716943716287915
0.04740523618791487
0.046529886270884474
0.04687938724627151
0.04633074350258768
0.04755745796365728
0.04739279902182217
0.045970441057620964
0.046560544523667494
0.04682186194873023
0.04508764937442837
0.046527685921576856
0.04709902903196175
0.047301349175767324
0.047456336726998866
0.04741936106989488
0.04754973215292784
0.04620627412396125
0.04760745757515462
0.04860421339569276
0.04761533690602291
0.04758126386409665
0.04745395215682576
0.04692003709117726
0.048549311464213006
0.047802074570852185
0.04715835102656987
0.04837107851696224
0.048360302723043834
0.049144510207523265
0.04773772456088993
0.04871228055226795
0.0489178346245668
0.04902385054263743
0.04918537772125817
0.04852792801049346
0.04885281811495821
0.049278219961415924
0.04866459174068158
0.048861119682999755
0.04880556052606941
0.04995732106146975
0.04956563309055921
0.04865992619938247
0.04919336211834519
0.04858922734993899
0.048671734283688546
0.04909943638351411
0.0485908708708262
0.04847257534278767
0.04836489801270361
0.04910691878146122
0.049526440751663126
0.04809856029195408
0.04899805119235313
0.048564775424134
0.04968836219668295
0.04958874302291983
0.049254678254921164
0.04859029655059335
0.049125945719789677
0.04908224896089435
0.049632679237437846
0.04824732938466707
0.04941588112502017
0.04837142583466139
0.04887710115209597
0.0485989628773903
0.04870273310721184
0.04948131150471671
0.04921162506020811
0.048410477529065535
0.04877813539679284
0.048575973903573925
0.04960474793427005
0.048950980256420286
0.04873107705862594
0.047729202631995024
0.049401875991306604
0.04906434275058409
0.04955864919769777
0.04982623073893578
0.048968792708092915
0.04813885118757876
0.049015570341471026
0.0486501713230571
0.049351541886112564
0.0489252849637092
0.04988970808987954
0.049255858742291304
0.048966808447136405
0.048466222304737
0.0491356150999581
0.04857661182965241
0.049454162500595436
0.04855435291775603
0.04827627928399684
0.04954098512777211
0.048377067872239395
0.04935358762578324
0.04964720239017118
0.04909787404790091
0.04847803877763815
0.04860799771364871
0.04858417105963062
0.048703854886029845
0.048881012366140314
0.0489672038159962
0.04920981485967978
0.048922646834121425
0.047765300453259794
0.048093599174752366
0.049585403510144045
0.04855705636208779
0.04912594565788482
0.04812954618623867
0.048532914858040684
0.04922882254135862
0.04907052506941675
0.049452157407419185
0.0492215142240413
0.04936284944176499
0.04927810208455322
0.049326939941203456
0.048047161860683245
0.048624954583610644
0.04870067092962893
0.04868779073147623
0.04907478319836885
0.04895004626623284
0.04980405882588093
0.048387363585908096
0.048947915109893686
0.0486440060556459
0.04966385237709362
0.049346573645792216
0.050029183026364894
0.04951318789418632
0.04978197500559525
0.04887897016471214
0.04958750240054712
0.049405927920713334
0.04951969702270426
0.04853695200935481
0.04909018982284465
0.04852326275232058
0.04842144267734243
0.04806689811842753
0.05044869344927477
