-0.020613716554091308
-0.00801623181637793
-0.0034254662079152834
-0.0026079845403213196
-0.0015518874695058594
-0.00113061508984375
-0.0013999869942151184
-0.0007818406157493592
-0.001119366504033783
-0.0005767202629508972
-0.00042069007053540037
-0.0005614337951894531
-0.00020691474089694215
-0.0004334162004648437
-0.00027520452056002806
-0.00037282795724487305
-0.0002829868242890625
-0.0006836052722629394
-0.0003017531089327698
-0.000367762902279541
-0.00017456545400619506
-5.971231945703125e-05
2.491434416168213e-06
-8.66769681640625e-07
5.643451391937256e-06
1.4567425052185058e-06
-6.9695211824646e-06
-3.7524007339782717e-06
-2.96768775390625e-07
2.549818781982422e-06
2.6381930622253417e-06
6.1784321796875e-06
9.314847101959229e-06
7.034344089508057e-06
1.1660419234100342e-05
7.037809318704224e-05
3.307852279165649e-05
3.062626007080078e-06
7.675510756176758e-05
7.822515487670898e-05
6.45179554223938e-05
9.157344388961792e-05
0.00010246011581469726
0.0001043980317223816
2.4232852366729737e-05
2.3658451499511717e-05
5.466233512524414e-05
8.908003509521485e-06
2.032183696508789e-05
0.00012185396548129272
0.0005426781755905457
0.000201666306157959
0.0004191633148161621
0.0006563032744735412
0.00042605557552719117
0.0010136043965376892
0.0009669874229431152
0.0005998828904890136
0.0006101006684411316
0.0010860327794635924
0.0006937865850486756
0.0004335470923005371
0.0009512394406330566
0.0006692631583557129
0.0009378029447539062
0.0005085562428566895
0.0009563969093027343
0.0006598444127373352
0.0008769552445373535
0.0008489218243889465
0.0010119232529865723
0.00186591636084375
0.001083299568859375
0.0010761441751999206
0.0011361526517204895
0.0012650796542663574
0.001571111930847168
0.0010147715359414063
0.0015609141693083495
0.0008714956075485535
0.0007939616513730469
0.001190288545150177
0.0010783564251970214
0.0013637321192306823
0.001500412715629486
0.0013579729438362121
0.0010733606855471496
0.0012224463822556458
0.0009161091751289063
0.0011435172726643066
0.0012462275279668884
0.0018920875969122009
0.0024019686619839785
0.0023686413557014465
0.0026866170043945313
0.0023599280438483887
0.0017713535516523438
0.0021916204785439454
0.001378275280368805
0.0025825778608574218
0.002897787232001373
0.0019765721883702697
0.0024181448396022646
0.0020389994617700503
0.003474975690811859
0.0031195270070958556
0.0012114555983728332
0.002278562074859894
0.0025921515078544616
0.003931676102856781
0.0022778303818359377
0.0025569341754230653
0.00323367204604776
0.002447509158290863
0.0021384324910201113
0.0025161653050713197
0.003936688884182373
0.003934457258848602
0.002711550753978058
0.0036469876301089784
0.003441224379058838
0.004110558519836426
0.0037140143253604433
0.0030946713768894045
0.004531901726139069
0.003660888266497101
0.004494643925593994
0.004661467778424408
0.005669074434753418
0.005337189156535156
0.006220641105345215
0.00502472412374414
0.005405075791286133
0.005958531146389557
0.00433461396221167
0.0055723225325660704
0.005247917444792725
0.00445066934569632
0.006194754925732178
0.006274124013608154
0.005700611918799835
0.005926126307699951
0.005536015318298828
0.006178987823201416
0.005838480370138428
0.007157212286836182
0.006778943000553131
0.007085569083792633
0.006356954931032318
0.0063197664286178895
0.008077798940185546
0.0064053869932471615
0.005440763225939423
0.008195345310073975
0.006974073152855469
0.0068429085712347106
0.006720795064417481
0.007716857756060547
0.006131737497823242
0.007929404982237273
0.0068654283714294434
0.008250434035972504
0.007439135396008057
0.008163886288841064
0.007381792187261719
0.006683894551983856
0.008757946872243622
0.007247338907718659
0.00563126336776236
0.008367979666306641
0.008443196885199188
0.0069652039019150085
0.008461009159968995
0.00825039026027298
0.007948028339942048
0.00788260028076172
0.008978754224353791
0.008214417093770509
0.008040070613861083
0.008740238315445069
0.009577060219335694
0.009004213025799774
0.009746009427633453
0.00654885209785669
0.006069181238667969
0.009119575103018555
0.010097213251607421
0.008342270165297577
0.009454646401604492
0.009407110938097412
0.007030252999792969
0.009103022837235596
0.009822046209940673
0.00791962469795459
0.009388122106339844
0.010615719139923097
0.008874400925552734
0.008596802655741058
0.008975969030117034
0.009099109031359374
0.008060514044506074
0.011536110424566407
0.010699783951691405
0.010007662502307708
0.008210536064672607
0.009660729310921112
0.0096936500786438
0.011464469891013672
0.012169505066337159
0.01120597575380307
0.01077116396302414
0.009729617100914795
0.01146447335104956
0.010581479128602082
0.010138831007322663
0.010191538656165039
0.00962326233659375
0.011635945216583251
0.00897597134551065
0.0096193907513042
0.00945467215715039
0.01120818488045581
0.010269476371023926
0.008558674362182618
0.009517673491017823
0.01120818488045581
0.009036852743347442
0.010071479884521485
0.010380568787040283
0.010312661977335297
0.011418499231342681
0.0096193907513042
0.011040868046226074
0.010280021787105468
0.011214760154754639
0.010254154918138214
0.008916551249023437
0.011397040415360596
0.009661849346580077
0.009703308038316254
0.009962577645229004
0.010229169574452636
0.009267383101375
0.009684810676107148
0.009623288161678711
0.009619394211340088
0.010006050086395263
0.011349632426662842
0.007209430437744141
0.010009903834254638
0.010424119875152862
0.011258199369617462
0.011511063222494294
0.012096883340090668
0.010380572247076171
0.012395685764868805
0.011584033916998047
0.011389908168792725
0.010246196870412994
0.009770164388660798
0.009793859072225098
0.0102490186458826
0.010586484893246094
0.009304900009277344
0.011656160861651122
0.010745397612111572
0.011775922607601288
0.009732589358989716
0.010254105143070222
0.010541347956569093
0.011397014555470947
0.009821983750894287
0.010169725319338623
0.007924210753456635
0.011730253152817475
0.010561693011623931
0.010507444224826874
0.009374034344103485
0.011730214467257416
0.00980050961907251
0.010566780977022308
0.009762167687844757
0.010626702024069
0.011345759303466797
0.010116879963965058
0.008660947291778565
0.011467897861812591
0.010903644563679107
0.012827310428050324
0.011582884951892853
0.012542989245947541
0.010136031488591034
0.008814993566249847
0.010311940339004884
0.010785346127426513
0.012395666437153228
0.011040854237898926
0.008077739685477783
0.012855222123345215
0.014074764653395019
0.014851384958271393
0.012653471929273408
0.010877865875423554
0.013297351628502686
0.015021937353832246
0.012245669618610748
0.014180491073608399
0.013477324185892425
0.013038982450664092
0.013352921667596832
0.012984219468048829
0.013216379693989167
0.014292226099018463
0.012250790941736237
0.014514182868388459
0.011423703414384551
0.011756647259644287
0.015134717389449218
0.013828151448340058
0.011971063035532319
0.013833256866240203
0.013478467388572266
0.01120821063600171
0.012445941138011932
0.012397896486320557
0.012932521275719483
0.015282418523033936
0.013756156695520752
0.011094154161951081
0.014072597460417205
0.010425251439021729
0.014848635732192413
0.013374227331480377
0.014803643593986329
0.012270589380962371
0.013192410309980713
0.011276516272289277
0.01182726714585495
0.01093184203928714
0.01383691584596289
0.009424091194772003
0.010882866794448975
0.010165840566261079
0.012913378611833984
0.012397896486320557
0.014491451143037933
0.01429230377173233
0.009985906061870576
0.012047592584186554
0.011352594694324493
0.01460027393409375
0.013722722350789307
0.011829543984142578
0.01485359572334131
0.013506671265204499
0.0160182356469747
0.012798871907755218
0.015923959912830354
0.015517386911869048
0.009419560623784911
0.013137947870952606
0.011805259139599853
0.01607273247965152
0.011305339629965912
0.013968754780878815
0.016284785069664794
0.012961303748580597
0.012810602154208008
0.0149906546044357
0.015162286043644684
0.012909734392353057
0.015112889774028778
0.015572843226837158
0.015395927027446746
0.01311191021981662
0.014828240915775299
0.014344747600734833
0.015253577622612794
0.014514207075089203
0.015170170477411286
0.014967181947099853
0.015686168632189454
0.014973758576591308
0.014322062027863281
0.014910358626068116
0.012701601134701172
0.014687238311282257
0.01005349209871997
0.014486314669993682
0.015024175454485108
0.01394154662913089
0.01346706794419217
0.014710242637990997
0.01277826396075
0.013911612641995606
0.012219180088924073
0.014154684448798248
0.014047548844341796
0.015107698725444794
0.014491434600615204
0.011325945571350098
0.011349606601577881
0.014408093833645354
0.013114128923909668
0.013379392798845001
0.014941667399856232
0.01265065056554834
0.014018023778885589
0.0114950924782753
0.010882879698293213
0.012902881637573242
0.014435913175769807
0.012858177779873383
0.013747324095091218
0.014045288095444428
0.01175670526830713
0.013489023211110108
0.01288388495874405
0.014156927397267823
0.014967143365875244
0.012646784410264404
0.013855183576902741
0.011783828562259674
0.011231701006801025
0.012880986372859376
0.014045283246570587
0.011660042353541749
0.015109949721248047
0.015141491266429474
0.01454725641222812
0.014211845335500245
0.015605094508963715
0.011927101561086182
0.015638019337828126
0.014893060615055145
0.015543663622395997
0.012650637644307617
0.015340241591365234
0.015081281361769044
0.015196069288804199
0.012982031293445587
0.014242307728162202
0.015433847500671387
0.013405708215436737
0.014910352167623047
0.013615512602345947
0.014384029290644288
0.01361552552358667
0.012272846830861573
0.010952065039337159
0.01337645735043335
0.013429331758992675
0.01469099445421289
0.01571943217454541
0.012394047684240479
0.014245987290556397
0.01290679801940918
0.011752811317968506
0.01670999196118164
0.011927133896832032
0.013036100417048828
0.014910352167623047
0.011832541498378753
0.014402972724300933
0.012599823580281739
0.014099893732769013
0.014460760656907226
0.014375227762541168
0.013675651326353516
0.013480084778994476
0.013963543134181732
0.012958343533705077
0.015024175454485108
0.01610474632486914
0.015081332872884278
0.012549120047973632
0.014575154672801544
0.013295123189181244
0.01396363024474118
0.01613473401628125
0.016013084695071136
0.015076307486058014
0.011516105223252441
0.016134746920125488
0.015985576016771485
0.01187596470117569
0.01689438922233423
0.012930312149066743
0.014853621444152832
0.01350501936352539
0.01499182675721875
0.01319244247184961
0.013297383833796875
0.014408160358267913
0.01356214355327368
0.012982036142319428
0.01274765008401944
0.012454890729949951
0.011714944226135254
0.012494761476989746
0.013353012840619476
0.012425947105791717
0.0116907896015
0.01572606448677295
0.012904530790299164
0.012480014210875
0.012784900197203125
0.011730277453762603
0.015401201379970551
0.0155211245624375
0.0112787866434292
0.015541469256997101
0.0143803434548378
0.012901752350223542
0.015109956175343994
0.013065029941907318
0.016015306706360595
0.013427117915087189
0.013192455367
0.014743602821056367
0.009926062549939545
0.012606432620203369
0.016224675337703123
0.013192461821095947
0.01366900219475
0.012105821772206298
0.015807779298017823
0.014129521585958009
0.018124327297567414
0.01137331348363916
0.01493490895080249
0.01625472130570996
0.016925308222682373
0.015454057681240082
0.013702510266719727
0.018321322199361327
0.015138635075298584
0.01708023602662671
0.019553018217580324
0.017080268318859376
0.017736282837474884
0.016987207737927
0.016496471787798096
0.021123987075390867
0.01646617360020117
0.016345140024735597
0.01784371929851758
0.018911613091559053
0.018520335644152314
0.015985537435546874
0.01754686089266968
0.01601534533968677
0.015746646707853668
0.01635168178601367
0.016832837906841796
0.017869109413009766
0.01739954795534204
0.014797073409896973
0.01767763000363159
0.017897288177909424
0.016412120903445314
0.01796533682365259
0.016074962524276856
0.01851742877474536
0.015024175454485108
0.01845190301028003
0.017173649032455565
0.018319079250891754
0.01793327425329248
0.017325085583293976
0.017171428674274444
0.01677130765138257
0.016863636708263918
0.015744985779227783
0.01755366300148172
0.017516891456136444
0.01915062833732767
0.01888351944323398
0.01783720759275
0.016526917110443115
0.01714248650981665
0.015837398541454835
0.018256260332601075
0.018913870587078368
0.02007054539086789
0.018916801418652925
0.016738401032978058
0.017709425137865234
0.01838264366543579
0.0162508531804563
0.01874576880833505
0.016830528838604218
0.017802951865909578
0.019217732667696136
0.018585958526126007
0.015719451536834718
0.01673837684510422
0.018618890134990265
0.01625247193336905
0.019692232089511017
0.01891158892250479
0.017648757755001555
0.015027053850671783
0.018947145434082033
0.017482479882930755
0.0181566992747612
0.018778856843524934
0.01865193545897592
0.016560203174975068
0.01652460156199289
0.01761410902349512
0.01686140513182614
0.01592396961434781
0.01809203239442807
0.016015313134392577
0.01878775104291699
0.018191314072808107
0.02037851510944681
0.01649646534674072
0.01708021027108081
0.02038377627929007
0.01904498889543515
0.020067665176254395
0.017866864866954803
0.016802102589044677
0.01822154915341818
0.018717901785339996
0.01905388722832544
0.01767764293357495
0.019251356151365938
0.021055330932323455
0.018953841530276124
0.018887242607940675
0.020872010327869416
0.020202573298368165
0.01793324198280542
0.019769170550473725
0.020049849228759766
0.021590698414892792
0.021014481677395416
0.017580117637990996
0.022633227667439453
0.01819433625395883
0.021848343411175048
0.019114189886643554
0.02010233863926367
0.01999630291089499
0.020139916259233184
0.020523825225615203
0.018223774356704834
0.02120230911023877
0.020945435729695556
0.014884981890342742
0.017837129646984376
0.016141376702482665
0.019964057993485596
0.020030900172904875
0.021337333727770295
0.02151806417119412
0.02077069452144815
0.017055910128245116
0.02013990795106125
0.019795058450885774
0.016987130314759034
0.02049709381928372
0.02273534819881787
0.020063835321899415
0.0218596566331362
0.019627785813882567
0.01774131652776758
0.01917623651649417
0.0190116324534509
0.020770744178268095
0.019043366051601073
0.020589094275960663
0.021775171162334718
0.020213080564812257
0.02151646545879712
0.017657020865654266
0.017720637269902376
0.02101965265058615
0.01875926618231314
0.020387387137682372
0.020348770481458098
0.02258910444327954
0.01982641309425
0.023006493327562043
0.017744228901972563
0.02240901020963452
0.018953789522484374
0.0215269762505188
0.020239013568264557
0.022043227866476167
0.020620786224058593
0.021418349978601807
0.022376407756664277
0.018458674610670897
0.021459116770267486
0.020981034054485596
0.021490747541740966
0.019598231913780486
0.021227719404693604
0.021069370774072022
0.018847412083355223
0.020345872050954103
0.022558295342315675
0.019413421507749266
0.021592975337982177
0.024474376579675782
0.022297454016045166
0.020310964568806884
0.02192834179442969
0.023576900611877442
0.02184446730318994
0.021884990944591797
0.024042316816986084
0.019145501826999665
0.020591299975097656
0.021229353182949065
0.023196543250743867
0.022286925903320313
0.021520349009914796
0.02020646883392334
0.02236508741875537
0.02270162965649414
0.019998547476470948
0.022976933796296294
0.023003512761315185
0.02094830923568228
0.022105679265221435
0.02424927249944406
0.019451154116170412
0.02049692920254904
0.022517167103197722
0.02097876688005429
0.018356852946702668
0.02236802649345651
0.021778077069392
0.018681934618652345
0.021484103453338625
0.02155660946932544
0.02105242966938452
0.02094832584709329
0.020411867259661376
0.022203129318282805
0.018627245399834687
0.022520927625253418
0.017455937544734373
0.02357463823541104
0.023314816992390627
0.02262948162948111
0.022976933796296294
0.021055355871643706
0.019285068535235077
0.023349366514649077
0.019696060888875
0.02167681692650235
0.018721541924305665
0.02032214362371164
0.023123977178503907
0.019998560406414307
0.02077905362558365
0.02024411809578195
0.020202580272671387
0.019381189086345
0.01869864207072583
0.018097255369373323
0.02192834179442969
0.021705126651602874
0.02059426870555496
0.01816564886669922
0.02259197718667984
0.019891273341552735
0.02301479496445584
0.019248540630055665
0.021088168709484375
0.020809925492837646
0.0170832407900314
0.023086017204714843
0.02150081090541211
0.020850015598155976
0.020217788130887544
0.015401193027336944
0.023626623095528168
0.024842785433983123
0.023613208651699066
0.024516804983582184
0.023738039921236815
0.02091276045011618
0.02105905827100537
0.019960158034125
0.018350043882751955
0.02202812187194507
0.023773019968475983
0.02094830923568228
0.02258911091478076
0.026757038268881927
0.027390784916987213
0.024874509100578278
0.020515951061618805
0.02403847460023877
0.023341410452835602
0.02613303196441153
0.02560387405315625
0.027425463442047392
0.026925011119338652
0.026050538030397554
0.023967247520153046
0.02502938370052719
0.02515209261599292
0.018876731816218992
0.026933257191646576
0.029845318186304107
0.027607992600991945
0.028207875153651033
0.029615346388487274
0.027394520558908203
0.02794526122241211
0.018911642218746184
0.025109663828214997
0.030393370760055907
0.02583840481185913
0.029755315601697356
0.02841762622603433
0.027013008963854248
0.027942990699300507
0.030572750461417327
0.02864803035875952
0.03230779579757388
0.03121871781105203
0.031211898338317872
0.029840245295458284
0.03303845857229886
0.03177671602494922
0.02760429020163028
0.03063229550265503
0.02803159208575
0.03066811191860425
0.028812293121517302
0.029710386797569304
0.031215775904195314
0.029887587077541748
0.025799133910519197
0.03306322767534961
0.02756153233702768
0.02794811523543814
0.03206260865637271
0.030776742631531708
0.032825280307554904
0.03244256194473551
0.0321019636588912
0.025968333898987457
0.02899389939185742
0.03084555094011035
0.03070521604379117
0.030659298766476228
0.03084843378398099
0.02388425798603891
0.029307608027122466
0.028905555358601807
0.029126782198445802
0.03191799339390235
0.02101094485269165
0.024516813306561493
0.02304446318419565
0.03034795157493091
0.028735857567263674
0.029355806906969484
0.03047828548007202
0.03153716639826694
0.03135151662752417
0.03393992938600171
0.028161545206563478
0.03145156466842856
0.03433068230192188
0.028993892924709715
0.02841878564730615
0.030618578859082243
0.027260364677820313
0.031402046272277835
0.03267463004091015
0.03589527555033841
0.02957047938211734
0.03518974157064673
0.03340014989391708
0.034098629504673066
0.02921563481767383
0.03483200947466602
0.034233357889145596
0.03172747884266897
0.033890853794781
0.03253111829653711
0.02985363924715451
0.036308585050044924
0.03497832400778833
0.03107660596534375
0.03631313415944772
0.035946339775433926
0.0338973916866377
0.0355343407732529
0.030843296667069184
0.0298905493452034
0.03267626943104788
0.03579051165730005
0.03281855279483032
0.031074358163803804
0.02828964515687924
0.03311157163715796
0.031940994642896695
0.03302616875259891
0.030802351097490938
0.03477984192577743
0.033946530609375
0.031819859938421874
0.03215733397164151
0.03428278368814761
0.035135769968475984
0.03398913641357422
0.03301273302133853
0.03088940730771506
0.0315399426978439
0.03463242972169507
0.03302152291463403
0.03383676010149777
0.0333499109453125
0.03349969525596265
0.03448620595497293
0.032255881352975586
0.03173627065416968
0.03168048895969705
0.03315604525525
0.03267626943104788
0.03538776027464011
0.03508036955995932
0.03168565857668735
0.030071372865450044
0.03239190052358667
0.028996830223431976
0.03335373248787769
0.031083185253926025
0.03272934658784103
0.034530714120835054
0.03666572717637253
0.033643811187386505
0.033308239120324004
0.031971742928333984
0.0261000895465632
0.03316285004660098
0.02966246609441797
0.032868274356044766
0.032916372182816254
0.032249298204410644
0.03463909317238672
0.032541635953500486
0.0323420957257308
0.033111539301412106
0.030569805755615236
0.03423854484030216
0.03350629527595752
0.03388696030692163
0.031638862081301664
0.029082475246429443
0.03418621291801099
0.0313117828710853
0.03672127761308569
0.033256724216323974
0.030435465006317778
0.03345763393484497
0.029665461723168245
0.033995727379972904
0.03135318106795285
0.03413974042749405
0.03340239120960669
0.03066817421208667
0.032674612645076415
0.03224927220506787
0.03215211855157315
0.030478194848406005
0.032249201066362546
0.03229962990608468
0.031120723093920197
0.034291656418974366
0.03533433326816992
0.03158898484677124
0.03220177088491479
0.03135320059181101
0.031539947554258756
0.034083697343614015
0.03168052773564383
0.03534087890001929
0.03130655640085513
0.03443660842723465
0.02785896559399414
0.03384176747027148
0.031129608271229736
0.03135315674813687
0.03220179677963257
0.03330817247718973
0.02856050706925
0.029530858462993623
0.03428510442541895
